type,id,mac,rssi,rate,sig_mode,mcs,bandwidth,smoothing,not_sounding,aggregation,stbc,fec_coding,sgi,noise_floor,ampdu_cnt,channel,secondary_channel,local_timestamp,ant,sig_len,rx_state,len,first_word,data,class
CSI_DATA,61956,1a:00:00:00:00:00,-37,11,1,0,1,1,1,0,0,0,1,-98,0,11,2,831846041,0,44,0,384,0,"[0,0,0,0,0,0,0,0,0,0,0,0,-11,-4,-11,-4,-10,-3,-10,-3,-10,-3,-9,-3,-9,-2,-9,-2,-8,-2,-7,-2,-7,-1,-6,0,-6,0,-5,1,-4,2,-4,3,-4,4,-4,5,-4,6,-4,7,-5,8,-5,9,-6,9,-6,9,-6,10,-6,10,0,0,-6,10,-6,11,-6,11,-7,11,-7,11,-8,11,-8,11,-9,10,-9,10,-9,9,-8,9,-8,9,-8,8,-8,8,-8,8,-7,8,-7,7,-7,7,-7,6,-7,6,-7,5,-6,5,-6,5,-6,5,-6,6,-6,5,0,0,0,0,0,0,0,0,0,0,0,0,0,0,21,65,19,58,22,56,20,58,20,58,17,54,18,51,25,53,28,44,20,45,18,40,23,40,24,37,21,29,19,34,20,23,19,21,25,17,26,5,28,0,34,-6,38,-8,45,-10,47,-11,51,-13,58,-8,59,-10,56,-9,66,-7,57,-10,65,-13,65,-13,66,-9,69,-19,70,-12,70,-8,73,-12,72,-3,69,0,77,4,69,0,67,1,65,4,65,-1,66,3,58,2,59,7,61,5,51,6,52,7,47,6,43,9,45,7,44,4,41,5,42,1,44,9,0,0,0,0,0,0,0,0,0,0,0,0,0,0,0,0,0,0,0,0,0,0,-28,-42,-24,-42,-23,-45,-22,-44,-21,-46,-20,-44,-20,-50,-20,-46,-18,-55,-20,-54,-17,-58,-17,-58,-11,-62,-7,-63,-9,-58,-5,-55,-11,-55,-13,-54,-13,-54,-11,-55,-8,-54,-5,-49,-7,-48,-8,-40,-8,-40,-13,-38,-19,-39,-20,-38,-25,-42,-26,-39,-26,-35,-26,-32,-23,-33,-30,-31,-33,-30,-32,-28,-30,-29,-33,-24,-35,-23,-40,-17,-42,-12,-40,-15,-39,-9,-48,-13,-49,-10,-54,-5,-49,-7,-53,-7,-53,-5,-56,0,-50,1,-52,3,-54,5,-46,8,-53,15,-56,19,-61,19,0,0]",1
CSI_DATA,61957,1a:00:00:00:00:00,-37,11,1,0,1,1,1,0,0,0,1,-98,0,11,2,831856019,0,44,0,384,0,"[0,0,0,0,0,0,0,0,0,0,0,0,-1,-12,-1,-11,-1,-11,-1,-10,-1,-10,-2,-10,-2,-9,-2,-9,-2,-8,-2,-7,-2,-7,-3,-6,-3,-5,-3,-4,-4,-3,-5,-2,-6,-2,-7,-1,-8,-1,-9,-1,-10,-1,-11,-1,-11,-2,-12,-2,-12,-2,-12,-2,0,0,-13,-2,-13,-2,-13,-2,-14,-2,-14,-2,-14,-3,-14,-4,-14,-4,-13,-5,-12,-5,-12,-5,-12,-5,-11,-4,-11,-4,-10,-5,-10,-5,-10,-4,-9,-4,-9,-4,-8,-4,-8,-4,-8,-4,-8,-3,-7,-4,-8,-4,-8,-4,0,0,0,0,0,0,0,0,0,0,0,0,0,0,-48,45,-50,34,-46,43,-41,41,-45,41,-45,41,-42,32,-38,33,-34,33,-34,33,-32,35,-29,29,-29,30,-20,28,-19,28,-13,27,-12,28,-4,23,4,22,2,29,11,27,15,29,22,33,20,38,23,42,28,45,29,48,29,51,30,52,36,56,32,54,29,56,31,58,35,59,36,62,38,63,31,67,25,69,24,66,23,65,18,66,14,59,16,62,17,58,17,54,15,56,17,52,14,53,11,50,11,48,8,49,6,43,7,40,8,44,9,40,12,40,5,40,0,0,0,0,0,0,0,0,0,0,0,0,0,0,0,0,0,0,0,0,0,0,18,-43,26,-40,30,-41,25,-40,27,-38,29,-40,33,-41,33,-40,33,-41,38,-43,43,-42,41,-42,45,-41,44,-36,47,-33,45,-33,44,-32,43,-35,42,-30,42,-29,41,-24,38,-24,36,-26,32,-24,29,-26,27,-33,28,-31,27,-32,25,-34,21,-37,20,-35,19,-35,19,-38,13,-38,13,-37,11,-44,12,-37,5,-34,6,-37,-2,-38,-2,-42,-7,-45,-11,-42,-8,-46,-21,-45,-7,-43,-10,-45,-18,-44,-17,-44,-22,-43,-21,-40,-25,-43,-30,-39,-35,-43,-36,-40,-39,-43,-38,-47,0,0]",1
CSI_DATA,61958,1a:00:00:00:00:00,-37,11,1,0,1,1,1,0,0,0,1,-98,0,11,2,831866018,0,44,0,384,0,"[0,0,0,0,0,0,0,0,0,0,0,0,10,-4,10,-3,10,-3,9,-3,9,-3,8,-3,8,-3,7,-3,7,-3,6,-3,5,-4,4,-4,3,-4,2,-4,1,-4,0,-5,-1,-6,-1,-7,-2,-8,-2,-9,-2,-10,-2,-11,-2,-11,-2,-11,-2,-12,-2,-12,0,0,-2,-13,-2,-13,-2,-13,-2,-14,-2,-14,-1,-14,0,-14,0,-14,1,-14,1,-13,1,-13,1,-12,1,-12,0,-12,1,-11,1,-11,1,-11,1,-10,1,-10,1,-9,1,-9,1,-9,1,-9,0,-8,1,-8,1,-8,0,0,0,0,0,0,0,0,0,0,0,0,0,0,-59,-35,-59,-30,-59,-34,-55,-33,-53,-35,-52,-35,-52,-33,-50,-24,-49,-20,-46,-22,-48,-19,-36,-18,-42,-16,-38,-13,-41,-13,-32,-7,-29,-4,-26,3,-28,11,-27,15,-24,22,-25,28,-27,34,-30,40,-34,40,-34,44,-36,43,-39,44,-45,47,-42,50,-42,49,-42,48,-45,50,-45,57,-46,56,-50,55,-55,49,-56,50,-58,46,-62,42,-53,38,-52,39,-54,41,-51,35,-48,36,-49,35,-49,31,-46,29,-50,31,-40,22,-42,24,-40,21,-41,19,-38,24,-38,21,-36,22,-43,19,0,0,0,0,0,0,0,0,0,0,0,0,0,0,0,0,0,0,0,0,0,0,48,6,47,10,42,12,46,12,46,17,43,10,47,15,50,18,56,20,53,18,54,23,53,30,54,26,53,32,49,37,48,27,47,26,45,28,49,29,44,28,41,32,42,28,36,26,37,22,40,21,37,13,39,16,41,13,37,6,37,8,39,6,39,5,37,0,40,2,42,1,42,-5,38,-1,40,-5,39,-9,38,-19,40,-15,40,-21,42,-29,39,-23,39,-29,40,-27,39,-32,41,-32,38,-34,39,-36,34,-38,28,-35,34,-42,25,-42,27,-51,27,-57,29,-59,0,0]",1
CSI_DATA,61959,1a:00:00:00:00:00,-37,11,1,0,1,1,1,0,0,0,1,-98,0,11,2,831886011,0,44,0,384,0,"[0,0,0,0,0,0,0,0,0,0,0,0,-8,8,-8,8,-7,8,-7,7,-7,7,-6,7,-6,6,-6,6,-5,6,-4,6,-4,5,-3,5,-2,5,-1,4,0,4,1,4,2,4,3,4,5,5,5,5,6,6,6,7,6,8,7,8,7,8,7,8,0,0,7,9,7,9,8,9,8,10,8,10,8,11,7,11,6,11,6,11,5,11,5,10,5,10,5,10,5,9,4,9,4,9,4,9,3,8,3,8,3,7,2,7,3,7,3,7,3,7,3,7,3,7,0,0,0,0,0,0,0,0,0,0,0,0,0,0,64,3,61,5,61,7,54,0,61,4,58,5,55,5,54,3,51,4,48,-2,43,-1,43,0,45,-5,40,-7,37,-4,29,-3,29,-15,17,-17,18,-15,14,-22,8,-30,10,-35,7,-39,7,-44,12,-49,8,-55,15,-55,18,-59,16,-55,12,-58,15,-59,12,-63,13,-67,12,-61,17,-70,18,-67,20,-73,21,-67,26,-67,27,-63,29,-67,30,-59,31,-58,25,-58,25,-50,22,-55,25,-47,26,-52,26,-48,20,-43,21,-39,21,-35,22,-38,22,-37,22,-37,22,-32,20,-34,0,0,0,0,0,0,0,0,0,0,0,0,0,0,0,0,0,0,0,0,0,0,-46,11,-46,8,-45,0,-45,2,-50,6,-46,6,-51,8,-50,4,-53,6,-58,-4,-56,-6,-53,-8,-57,-6,-56,-9,-55,-10,-49,-10,-51,-4,-53,-13,-53,-11,-53,-14,-51,-10,-47,-8,-47,-11,-42,-9,-41,-6,-40,5,-37,1,-36,9,-41,10,-39,7,-38,11,-38,12,-38,13,-35,17,-35,16,-37,19,-33,20,-32,23,-31,24,-30,24,-26,33,-24,34,-22,34,-27,41,-25,37,-18,38,-20,41,-20,43,-20,45,-20,49,-17,48,-11,50,-9,47,-9,51,-7,55,-3,57,-2,59,0,0]",1
CSI_DATA,61960,1a:00:00:00:00:00,-37,11,1,0,1,1,1,0,0,0,1,-98,0,11,2,831896029,0,44,0,384,0,"[0,0,0,0,0,0,0,0,0,0,0,0,-12,-5,-11,-5,-11,-5,-10,-4,-10,-4,-10,-4,-9,-3,-9,-4,-8,-3,-8,-2,-7,-2,-7,-1,-6,-1,-5,0,-4,1,-4,2,-4,4,-4,5,-4,6,-4,7,-5,8,-5,8,-6,9,-6,9,-6,10,-6,10,0,0,-7,10,-6,10,-7,11,-7,11,-7,11,-8,11,-9,11,-9,10,-9,10,-9,9,-8,9,-8,9,-8,8,-8,8,-8,8,-8,7,-7,7,-7,7,-7,6,-7,6,-7,6,-6,5,-6,6,-6,6,-6,5,-6,6,0,0,0,0,0,0,0,0,0,0,0,0,0,0,25,63,24,61,26,57,27,59,32,56,28,57,22,57,26,51,32,47,22,41,20,47,22,37,27,39,18,28,22,33,23,29,24,21,20,11,28,4,26,-4,30,-4,31,-9,40,-20,46,-17,43,-20,50,-23,50,-17,58,-17,54,-22,53,-21,61,-26,58,-24,54,-23,66,-31,63,-30,73,-24,69,-23,73,-20,73,-17,75,-16,63,-16,65,-15,66,-11,67,-14,62,-9,56,-12,54,-9,56,-5,51,-7,42,-10,48,-2,43,-5,44,-7,42,-10,40,-7,45,-7,45,-2,0,0,0,0,0,0,0,0,0,0,0,0,0,0,0,0,0,0,0,0,0,0,-21,-42,-20,-46,-15,-44,-14,-49,-15,-44,-14,-48,-17,-46,-15,-53,-16,-58,-15,-57,-17,-59,-9,-59,-11,-58,-6,-60,-4,-58,-6,-55,-9,-49,-8,-54,-7,-53,-5,-52,-2,-54,-4,-53,-7,-46,-9,-41,-7,-38,-15,-40,-16,-40,-13,-41,-21,-31,-21,-37,-16,-32,-27,-32,-26,-28,-28,-31,-30,-27,-30,-30,-31,-28,-34,-24,-33,-23,-41,-16,-39,-17,-42,-12,-41,-8,-48,-7,-51,-1,-50,-9,-51,-4,-49,-3,-56,1,-51,2,-52,5,-53,8,-57,12,-54,17,-52,20,-57,33,-63,27,0,0]",1
CSI_DATA,61961,1a:00:00:00:00:00,-37,11,1,0,1,1,1,0,0,0,1,-98,0,11,2,831906012,0,44,0,384,0,"[0,0,0,0,0,0,0,0,0,0,0,0,1,-13,0,-12,0,-12,0,-11,0,-11,0,-10,0,-10,0,-10,0,-9,-1,-8,-1,-7,-1,-7,-1,-6,-2,-5,-3,-4,-4,-3,-5,-2,-6,-2,-8,-2,-9,-2,-9,-2,-10,-3,-11,-3,-11,-3,-11,-4,-11,-3,0,0,-12,-4,-13,-4,-13,-4,-14,-4,-13,-4,-14,-5,-13,-6,-13,-6,-12,-6,-12,-6,-11,-6,-11,-6,-11,-6,-10,-6,-10,-6,-10,-6,-10,-6,-9,-5,-8,-6,-8,-5,-8,-5,-8,-5,-8,-5,-8,-5,-8,-5,-7,-5,0,0,0,0,0,0,0,0,0,0,0,0,0,0,-53,39,-55,41,-55,42,-58,38,-52,37,-51,37,-53,39,-52,38,-42,37,-40,33,-44,31,-38,29,-36,26,-28,29,-24,28,-25,25,-14,27,-8,22,-6,27,0,22,11,33,17,31,20,37,20,40,28,43,26,50,28,52,31,54,23,54,28,49,28,55,28,60,28,59,34,63,29,63,28,70,24,67,25,73,22,73,20,69,16,67,21,62,13,62,17,65,12,60,15,53,13,55,15,56,10,53,7,48,2,47,5,47,9,42,3,46,5,38,5,41,3,44,0,0,0,0,0,0,0,0,0,0,0,0,0,0,0,0,0,0,0,0,0,0,27,-40,29,-42,29,-33,35,-37,31,-36,27,-35,35,-33,36,-40,39,-40,40,-39,44,-38,48,-39,46,-41,49,-35,55,-31,50,-29,46,-30,49,-33,46,-29,48,-26,46,-24,42,-23,35,-24,35,-25,32,-24,29,-32,27,-30,27,-33,24,-32,21,-31,24,-34,19,-33,18,-35,15,-35,16,-37,9,-43,8,-42,8,-45,8,-44,2,-39,-6,-37,-8,-38,-11,-48,-4,-48,-11,-49,-10,-41,-10,-50,-15,-45,-18,-47,-18,-46,-22,-44,-31,-47,-26,-47,-34,-48,-37,-54,-43,-49,-41,-54,0,0]",1
CSI_DATA,61962,1a:00:00:00:00:00,-37,11,1,0,1,1,1,0,0,0,1,-98,0,11,2,831926015,0,44,0,384,0,"[0,0,0,0,0,0,0,0,0,0,0,0,8,9,7,8,7,8,6,8,7,7,6,7,6,7,6,6,5,6,5,5,5,4,4,3,4,3,4,1,4,0,4,-1,4,-2,5,-3,5,-4,6,-5,7,-5,8,-5,8,-6,9,-6,9,-6,9,-6,0,0,10,-6,10,-7,10,-6,10,-7,11,-6,11,-6,12,-5,11,-5,11,-4,11,-4,10,-4,10,-4,10,-3,10,-3,10,-3,9,-3,9,-3,8,-3,8,-2,8,-2,8,-2,7,-2,7,-2,7,-2,7,-2,7,-2,0,0,0,0,0,0,0,0,0,0,0,0,0,0,14,-78,14,-68,11,-71,12,-63,10,-68,13,-63,12,-57,12,-57,6,-56,5,-57,4,-50,5,-48,3,-51,0,-41,5,-37,-3,-37,-5,-32,-10,-26,-13,-22,-20,-16,-29,-19,-29,-14,-35,-9,-39,-14,-44,-20,-52,-14,-50,-21,-52,-18,-55,-18,-60,-20,-58,-22,-64,-24,-62,-25,-69,-19,-65,-25,-69,-28,-62,-27,-67,-32,-64,-38,-62,-36,-55,-34,-58,-37,-55,-31,-58,-32,-49,-35,-50,-30,-46,-34,-43,-30,-45,-32,-41,-32,-38,-29,-37,-25,-36,-23,-36,-27,-36,-23,-33,-23,-32,-27,0,0,0,0,0,0,0,0,0,0,0,0,0,0,0,0,0,0,0,0,0,0,4,47,-2,49,1,46,-5,47,-7,43,-2,47,-1,46,-3,50,-5,51,-3,53,-11,51,-11,59,-16,60,-19,49,-19,57,-16,51,-12,58,-18,52,-22,50,-21,41,-19,45,-19,39,-13,42,-13,37,-7,37,-7,39,-5,36,0,37,1,36,4,40,1,37,9,35,7,36,12,34,14,35,18,35,16,36,20,34,26,31,28,33,29,27,32,29,36,22,44,26,37,25,36,23,37,23,43,26,44,24,39,19,47,12,48,15,54,8,53,9,58,6,64,7,72,6,0,0]",1
CSI_DATA,61963,1a:00:00:00:00:00,-37,11,1,0,1,1,1,0,0,0,1,-98,0,11,2,831936147,0,44,0,384,0,"[0,0,0,0,0,0,0,0,0,0,0,0,-9,9,-9,9,-9,9,-8,8,-8,8,-7,8,-7,7,-7,7,-7,6,-6,6,-5,6,-4,5,-3,5,-2,5,-1,4,0,4,2,5,3,5,4,5,5,6,5,7,5,8,5,9,6,9,6,9,6,9,0,0,6,10,7,10,7,10,7,11,6,11,6,12,5,12,5,12,4,12,4,12,4,11,3,11,3,10,3,10,3,10,2,9,2,9,2,9,2,8,2,8,1,8,1,7,2,7,2,7,2,7,1,7,0,0,0,0,0,0,0,0,0,0,0,0,0,0,71,-4,74,7,68,5,70,4,66,7,66,5,64,5,59,-1,58,5,54,0,55,4,50,0,50,0,48,-3,44,-3,37,-7,32,-5,25,-15,20,-17,19,-17,14,-27,10,-38,9,-41,12,-42,13,-48,15,-50,17,-56,21,-59,19,-52,17,-61,18,-61,19,-67,17,-65,23,-65,22,-71,21,-69,24,-73,30,-66,32,-66,31,-62,34,-57,33,-55,33,-55,34,-52,29,-52,34,-49,33,-46,28,-50,30,-42,25,-41,27,-36,23,-34,28,-39,26,-38,24,-35,19,-35,26,-35,0,0,0,0,0,0,0,0,0,0,0,0,0,0,0,0,0,0,0,0,0,0,-45,17,-47,10,-44,6,-47,5,-49,6,-48,6,-47,9,-51,10,-57,5,-53,3,-56,4,-56,-1,-58,-3,-59,-6,-56,-6,-56,-4,-56,-12,-55,-6,-57,-6,-54,-10,-53,-9,-45,-14,-42,-7,-38,-10,-37,-7,-36,-2,-41,3,-42,4,-38,7,-34,13,-38,12,-38,17,-36,18,-34,18,-35,18,-37,23,-32,21,-29,19,-31,25,-25,27,-23,26,-24,34,-20,33,-27,44,-22,38,-19,49,-13,46,-18,48,-19,46,-15,48,-7,49,-5,50,1,56,-4,57,-7,64,3,64,-4,70,0,0]",1
CSI_DATA,61964,1a:00:00:00:00:00,-37,11,1,0,1,1,1,0,0,0,1,-98,0,11,2,831946040,0,44,0,384,0,"[0,0,0,0,0,0,0,0,0,0,0,0,-13,-4,-12,-4,-12,-4,-12,-4,-11,-4,-11,-3,-10,-3,-10,-3,-9,-3,-9,-2,-8,-2,-7,-1,-6,-1,-5,0,-5,1,-5,3,-4,4,-4,5,-4,6,-5,7,-5,8,-6,8,-6,9,-6,9,-7,9,-7,10,0,0,-7,10,-7,10,-7,10,-8,11,-8,11,-9,10,-9,10,-9,9,-10,9,-9,9,-9,8,-9,8,-9,7,-8,7,-8,7,-8,7,-8,6,-8,6,-7,5,-7,5,-7,5,-7,5,-6,5,-6,5,-6,5,-6,5,0,0,0,0,0,0,0,0,0,0,0,0,0,0,34,66,28,58,37,64,34,61,30,57,25,55,28,53,31,57,24,52,30,49,29,43,31,42,27,38,23,36,21,28,23,31,23,21,23,16,22,9,27,4,34,3,34,-7,42,-12,43,-13,51,-10,48,-13,55,-12,56,-15,55,-8,56,-15,62,-16,66,-17,62,-16,66,-19,64,-13,72,-12,70,-10,66,-10,76,-6,69,-4,69,-1,63,-1,61,3,61,0,55,3,58,6,58,6,54,4,52,6,49,5,46,3,41,2,43,1,39,5,42,1,37,1,43,4,0,0,0,0,0,0,0,0,0,0,0,0,0,0,0,0,0,0,0,0,0,0,-34,-33,-32,-35,-32,-33,-28,-37,-32,-32,-29,-37,-33,-36,-35,-37,-36,-41,-35,-46,-30,-48,-29,-49,-27,-49,-26,-49,-23,-53,-25,-52,-22,-50,-24,-51,-23,-53,-16,-52,-17,-49,-18,-43,-16,-42,-10,-40,-19,-38,-24,-30,-24,-30,-26,-32,-28,-25,-31,-26,-27,-28,-31,-18,-29,-20,-36,-17,-33,-17,-39,-17,-37,-13,-38,-11,-39,-9,-38,-6,-40,-5,-42,-3,-46,1,-44,-1,-48,10,-45,3,-44,5,-51,14,-46,14,-45,18,-49,21,-45,21,-54,25,-50,30,-53,28,-59,39,-58,36,0,0]",1
CSI_DATA,61965,1a:00:00:00:00:00,-37,11,1,0,1,1,1,0,0,0,1,-98,0,11,2,831956027,0,44,0,384,0,"[0,0,0,0,0,0,0,0,0,0,0,0,-2,-13,-2,-13,-2,-12,-2,-12,-1,-12,-2,-11,-2,-11,-2,-10,-1,-9,-2,-9,-2,-8,-2,-7,-3,-6,-3,-5,-4,-4,-5,-3,-6,-3,-7,-2,-8,-2,-10,-2,-10,-2,-11,-2,-11,-3,-12,-3,-12,-3,-12,-3,0,0,-13,-3,-13,-3,-13,-3,-13,-3,-13,-4,-14,-4,-14,-5,-13,-5,-12,-5,-12,-5,-11,-5,-11,-5,-11,-5,-10,-5,-10,-5,-10,-5,-9,-5,-9,-5,-8,-4,-8,-4,-7,-4,-7,-4,-7,-4,-7,-3,-8,-3,-7,-4,0,0,0,0,0,0,0,0,0,0,0,0,0,0,-52,55,-49,45,-55,51,-54,47,-55,49,-50,40,-45,41,-47,46,-40,36,-41,43,-39,36,-32,33,-30,38,-30,32,-27,30,-21,30,-16,27,-11,30,-1,28,-3,32,8,34,16,33,19,36,24,44,25,44,24,48,25,51,20,52,28,57,27,54,30,56,26,57,26,56,33,63,31,63,28,67,26,67,23,66,18,63,19,68,12,65,13,62,10,59,13,58,9,55,10,56,8,53,6,53,7,50,4,44,8,44,5,44,5,41,2,40,8,42,8,41,6,40,0,0,0,0,0,0,0,0,0,0,0,0,0,0,0,0,0,0,0,0,0,0,19,-43,20,-38,25,-42,27,-38,28,-38,23,-41,28,-40,34,-40,29,-45,29,-41,38,-39,42,-43,40,-43,47,-38,45,-40,37,-35,45,-37,41,-31,38,-34,44,-34,42,-27,38,-26,32,-28,30,-23,23,-24,26,-29,20,-31,22,-28,22,-32,13,-30,12,-29,14,-35,12,-32,6,-35,9,-36,5,-38,7,-34,0,-37,0,-40,-10,-39,-7,-34,-12,-41,-11,-43,-16,-44,-20,-43,-23,-41,-18,-45,-22,-45,-22,-41,-31,-39,-28,-33,-38,-38,-39,-35,-38,-43,-47,-42,-52,-43,-52,-39,0,0]",1
CSI_DATA,61966,1a:00:00:00:00:00,-37,11,1,0,1,1,1,0,0,0,1,-98,0,11,2,831966016,0,44,0,384,0,"[0,0,0,0,0,0,0,0,0,0,0,0,11,-6,10,-6,10,-6,9,-6,9,-5,9,-5,9,-5,8,-5,7,-5,7,-5,6,-5,5,-5,4,-4,3,-5,2,-5,0,-6,0,-7,-1,-7,-2,-8,-2,-9,-2,-10,-2,-11,-1,-11,-2,-12,-1,-12,-2,-12,0,0,-2,-13,-2,-13,-2,-13,-2,-14,-1,-14,-1,-14,0,-14,1,-13,1,-13,1,-12,1,-12,1,-12,1,-11,1,-11,1,-11,1,-10,1,-10,1,-9,1,-9,1,-8,1,-8,1,-8,0,-8,0,-7,1,-8,1,-8,0,0,0,0,0,0,0,0,0,0,0,0,0,0,-69,-27,-71,-27,-64,-24,-66,-21,-69,-25,-64,-22,-61,-21,-58,-23,-55,-13,-54,-25,-53,-15,-52,-15,-47,-14,-41,-9,-42,-11,-38,-6,-34,-2,-29,6,-27,7,-30,15,-24,19,-26,29,-27,31,-28,40,-29,40,-34,44,-41,44,-45,48,-43,44,-41,48,-43,48,-42,50,-41,51,-43,51,-45,53,-50,52,-52,49,-56,52,-57,44,-59,40,-57,40,-55,39,-57,33,-48,35,-45,31,-47,33,-44,30,-47,31,-44,26,-38,23,-39,23,-38,24,-35,19,-39,19,-36,17,-34,22,-38,23,0,0,0,0,0,0,0,0,0,0,0,0,0,0,0,0,0,0,0,0,0,0,46,1,46,3,48,6,46,6,44,10,47,10,44,7,48,11,52,12,55,8,52,21,54,20,53,24,51,22,48,22,47,28,50,21,49,23,51,26,49,29,39,29,45,23,36,26,33,16,37,16,33,12,32,8,36,8,33,2,40,3,32,1,33,-1,37,-4,36,-6,36,-6,35,-11,34,-13,36,-8,34,-18,31,-24,34,-27,26,-27,32,-32,30,-34,29,-35,29,-31,28,-30,24,-36,23,-41,25,-45,22,-48,16,-46,15,-51,15,-55,19,-57,15,-66,17,-66,0,0]",1
CSI_DATA,61967,1a:00:00:00:00:00,-38,11,1,0,1,1,1,0,0,0,1,-98,0,11,2,831976037,0,44,0,384,0,"[0,0,0,0,0,0,0,0,0,0,0,0,7,9,7,9,7,8,7,8,7,7,7,7,6,7,6,7,6,6,5,5,6,5,5,4,4,3,5,2,5,1,5,-1,6,-2,6,-2,7,-3,8,-4,9,-4,10,-4,10,-4,11,-4,11,-4,11,-4,0,0,12,-4,12,-4,12,-4,13,-4,13,-3,13,-3,14,-2,13,-1,13,-1,12,-1,12,-1,11,0,11,0,10,0,10,0,9,0,9,0,8,0,8,0,7,0,7,0,7,0,6,0,6,-1,7,-1,7,0,0,0,0,0,0,0,0,0,0,0,0,0,0,0,14,-80,11,-74,5,-70,9,-64,6,-70,4,-67,7,-57,6,-64,4,-58,0,-58,5,-55,1,-54,0,-46,-4,-50,-2,-39,-5,-38,-6,-33,-14,-28,-17,-20,-21,-21,-33,-22,-34,-22,-44,-14,-43,-17,-51,-25,-56,-24,-59,-28,-56,-29,-63,-33,-54,-32,-62,-32,-64,-32,-63,-34,-63,-32,-67,-37,-70,-35,-67,-41,-63,-43,-63,-45,-59,-42,-54,-39,-54,-40,-50,-45,-51,-42,-47,-41,-42,-35,-42,-38,-42,-34,-38,-36,-31,-35,-32,-31,-32,-27,-29,-31,-28,-28,-31,-27,-33,-23,-32,-27,0,0,0,0,0,0,0,0,0,0,0,0,0,0,0,0,0,0,0,0,0,0,8,45,0,50,1,47,-4,52,1,50,-5,51,-1,50,-3,47,-5,54,-6,58,-15,56,-8,58,-14,55,-21,55,-17,58,-16,56,-16,55,-16,56,-17,51,-15,51,-18,45,-20,43,-23,36,-16,37,-12,37,-8,38,-8,35,-2,36,-6,34,4,36,5,35,5,35,11,31,8,34,13,31,14,30,18,29,19,27,22,29,22,23,28,28,29,19,33,23,37,22,41,26,37,20,38,20,44,20,44,13,47,12,48,10,49,10,56,11,57,1,66,-1,69,3,72,0,0,0]",1
CSI_DATA,61968,1a:00:00:00:00:00,-38,11,1,0,1,1,1,0,0,0,1,-98,0,11,2,831996037,0,44,0,384,0,"[0,0,0,0,0,0,0,0,0,0,0,0,-12,-1,-12,-1,-11,-1,-11,-1,-11,-1,-11,-1,-10,-1,-10,0,-9,0,-8,0,-8,0,-7,1,-6,1,-6,2,-5,3,-4,4,-4,5,-4,6,-4,7,-4,8,-5,9,-5,10,-6,10,-6,10,-7,10,-6,10,0,0,-7,11,-7,11,-7,11,-8,12,-8,11,-9,11,-10,10,-10,9,-10,9,-9,8,-9,8,-9,7,-9,7,-8,7,-8,7,-8,6,-8,5,-7,5,-7,5,-7,4,-6,4,-6,4,-6,4,-5,4,-6,4,-6,4,0,0,0,0,0,0,0,0,0,0,0,0,0,0,38,53,38,56,33,54,36,48,38,46,42,50,34,43,32,39,39,36,36,40,32,37,34,32,30,31,30,28,31,24,26,18,30,14,31,10,29,8,27,0,32,-5,37,-7,42,-15,51,-15,50,-18,57,-15,56,-17,63,-19,63,-17,63,-17,59,-21,65,-15,63,-17,72,-17,70,-17,75,-12,75,-9,73,-6,70,-5,68,1,61,2,65,-1,63,4,61,-2,61,3,56,1,51,10,51,5,49,6,42,9,42,10,39,6,38,2,34,2,37,0,37,1,40,3,0,0,0,0,0,0,0,0,0,0,0,0,0,0,0,0,0,0,0,0,0,0,-34,-27,-39,-33,-33,-32,-36,-35,-31,-30,-36,-35,-28,-38,-35,-38,-33,-42,-38,-42,-32,-44,-31,-49,-34,-51,-31,-45,-25,-50,-27,-50,-29,-49,-26,-50,-21,-54,-17,-48,-14,-47,-14,-49,-14,-41,-19,-35,-18,-33,-16,-28,-17,-31,-17,-24,-23,-20,-27,-20,-21,-15,-27,-18,-30,-16,-28,-15,-24,-12,-30,-8,-28,-7,-27,-5,-33,-2,-34,4,-33,7,-36,7,-36,6,-40,10,-44,8,-34,9,-37,13,-40,14,-39,17,-39,19,-41,27,-36,28,-42,31,-45,34,-42,37,-45,42,-44,39,0,0]",1
CSI_DATA,61969,1a:00:00:00:00:00,-38,11,1,0,1,1,1,0,0,0,1,-98,0,11,2,832006024,0,44,0,384,0,"[0,0,0,0,0,0,0,0,0,0,0,0,-5,-12,-5,-11,-4,-10,-4,-11,-4,-10,-5,-10,-4,-9,-4,-9,-4,-8,-4,-7,-4,-7,-5,-6,-4,-5,-5,-4,-6,-3,-6,-2,-7,-1,-8,0,-9,0,-10,0,-11,0,-12,0,-12,-1,-13,0,-13,0,-13,0,0,0,-14,0,-14,0,-15,0,-15,-1,-15,-1,-15,-2,-15,-3,-14,-3,-13,-3,-13,-4,-12,-3,-12,-3,-11,-3,-11,-3,-10,-3,-10,-3,-10,-3,-9,-3,-9,-3,-8,-3,-8,-3,-8,-3,-7,-2,-7,-2,-8,-2,-8,-2,0,0,0,0,0,0,0,0,0,0,0,0,0,0,-38,62,-41,62,-38,57,-38,62,-36,61,-32,63,-29,53,-28,56,-27,49,-22,51,-22,46,-22,45,-19,45,-18,42,-9,39,-7,40,-3,36,3,28,6,31,15,31,22,29,29,32,36,34,40,39,39,46,41,50,44,50,45,53,41,55,49,53,47,55,49,61,47,60,52,59,44,62,50,60,45,64,41,69,38,72,38,67,33,66,32,62,30,68,30,61,26,59,27,56,19,54,17,52,19,47,15,45,19,46,17,39,14,38,18,37,14,33,15,35,18,42,0,0,0,0,0,0,0,0,0,0,0,0,0,0,0,0,0,0,0,0,0,0,15,-53,19,-47,21,-46,23,-49,22,-43,20,-42,28,-45,21,-53,24,-52,32,-52,34,-49,36,-53,38,-48,36,-47,39,-43,37,-46,39,-46,42,-46,41,-44,44,-36,42,-32,41,-29,37,-23,30,-30,33,-24,23,-26,21,-27,22,-26,13,-32,13,-32,9,-34,10,-33,4,-31,-1,-35,-2,-34,2,-31,-5,-34,-6,-31,-13,-29,-16,-35,-19,-34,-23,-37,-25,-31,-25,-35,-29,-35,-31,-39,-31,-35,-31,-36,-37,-34,-35,-27,-36,-28,-44,-26,-50,-27,-52,-22,-64,-25,-61,-29,-64,-25,0,0]",1
CSI_DATA,61970,1a:00:00:00:00:00,-37,11,1,0,1,1,1,0,0,0,1,-98,0,11,2,832026025,0,44,0,384,0,"[0,0,0,0,0,0,0,0,0,0,0,0,9,6,9,6,8,5,8,5,8,5,8,4,8,4,7,4,6,4,6,3,6,2,6,1,5,0,5,-1,4,-2,5,-3,5,-4,5,-5,6,-6,6,-7,7,-7,8,-8,8,-8,9,-8,9,-8,9,-8,0,0,10,-9,9,-9,10,-9,10,-9,11,-9,12,-8,12,-7,12,-6,11,-6,11,-6,10,-6,10,-5,10,-5,10,-5,9,-5,9,-4,8,-4,8,-4,8,-4,7,-3,7,-3,6,-3,6,-3,6,-4,6,-4,6,-4,0,0,0,0,0,0,0,0,0,0,0,0,0,0,-2,-69,-4,-66,-3,-63,1,-67,-7,-57,-10,-64,-10,-59,-11,-59,-16,-51,-12,-55,-10,-52,-10,-50,-14,-45,-14,-40,-10,-37,-13,-35,-19,-28,-20,-19,-23,-16,-33,-9,-34,-9,-43,-8,-46,-5,-52,-8,-56,-11,-56,-8,-61,-13,-62,-10,-70,-13,-64,-11,-63,-15,-66,-15,-71,-9,-73,-14,-77,-14,-74,-20,-74,-23,-76,-23,-69,-24,-68,-28,-65,-28,-61,-28,-58,-24,-64,-20,-57,-25,-53,-26,-50,-26,-52,-26,-45,-25,-38,-27,-39,-20,-39,-25,-35,-18,-35,-18,-38,-15,-38,-13,-41,-19,0,0,0,0,0,0,0,0,0,0,0,0,0,0,0,0,0,0,0,0,0,0,15,44,10,47,9,45,3,49,4,49,2,45,4,44,7,51,3,57,3,60,1,64,-10,61,-8,59,-7,57,-12,54,-7,54,-8,58,-7,56,-14,58,-15,54,-19,49,-18,45,-14,40,-12,39,-14,36,-9,34,-4,32,2,32,3,35,2,29,9,29,12,27,16,24,15,26,19,24,21,28,21,28,22,21,27,16,32,16,31,19,34,15,35,19,42,11,42,14,42,14,45,13,38,10,38,9,40,6,46,-2,49,-3,47,-5,53,-9,57,-13,68,-11,64,-9,0,0]",1
CSI_DATA,61971,1a:00:00:00:00:00,-37,11,1,0,1,1,1,0,0,0,1,-98,0,11,2,832036014,0,44,0,384,0,"[0,0,0,0,0,0,0,0,0,0,0,0,-5,10,-5,9,-5,9,-4,9,-4,9,-4,8,-4,8,-4,7,-4,7,-3,7,-2,6,-1,6,-1,5,1,5,1,4,3,4,4,4,5,4,6,4,7,5,7,6,8,6,8,7,9,7,9,7,9,7,0,0,9,8,9,8,10,8,10,9,9,9,9,10,8,10,7,10,7,10,6,10,6,9,6,9,6,9,5,8,5,8,5,8,5,8,4,7,4,7,3,7,3,6,3,6,4,6,4,5,4,6,4,6,0,0,0,0,0,0,0,0,0,0,0,0,0,0,65,-20,58,-17,60,-22,63,-18,61,-20,56,-17,53,-14,52,-18,57,-21,46,-21,44,-23,42,-21,44,-20,35,-19,33,-19,28,-22,19,-21,13,-20,14,-28,7,-30,2,-34,-3,-37,-6,-44,-4,-53,-2,-58,-5,-59,-1,-62,0,-63,2,-65,-2,-66,-3,-65,0,-69,0,-73,-1,-75,0,-79,6,-74,9,-76,10,-79,10,-76,12,-69,17,-72,12,-66,14,-64,12,-59,17,-56,15,-55,14,-53,18,-53,14,-48,15,-45,12,-45,10,-40,8,-41,12,-42,10,-39,6,-41,13,-42,0,0,0,0,0,0,0,0,0,0,0,0,0,0,0,0,0,0,0,0,0,0,-43,21,-46,19,-45,18,-49,19,-48,17,-44,17,-54,18,-54,17,-59,13,-60,12,-61,8,-61,5,-64,7,-63,6,-62,-3,-60,4,-58,-1,-59,2,-56,0,-58,-7,-53,-7,-49,-9,-44,-5,-43,-5,-39,-3,-38,-1,-32,3,-31,9,-32,7,-29,15,-30,16,-29,15,-29,19,-24,23,-27,23,-26,24,-23,22,-22,28,-15,27,-17,32,-12,35,-11,35,-11,41,-11,43,-9,42,-11,38,-7,40,-3,44,-1,45,2,50,1,43,13,50,16,53,20,55,18,54,18,57,13,61,0,0]",1
CSI_DATA,61972,1a:00:00:00:00:00,-37,11,1,0,1,1,1,0,0,0,1,-98,0,11,2,832046023,0,44,0,384,0,"[0,0,0,0,0,0,0,0,0,0,0,0,-12,-3,-12,-2,-11,-2,-11,-2,-11,-2,-11,-1,-10,-1,-9,-1,-9,-1,-8,0,-8,0,-7,0,-6,1,-5,2,-4,2,-4,4,-3,5,-3,6,-3,7,-3,8,-3,9,-4,10,-4,10,-4,11,-4,11,-5,12,0,0,-5,12,-4,12,-5,13,-5,13,-6,13,-7,13,-7,12,-7,12,-8,11,-7,10,-7,10,-7,10,-7,9,-6,9,-6,8,-6,9,-6,8,-6,8,-6,7,-5,6,-5,6,-4,6,-4,6,-4,6,-4,6,-5,7,0,0,0,0,0,0,0,0,0,0,0,0,0,0,30,63,24,60,33,61,27,59,28,57,24,53,24,56,30,53,25,47,30,48,24,41,25,41,28,39,21,29,27,26,25,25,23,17,26,14,30,7,31,-1,36,-2,36,-11,43,-9,47,-14,54,-14,53,-16,56,-18,62,-19,61,-14,63,-21,64,-18,68,-16,69,-17,69,-17,74,-15,77,-16,78,-13,77,-6,75,-2,76,2,68,2,66,1,69,4,63,-1,63,4,62,3,58,4,53,7,51,8,46,7,45,7,43,7,43,0,41,2,37,1,44,1,40,-1,0,0,0,0,0,0,0,0,0,0,0,0,0,0,0,0,0,0,0,0,0,0,-30,-37,-29,-40,-28,-41,-26,-45,-31,-43,-26,-43,-25,-47,-27,-51,-31,-52,-27,-54,-26,-55,-18,-57,-25,-66,-20,-66,-21,-62,-14,-59,-16,-59,-15,-58,-13,-56,-7,-59,-11,-54,-6,-52,-6,-45,-7,-38,-14,-41,-15,-38,-11,-36,-15,-31,-17,-29,-22,-30,-16,-27,-24,-28,-28,-25,-30,-25,-27,-23,-33,-18,-28,-21,-32,-15,-33,-14,-32,-7,-39,-2,-37,-2,-39,-4,-48,-3,-47,1,-47,-1,-45,0,-48,4,-46,4,-43,12,-42,11,-46,18,-45,21,-48,23,-54,32,-57,30,-55,32,0,0]",1
CSI_DATA,61973,1a:00:00:00:00:00,-37,11,1,0,1,1,1,0,0,0,1,-98,0,11,2,832056011,0,44,0,384,0,"[0,0,0,0,0,0,0,0,0,0,0,0,-1,-12,-1,-11,-2,-11,-2,-11,-2,-10,-2,-10,-2,-9,-2,-9,-2,-8,-2,-8,-2,-7,-2,-6,-3,-5,-3,-4,-4,-3,-5,-2,-6,-2,-7,-1,-8,-1,-9,-1,-10,-1,-11,-1,-11,-1,-12,-2,-12,-2,-12,-1,0,0,-13,-2,-13,-1,-13,-1,-14,-2,-14,-2,-14,-3,-14,-4,-14,-4,-13,-5,-12,-5,-12,-5,-11,-5,-11,-4,-11,-4,-10,-4,-10,-4,-9,-4,-8,-4,-8,-4,-8,-4,-7,-3,-7,-3,-7,-3,-7,-3,-8,-3,-8,-3,0,0,0,0,0,0,0,0,0,0,0,0,0,0,-49,50,-48,47,-40,48,-45,47,-38,53,-41,50,-33,46,-35,50,-30,47,-32,44,-28,41,-26,42,-21,36,-18,37,-20,30,-8,28,-8,27,-3,26,0,27,15,29,17,26,22,30,26,30,32,35,34,34,41,39,39,47,43,45,46,46,49,48,42,47,45,52,44,51,50,49,46,54,45,60,46,59,39,65,38,65,38,66,30,63,29,57,31,57,29,55,24,51,26,48,21,54,22,50,20,44,18,42,16,38,14,36,16,37,20,33,16,37,18,31,14,36,0,0,0,0,0,0,0,0,0,0,0,0,0,0,0,0,0,0,0,0,0,0,22,-43,24,-45,24,-43,28,-41,26,-41,26,-41,32,-44,32,-43,37,-50,39,-46,40,-45,48,-45,48,-42,48,-38,47,-38,46,-35,47,-37,47,-33,49,-35,48,-31,44,-22,48,-28,45,-26,37,-24,28,-20,23,-26,23,-24,23,-29,22,-26,17,-29,14,-33,11,-33,11,-30,5,-33,5,-35,4,-37,6,-35,-3,-35,0,-36,-8,-33,-10,-39,-13,-35,-17,-34,-15,-40,-17,-40,-13,-43,-23,-40,-21,-42,-27,-38,-25,-37,-30,-34,-35,-29,-36,-36,-46,-32,-50,-35,-51,-37,-54,-40,0,0]",1
CSI_DATA,61974,1a:00:00:00:00:00,-37,11,1,0,1,1,1,0,0,0,1,-98,0,11,2,832066046,0,44,0,384,0,"[0,0,0,0,0,0,0,0,0,0,0,0,10,-3,10,-3,10,-3,9,-3,9,-3,9,-3,8,-3,8,-3,7,-3,6,-3,6,-3,5,-3,4,-3,3,-4,2,-4,1,-5,0,-5,-1,-6,-1,-7,-2,-8,-2,-9,-2,-10,-1,-11,-2,-11,-2,-11,-2,-11,0,0,-2,-13,-2,-13,-2,-13,-1,-14,-1,-14,0,-14,0,-14,1,-14,1,-13,2,-12,1,-12,2,-12,1,-11,1,-11,2,-10,1,-10,1,-9,2,-9,2,-9,1,-8,1,-8,1,-7,0,-7,0,-8,0,-8,0,-8,0,0,0,0,0,0,0,0,0,0,0,0,0,0,-48,-52,-47,-47,-45,-50,-45,-53,-44,-47,-48,-45,-45,-40,-43,-40,-40,-38,-38,-36,-40,-31,-32,-36,-37,-30,-32,-23,-30,-18,-31,-20,-31,-9,-31,-8,-28,3,-27,5,-28,13,-27,15,-30,25,-35,30,-35,30,-47,34,-42,38,-42,37,-47,39,-51,38,-48,46,-52,53,-48,44,-53,51,-55,52,-57,51,-65,45,-64,43,-67,35,-65,33,-62,32,-54,32,-60,31,-54,30,-61,29,-52,26,-48,25,-45,22,-45,22,-46,17,-40,17,-40,15,-33,21,-32,24,-35,20,-36,24,-42,21,0,0,0,0,0,0,0,0,0,0,0,0,0,0,0,0,0,0,0,0,0,0,35,39,26,42,29,42,25,44,25,45,28,43,25,49,28,46,24,53,27,52,26,60,24,55,25,61,22,61,17,56,20,57,17,56,13,57,21,57,11,56,10,58,4,52,10,50,14,39,21,41,14,37,14,31,18,33,19,27,23,25,30,22,28,23,26,22,27,22,32,16,32,14,32,13,37,13,35,6,36,5,40,1,40,-4,46,-6,47,-5,46,-7,37,-14,46,-8,44,-14,45,-14,39,-16,38,-25,35,-31,42,-33,35,-31,41,-38,45,-47,47,-50,0,0]",1
CSI_DATA,61975,1a:00:00:00:00:00,-37,11,1,0,1,1,1,0,0,0,1,-98,0,11,2,832076018,0,44,0,384,0,"[0,0,0,0,0,0,0,0,0,0,0,0,4,10,4,10,4,9,4,9,4,9,4,8,4,8,3,8,3,7,3,6,3,5,3,4,3,4,3,2,4,2,4,0,4,-1,5,-1,6,-2,7,-3,8,-3,8,-4,9,-4,10,-4,10,-4,10,-4,0,0,11,-4,11,-5,12,-5,12,-5,13,-4,13,-4,13,-3,13,-2,13,-2,12,-1,12,-2,11,-1,10,-1,10,-1,10,-1,9,-1,9,-1,9,-1,8,0,7,0,7,-1,7,-1,6,-1,6,-2,7,-2,7,-2,0,0,0,0,0,0,0,0,0,0,0,0,0,0,21,-67,17,-66,23,-57,17,-62,15,-61,14,-56,14,-60,19,-54,17,-54,15,-53,10,-51,10,-47,8,-47,9,-44,5,-34,-1,-36,-5,-31,-10,-27,-16,-26,-17,-20,-23,-17,-28,-18,-33,-16,-41,-14,-47,-10,-52,-20,-58,-21,-52,-20,-57,-16,-60,-22,-65,-21,-62,-27,-65,-24,-66,-22,-72,-28,-69,-28,-71,-31,-63,-42,-63,-40,-60,-39,-58,-39,-54,-36,-55,-38,-53,-34,-49,-34,-49,-37,-40,-35,-49,-31,-37,-31,-35,-31,-35,-29,-33,-25,-29,-24,-32,-27,-28,-18,-35,-19,-32,-24,0,0,0,0,0,0,0,0,0,0,0,0,0,0,0,0,0,0,0,0,0,0,-20,46,-21,45,-26,45,-29,44,-28,45,-30,42,-29,43,-33,43,-36,44,-38,51,-42,49,-41,47,-48,51,-44,45,-45,43,-46,46,-43,42,-44,41,-45,36,-43,38,-47,32,-41,30,-39,30,-34,26,-31,25,-26,32,-20,29,-25,28,-14,32,-11,33,-9,37,-5,36,-2,35,0,38,4,37,-2,38,4,38,7,39,7,34,12,35,18,36,24,37,18,35,26,41,23,35,27,42,30,36,30,35,34,34,32,30,35,25,45,25,47,21,45,19,52,18,53,23,65,18,0,0]",1
CSI_DATA,61976,1a:00:00:00:00:00,-37,11,1,0,1,1,1,0,0,0,1,-98,0,11,2,832086014,0,44,0,384,0,"[0,0,0,0,0,0,0,0,0,0,0,0,-11,5,-11,5,-10,5,-10,5,-10,5,-9,4,-9,4,-9,4,-8,3,-7,4,-7,3,-6,4,-5,3,-4,3,-3,4,-2,4,-1,4,0,5,1,5,2,6,2,7,3,8,3,9,3,9,3,10,3,10,0,0,3,11,4,11,4,12,4,12,3,12,2,13,2,13,1,13,1,13,0,12,0,12,0,11,0,10,0,10,0,10,0,10,-1,9,-1,9,-1,8,-1,7,-1,7,0,7,0,7,1,6,1,7,0,7,0,0,0,0,0,0,0,0,0,0,0,0,0,0,56,28,63,27,59,25,59,22,56,22,54,21,58,18,57,21,52,23,54,18,47,17,46,13,43,12,42,9,34,7,37,2,35,-1,25,2,24,-6,22,-14,20,-16,23,-21,17,-29,14,-35,19,-39,24,-42,21,-47,24,-49,29,-49,24,-52,27,-52,29,-63,26,-58,28,-66,32,-58,40,-68,38,-65,44,-60,46,-60,45,-53,39,-52,42,-44,40,-43,42,-46,42,-45,34,-41,40,-37,37,-35,35,-31,33,-32,32,-31,29,-25,26,-32,22,-29,24,-27,25,-34,28,-29,0,0,0,0,0,0,0,0,0,0,0,0,0,0,0,0,0,0,0,0,0,0,-45,-21,-50,-22,-43,-23,-48,-24,-42,-24,-45,-27,-47,-25,-44,-31,-47,-34,-50,-32,-48,-37,-48,-41,-51,-39,-48,-45,-45,-44,-44,-41,-50,-43,-43,-43,-44,-46,-42,-42,-37,-47,-33,-43,-31,-40,-29,-35,-30,-29,-31,-25,-32,-25,-31,-22,-34,-18,-35,-14,-36,-11,-37,-8,-39,-2,-39,-4,-40,0,-38,0,-39,-1,-39,2,-44,3,-36,7,-37,10,-32,13,-36,23,-44,19,-39,24,-31,22,-37,25,-34,28,-35,26,-33,30,-21,34,-28,33,-21,39,-21,39,-23,49,-22,55,-21,53,0,0]",1
CSI_DATA,61977,1a:00:00:00:00:00,-38,11,1,0,1,1,1,0,0,0,1,-98,0,11,2,832106028,0,44,0,384,0,"[0,0,0,0,0,0,0,0,0,0,0,0,8,-9,8,-9,8,-9,7,-8,7,-8,7,-8,6,-8,6,-7,6,-7,5,-7,4,-6,4,-6,3,-6,2,-5,1,-5,-1,-5,-2,-5,-3,-5,-4,-5,-5,-6,-5,-6,-6,-7,-7,-8,-7,-8,-8,-9,-8,-9,0,0,-8,-10,-9,-10,-9,-10,-9,-11,-9,-11,-9,-12,-8,-13,-7,-12,-6,-13,-6,-12,-6,-11,-5,-11,-5,-11,-5,-10,-5,-10,-4,-10,-4,-9,-4,-9,-4,-8,-3,-8,-3,-8,-3,-7,-4,-7,-4,-6,-4,-6,-4,-7,0,0,0,0,0,0,0,0,0,0,0,0,0,0,-61,-1,-65,-3,-64,-2,-62,1,-62,-1,-60,-1,-56,2,-60,-3,-56,3,-54,0,-53,2,-50,2,-50,4,-45,6,-36,6,-36,6,-35,8,-30,14,-22,11,-14,14,-11,20,-7,26,-10,28,-8,35,-4,39,-3,45,-4,49,-8,53,-8,54,-4,59,-6,58,-8,62,-8,65,-8,63,-12,68,-11,70,-17,73,-23,69,-25,70,-25,67,-30,58,-26,59,-25,55,-23,56,-20,54,-21,47,-28,49,-25,48,-23,40,-26,42,-22,38,-20,35,-17,35,-14,36,-12,38,-9,34,-11,37,0,0,0,0,0,0,0,0,0,0,0,0,0,0,0,0,0,0,0,0,0,0,49,-2,51,-4,46,3,52,7,48,-1,52,3,52,4,53,9,58,9,60,7,61,12,60,15,62,16,61,16,63,17,58,24,61,23,61,23,60,27,57,26,56,26,52,26,49,24,43,20,45,16,42,8,39,8,38,1,36,3,39,-2,38,-6,43,-4,37,-10,38,-8,37,-13,44,-17,40,-12,38,-13,38,-18,29,-22,31,-22,31,-26,31,-30,31,-36,31,-35,33,-31,29,-36,23,-34,23,-38,18,-38,16,-41,10,-44,8,-44,3,-45,4,-48,-2,-55,5,-57,0,0]",1
CSI_DATA,61978,1a:00:00:00:00:00,-38,11,1,0,1,1,1,0,0,0,1,-98,0,11,2,832118302,0,44,0,384,0,"[0,0,0,0,0,0,0,0,0,0,0,0,-9,-8,-9,-8,-8,-8,-8,-8,-8,-7,-8,-7,-8,-7,-8,-7,-7,-6,-7,-6,-7,-5,-6,-5,-6,-4,-5,-3,-5,-2,-5,-1,-5,1,-5,2,-5,3,-6,4,-6,4,-7,5,-8,6,-8,6,-9,6,-9,7,0,0,-9,7,-10,7,-10,8,-11,8,-11,8,-12,7,-12,6,-12,6,-12,5,-12,4,-11,4,-11,4,-10,4,-10,4,-10,3,-10,3,-9,3,-9,3,-8,2,-8,2,-7,2,-7,2,-7,2,-6,2,-7,3,-7,3,0,0,0,0,0,0,0,0,0,0,0,0,0,0,-5,56,-5,61,1,59,-1,58,-1,64,1,62,2,57,-2,61,3,55,4,52,2,53,0,45,3,46,4,42,3,40,5,35,7,35,11,24,11,22,16,16,21,14,25,13,32,11,30,4,39,3,45,9,49,7,55,8,55,7,57,4,59,1,68,4,61,4,64,4,71,6,72,9,66,11,73,20,65,17,65,20,61,24,60,23,51,26,57,17,54,24,44,18,52,21,45,20,42,20,39,18,37,23,33,16,33,16,34,15,32,13,32,12,32,13,0,0,0,0,0,0,0,0,0,0,0,0,0,0,0,0,0,0,0,0,0,0,-8,-47,-7,-52,-2,-50,-4,-57,-3,-46,-1,-55,3,-49,0,-57,7,-58,3,-59,4,-62,2,-67,8,-72,6,-66,18,-67,16,-66,18,-66,19,-64,22,-66,19,-61,26,-59,22,-60,24,-49,20,-48,17,-43,11,-44,9,-44,5,-43,1,-38,-5,-40,-5,-41,-6,-42,-11,-41,-14,-40,-17,-42,-17,-44,-17,-43,-15,-37,-21,-34,-25,-35,-26,-38,-28,-31,-35,-33,-33,-26,-39,-31,-29,-27,-35,-25,-39,-27,-35,-21,-39,-17,-42,-17,-36,-13,-47,-5,-49,-4,-54,0,-59,-3,-55,-1,0,0]",1
CSI_DATA,61979,1a:00:00:00:00:00,-38,11,1,0,1,1,1,0,0,0,1,-98,0,11,2,832126012,0,44,0,384,0,"[0,0,0,0,0,0,0,0,0,0,0,0,-5,9,-5,9,-5,9,-4,9,-4,9,-4,8,-4,8,-4,8,-4,8,-3,7,-3,7,-3,6,-2,5,-1,5,0,4,1,4,2,3,3,3,4,3,5,3,6,3,7,4,7,5,8,5,8,5,8,5,0,0,9,6,10,6,9,6,10,7,10,7,10,8,9,9,8,9,8,9,7,9,7,8,6,8,6,7,6,7,6,7,5,7,5,7,5,6,4,6,4,6,3,6,4,5,4,5,4,4,4,4,4,4,0,0,0,0,0,0,0,0,0,0,0,0,0,0,57,-10,54,-9,61,-18,60,-13,57,-16,52,-21,52,-13,58,-15,50,-18,50,-20,42,-17,48,-19,42,-14,38,-20,35,-15,28,-14,26,-16,23,-15,18,-22,17,-18,7,-23,2,-27,2,-30,-1,-33,-7,-37,-11,-49,-15,-50,-8,-54,-5,-54,-6,-52,-10,-58,-9,-65,-11,-62,-12,-66,-10,-67,-15,-68,-7,-68,-2,-69,-1,-71,5,-66,9,-65,8,-62,7,-57,8,-57,9,-55,6,-56,10,-52,10,-51,9,-49,9,-45,10,-38,11,-38,7,-42,7,-35,3,-34,4,-34,3,-38,0,0,0,0,0,0,0,0,0,0,0,0,0,0,0,0,0,0,0,0,0,0,-42,22,-46,20,-49,15,-51,10,-48,14,-53,12,-50,16,-54,11,-57,15,-63,13,-63,10,-66,11,-71,6,-72,5,-69,1,-67,1,-71,1,-71,-4,-69,-2,-70,-8,-65,-8,-61,-7,-53,-10,-51,-6,-46,-9,-44,0,-43,0,-39,3,-39,8,-37,13,-36,12,-38,17,-36,19,-34,23,-36,26,-38,27,-35,26,-34,26,-34,26,-27,30,-28,32,-21,34,-22,38,-21,36,-21,39,-24,41,-16,39,-16,40,-9,42,-11,40,-7,39,3,44,2,43,2,42,9,49,9,55,12,55,0,0]",1
CSI_DATA,61980,1a:00:00:00:00:00,-39,11,1,0,1,1,1,0,0,0,1,-98,0,11,2,832146017,0,44,0,384,0,"[0,0,0,0,0,0,0,0,0,0,0,0,0,-11,0,-11,0,-10,0,-10,0,-10,-1,-10,-1,-10,0,-9,0,-9,-1,-8,-1,-8,-1,-7,-1,-6,-2,-5,-2,-5,-3,-4,-4,-3,-5,-2,-6,-2,-7,-2,-8,-2,-9,-2,-9,-2,-10,-2,-10,-2,-10,-2,0,0,-11,-3,-12,-3,-12,-3,-12,-3,-13,-4,-13,-4,-13,-5,-12,-5,-11,-6,-11,-5,-10,-5,-10,-5,-10,-5,-10,-5,-9,-5,-9,-5,-9,-5,-8,-5,-7,-5,-7,-5,-6,-5,-6,-4,-6,-4,-6,-3,-6,-3,-7,-3,0,0,0,0,0,0,0,0,0,0,0,0,0,0,-44,30,-44,30,-44,36,-48,34,-47,36,-45,35,-40,31,-44,32,-43,36,-38,34,-38,35,-31,27,-31,28,-31,31,-25,28,-21,29,-21,27,-9,22,-7,21,-4,19,4,22,8,20,10,28,16,25,20,34,23,38,25,41,27,43,26,47,28,44,29,48,26,52,32,55,32,53,26,57,29,58,27,63,22,64,20,61,19,63,17,60,16,57,14,55,16,56,12,54,13,49,9,58,9,51,5,48,7,47,0,43,5,38,2,37,3,30,5,34,6,34,5,37,0,0,0,0,0,0,0,0,0,0,0,0,0,0,0,0,0,0,0,0,0,0,21,-44,28,-42,25,-44,36,-40,31,-43,26,-44,30,-41,35,-48,37,-45,40,-45,41,-49,44,-48,52,-48,52,-47,55,-42,48,-40,53,-45,56,-36,56,-39,57,-33,56,-33,58,-31,49,-22,49,-27,43,-19,42,-23,35,-28,33,-27,29,-30,29,-29,23,-32,22,-40,22,-40,17,-40,17,-39,21,-41,13,-43,16,-44,17,-43,10,-39,7,-43,4,-43,0,-41,3,-47,1,-46,-1,-49,-6,-48,-6,-49,-7,-48,-7,-42,-9,-41,-16,-44,-22,-40,-21,-44,-29,-42,-31,-44,-30,-42,0,0]",1
CSI_DATA,61981,1a:00:00:00:00:00,-39,11,1,0,1,1,1,0,0,0,1,-98,0,11,2,832156044,0,44,0,384,0,"[0,0,0,0,0,0,0,0,0,0,0,0,9,-3,9,-3,9,-3,8,-3,8,-3,8,-3,8,-3,7,-3,7,-3,6,-3,6,-3,5,-3,4,-3,3,-3,2,-3,1,-4,0,-4,0,-5,-1,-5,-2,-6,-2,-7,-2,-8,-2,-9,-2,-10,-2,-10,-2,-11,0,0,-2,-11,-2,-12,-2,-12,-2,-13,-2,-13,-1,-13,0,-13,0,-13,0,-12,1,-12,0,-11,0,-11,0,-11,0,-10,1,-11,1,-10,1,-10,1,-9,1,-9,2,-8,2,-8,1,-7,1,-7,0,-6,0,-7,0,-7,0,0,0,0,0,0,0,0,0,0,0,0,0,0,-42,-31,-50,-41,-46,-33,-47,-30,-52,-29,-43,-31,-49,-28,-45,-21,-44,-24,-42,-22,-43,-23,-40,-25,-41,-24,-38,-9,-30,-16,-36,-11,-30,-9,-24,-7,-23,3,-20,9,-23,13,-21,20,-23,22,-19,35,-23,31,-28,40,-27,43,-30,42,-30,43,-27,51,-33,46,-35,52,-31,47,-35,55,-41,54,-48,55,-47,52,-49,51,-48,50,-49,43,-45,43,-45,37,-45,39,-44,45,-44,38,-47,32,-47,30,-42,33,-39,30,-40,21,-41,22,-31,20,-30,21,-29,20,-29,25,-29,21,-30,20,0,0,0,0,0,0,0,0,0,0,0,0,0,0,0,0,0,0,0,0,0,0,48,13,46,21,51,24,48,27,44,24,45,23,46,26,51,31,51,32,53,28,56,32,55,36,54,42,56,42,53,45,46,40,52,45,50,48,45,46,44,47,44,52,36,50,33,45,35,41,34,32,34,32,34,26,34,29,34,17,36,17,34,14,41,11,41,16,41,9,47,8,48,11,45,8,45,6,41,-1,44,-2,44,-6,43,-8,42,-11,43,-16,38,-12,40,-7,42,-18,40,-12,39,-19,39,-22,32,-24,35,-31,35,-31,25,-29,29,-34,29,-38,28,-35,0,0]",1
CSI_DATA,61982,1a:00:00:00:00:00,-39,11,1,0,1,1,1,0,0,0,1,-98,0,11,2,832166022,0,44,0,384,0,"[0,0,0,0,0,0,0,0,0,0,0,0,5,7,5,7,6,7,5,6,5,6,5,6,5,5,5,5,4,5,4,4,4,4,4,3,3,2,3,1,3,0,3,-1,3,-2,3,-3,4,-4,4,-5,5,-6,6,-7,7,-7,7,-7,7,-7,7,-7,0,0,8,-8,8,-8,8,-8,9,-9,9,-8,10,-8,10,-7,10,-7,10,-6,10,-6,9,-6,9,-5,9,-6,8,-5,9,-6,8,-5,9,-5,8,-4,7,-4,7,-4,7,-3,6,-3,5,-3,5,-4,5,-4,5,-4,0,0,0,0,0,0,0,0,0,0,0,0,0,0,11,-50,6,-49,-3,-55,4,-49,6,-53,8,-55,5,-49,3,-54,-1,-50,-3,-55,-5,-47,0,-39,-1,-45,-3,-37,-5,-37,-2,-32,-10,-27,-8,-22,-14,-20,-18,-17,-23,-10,-24,-11,-32,-5,-36,-2,-43,1,-46,-6,-49,-4,-50,-4,-58,-10,-57,-1,-61,-5,-68,-8,-61,-9,-66,-5,-67,-7,-76,-7,-70,-14,-69,-17,-69,-21,-66,-20,-60,-23,-65,-17,-58,-24,-61,-15,-59,-13,-54,-16,-57,-19,-53,-17,-47,-27,-45,-25,-44,-23,-38,-19,-34,-21,-36,-13,-38,-13,-37,-11,-42,-14,0,0,0,0,0,0,0,0,0,0,0,0,0,0,0,0,0,0,0,0,0,0,-5,52,-11,53,-9,46,-12,51,-19,49,-12,47,-12,52,-13,51,-14,57,-11,62,-21,62,-22,63,-21,62,-28,64,-34,65,-31,59,-34,63,-34,61,-28,59,-39,54,-40,55,-35,46,-30,47,-28,45,-29,42,-17,41,-14,42,-13,40,-8,39,-8,43,-3,43,3,40,2,40,6,46,8,49,11,47,11,45,11,42,11,39,11,36,16,35,21,31,29,35,25,33,29,37,34,33,36,35,30,28,32,24,31,33,37,25,39,25,40,20,37,6,48,13,53,13,50,13,0,0]",1
CSI_DATA,61983,1a:00:00:00:00:00,-39,11,1,0,1,1,1,0,0,0,1,-98,0,11,2,832186043,0,44,0,384,0,"[0,0,0,0,0,0,0,0,0,0,0,0,-9,-2,-9,-2,-9,-1,-9,-1,-9,-1,-9,-1,-8,-1,-8,-1,-7,-1,-7,0,-6,0,-6,0,-5,0,-4,1,-3,2,-2,3,-2,4,-1,5,-1,6,-1,7,-1,8,-1,9,-1,10,-1,10,-2,10,-1,10,0,0,-2,11,-1,11,-1,12,-2,12,-2,13,-3,13,-3,12,-4,12,-4,11,-4,11,-4,11,-3,10,-3,10,-3,10,-3,10,-3,10,-3,9,-3,9,-4,8,-4,7,-4,7,-3,6,-3,6,-2,6,-2,6,-2,6,0,0,0,0,0,0,0,0,0,0,0,0,0,0,21,54,22,49,27,43,23,47,23,42,25,39,25,46,28,41,28,36,29,32,25,36,21,35,24,32,25,26,26,22,18,16,23,12,18,6,22,-1,19,1,24,-11,28,-16,33,-21,34,-24,41,-24,47,-29,48,-28,52,-32,54,-35,50,-35,52,-31,57,-36,60,-35,55,-38,61,-34,60,-33,65,-30,72,-33,68,-29,67,-25,62,-26,61,-19,60,-20,59,-28,56,-21,56,-19,53,-16,58,-22,50,-13,49,-11,48,-8,44,-7,39,-8,37,-9,37,-9,38,-13,40,-12,0,0,0,0,0,0,0,0,0,0,0,0,0,0,0,0,0,0,0,0,0,0,-21,-46,-15,-50,-15,-47,-10,-51,-13,-52,-13,-46,-9,-50,-10,-55,-19,-55,-15,-57,-13,-61,-9,-63,-7,-64,-7,-66,-7,-65,-6,-64,-4,-65,-6,-68,-2,-64,-1,-64,-2,-64,4,-65,4,-53,5,-50,-6,-45,-7,-43,-5,-43,-7,-44,-12,-37,-21,-33,-19,-34,-22,-33,-22,-30,-33,-34,-29,-33,-31,-27,-31,-33,-29,-27,-31,-25,-35,-23,-38,-23,-36,-20,-43,-17,-42,-12,-45,-16,-50,-2,-43,-11,-40,-12,-49,-11,-45,-2,-42,-5,-46,6,-45,12,-47,7,-46,13,-48,16,-50,17,0,0]",1
CSI_DATA,61984,1a:00:00:00:00:00,-39,11,1,0,1,1,1,0,0,0,1,-98,0,11,2,832196039,0,44,0,384,0,"[0,0,0,0,0,0,0,0,0,0,0,0,-2,-10,-2,-9,-2,-9,-2,-9,-3,-9,-3,-8,-3,-8,-2,-8,-2,-7,-3,-7,-3,-6,-3,-5,-3,-4,-3,-3,-4,-2,-5,-1,-5,0,-6,0,-7,1,-9,1,-9,1,-10,1,-11,1,-12,2,-12,1,-12,1,0,0,-13,1,-13,2,-13,2,-14,2,-14,1,-14,0,-14,-1,-13,-1,-13,-1,-12,-1,-12,-1,-12,-1,-11,0,-11,-1,-11,0,-11,-1,-11,-1,-10,-1,-10,-2,-9,-2,-8,-2,-8,-2,-8,-1,-7,-1,-7,-1,-7,-1,0,0,0,0,0,0,0,0,0,0,0,0,0,0,-35,36,-30,33,-27,40,-26,44,-23,41,-26,45,-28,38,-30,43,-18,39,-18,42,-13,40,-15,38,-12,29,-9,34,-5,33,-5,31,1,28,2,23,5,18,13,16,26,13,29,21,37,18,36,22,42,25,45,24,47,28,56,33,46,31,50,33,50,32,59,35,55,32,60,38,56,31,60,42,58,44,54,49,51,43,57,46,43,41,49,42,49,40,50,37,44,39,42,34,45,41,37,41,35,38,30,34,30,38,24,34,29,35,24,31,27,27,24,23,29,25,0,0,0,0,0,0,0,0,0,0,0,0,0,0,0,0,0,0,0,0,0,0,30,-31,36,-33,36,-33,39,-29,38,-28,38,-29,37,-24,41,-30,43,-29,43,-32,46,-34,51,-35,52,-36,55,-26,50,-27,51,-26,54,-31,55,-30,53,-29,54,-27,53,-18,54,-16,41,-12,44,-12,39,-16,32,-25,33,-22,28,-27,22,-26,23,-30,23,-30,24,-36,21,-34,17,-33,19,-36,14,-40,11,-40,14,-41,9,-40,4,-39,-3,-41,-1,-38,-4,-40,0,-42,-10,-48,0,-48,-7,-46,-13,-37,-9,-39,-12,-37,-17,-35,-23,-33,-26,-38,-28,-34,-34,-30,-37,-37,-32,-28,0,0]",1
CSI_DATA,61985,1a:00:00:00:00:00,-39,11,1,0,1,1,1,0,0,0,1,-98,0,11,2,832216018,0,44,0,384,0,"[0,0,0,0,0,0,0,0,0,0,0,0,9,4,8,4,8,4,8,4,8,3,8,3,7,3,7,3,6,2,6,2,6,1,5,0,5,0,4,-1,4,-2,3,-3,4,-5,4,-6,4,-7,4,-7,5,-8,6,-9,6,-9,6,-9,7,-10,7,-10,0,0,7,-10,7,-10,7,-11,8,-11,8,-11,9,-11,9,-10,9,-9,9,-9,9,-8,8,-8,8,-8,8,-8,8,-8,8,-8,8,-8,8,-7,8,-6,8,-6,7,-5,7,-5,6,-4,5,-5,5,-5,5,-5,5,-5,0,0,0,0,0,0,0,0,0,0,0,0,0,0,-9,-54,-10,-50,-14,-55,-8,-52,-11,-60,-9,-58,-14,-53,-11,-49,-11,-49,-13,-45,-13,-45,-16,-43,-16,-42,-14,-37,-16,-34,-17,-27,-18,-22,-21,-16,-22,-19,-25,-6,-38,-5,-40,-1,-43,3,-46,1,-53,0,-54,3,-62,2,-61,-6,-64,0,-63,0,-71,2,-68,-3,-73,-4,-72,-1,-75,-4,-77,-1,-79,-7,-72,-13,-71,-18,-72,-12,-66,-17,-65,-19,-64,-10,-58,-11,-65,-14,-62,-14,-61,-16,-62,-17,-50,-22,-50,-23,-46,-21,-46,-22,-39,-18,-34,-11,-38,-16,-35,-10,-43,-13,0,0,0,0,0,0,0,0,0,0,0,0,0,0,0,0,0,0,0,0,0,0,7,46,1,44,-1,45,2,41,1,46,8,44,-1,45,2,51,0,54,-2,55,-5,56,-5,57,-6,59,-4,58,-10,55,-10,49,-9,54,-16,61,-14,57,-15,48,-20,54,-20,48,-15,48,-10,38,-14,43,-9,37,0,40,-3,35,5,33,5,34,4,29,14,29,17,33,15,32,20,38,23,29,20,34,20,29,24,26,28,27,27,19,37,25,35,28,39,24,36,22,34,23,37,21,38,21,39,21,39,16,44,6,38,3,38,10,41,4,51,3,48,0,49,-8,0,0]",1
CSI_DATA,61986,1a:00:00:00:00:00,-38,11,1,0,1,1,1,0,0,0,1,-98,0,11,2,832226030,0,44,0,384,0,"[0,0,0,0,0,0,0,0,0,0,0,0,-2,10,-2,10,-2,10,-2,10,-2,9,-1,9,-1,8,-1,8,-1,7,-1,7,0,6,0,5,1,5,2,4,2,3,3,3,5,3,6,2,7,2,8,2,8,3,9,3,10,4,10,4,10,4,10,4,0,0,11,4,11,4,12,4,12,5,12,5,12,6,11,7,11,7,10,7,10,7,10,6,9,6,9,5,9,6,9,6,8,6,8,6,7,6,6,6,6,6,5,5,5,5,5,4,5,4,5,4,5,4,0,0,0,0,0,0,0,0,0,0,0,0,0,0,49,-33,46,-39,45,-42,51,-43,46,-38,46,-37,43,-39,41,-41,42,-41,34,-38,31,-32,28,-32,28,-33,24,-33,27,-35,18,-30,15,-28,8,-27,0,-25,-8,-21,-10,-29,-17,-36,-21,-37,-27,-43,-28,-46,-29,-50,-29,-53,-27,-58,-28,-60,-30,-56,-33,-62,-30,-65,-32,-60,-35,-65,-33,-67,-29,-68,-29,-68,-23,-73,-21,-75,-19,-71,-19,-69,-20,-64,-21,-67,-23,-62,-19,-66,-21,-62,-13,-61,-13,-60,-8,-57,-4,-54,-1,-48,-1,-46,-2,-40,-8,-44,-10,-42,-6,-41,-3,-41,0,0,0,0,0,0,0,0,0,0,0,0,0,0,0,0,0,0,0,0,0,0,-36,28,-35,22,-39,26,-43,23,-36,28,-39,25,-40,20,-40,26,-44,26,-49,30,-53,28,-53,26,-53,28,-50,24,-57,23,-54,22,-53,20,-56,16,-54,19,-56,11,-56,10,-57,6,-43,10,-44,8,-36,9,-34,17,-26,21,-34,20,-26,21,-27,27,-20,25,-22,26,-20,33,-15,34,-16,36,-19,37,-14,40,-14,39,-9,38,-6,35,-5,40,0,38,-3,44,-2,42,-2,50,8,43,3,46,7,46,6,46,9,46,12,41,17,46,14,48,16,43,24,42,30,44,34,47,0,0]",1
CSI_DATA,61987,1a:00:00:00:00:00,-38,11,1,0,1,1,1,0,0,0,1,-98,0,11,2,832236017,0,44,0,384,0,"[0,0,0,0,0,0,0,0,0,0,0,0,-11,1,-11,1,-11,1,-11,1,-10,1,-9,1,-9,2,-9,2,-8,1,-8,2,-7,2,-6,2,-5,2,-4,3,-3,3,-2,4,-1,5,-1,6,0,7,0,8,0,9,0,10,-1,11,-1,11,-1,11,-1,11,0,0,-1,12,-1,12,-1,12,-1,13,-1,13,-2,13,-2,13,-3,12,-3,12,-3,12,-3,11,-3,11,-2,11,-2,10,-3,11,-3,10,-3,10,-4,9,-4,8,-4,7,-4,7,-3,7,-3,6,-2,6,-2,7,-2,7,0,0,0,0,0,0,0,0,0,0,0,0,0,0,53,26,54,33,49,22,55,30,52,27,50,23,50,22,47,26,52,24,40,20,45,18,42,20,36,9,40,17,37,9,31,7,27,1,27,0,21,-11,20,-16,22,-20,17,-30,22,-33,21,-41,24,-45,31,-50,30,-49,33,-43,34,-51,37,-51,40,-50,39,-59,37,-59,38,-54,42,-55,40,-60,41,-57,45,-56,47,-49,48,-55,45,-48,45,-46,42,-48,42,-49,49,-46,44,-43,48,-41,47,-42,41,-32,35,-28,38,-27,33,-26,31,-27,29,-23,29,-22,30,-27,28,-21,0,0,0,0,0,0,0,0,0,0,0,0,0,0,0,0,0,0,0,0,0,0,-36,-24,-34,-27,-34,-27,-30,-23,-37,-28,-34,-26,-38,-32,-43,-32,-43,-32,-42,-35,-43,-41,-36,-43,-40,-43,-39,-46,-35,-43,-33,-46,-36,-46,-34,-53,-34,-45,-33,-47,-30,-46,-32,-44,-25,-42,-23,-35,-24,-35,-23,-27,-26,-24,-26,-23,-25,-17,-33,-15,-30,-11,-33,-9,-37,-1,-39,-3,-37,-7,-40,6,-42,0,-39,-4,-44,2,-41,11,-44,9,-45,18,-45,15,-48,20,-41,17,-48,19,-39,20,-38,25,-44,22,-39,23,-39,25,-29,34,-33,37,-36,38,-34,43,-33,45,-30,47,0,0]",1
CSI_DATA,61988,1a:00:00:00:00:00,-38,11,1,0,1,1,1,0,0,0,1,-98,0,11,2,832256022,0,44,0,384,0,"[0,0,0,0,0,0,0,0,0,0,0,0,9,-6,9,-6,9,-6,8,-5,8,-5,7,-5,7,-5,6,-5,5,-5,5,-5,4,-5,3,-5,2,-4,2,-5,1,-5,-1,-5,-2,-5,-3,-6,-4,-7,-4,-8,-5,-8,-5,-9,-5,-10,-5,-11,-5,-11,-5,-11,0,0,-5,-11,-5,-12,-5,-12,-5,-12,-5,-13,-5,-13,-4,-13,-3,-13,-3,-13,-3,-13,-3,-12,-3,-12,-2,-12,-2,-11,-2,-11,-2,-11,-1,-11,-1,-10,0,-10,0,-9,0,-9,-1,-8,-1,-8,-1,-7,-1,-8,-1,-8,0,0,0,0,0,0,0,0,0,0,0,0,0,0,-67,-20,-59,-17,-59,-18,-57,-18,-59,-19,-55,-19,-54,-14,-53,-21,-44,-14,-47,-16,-45,-8,-42,-7,-38,-7,-40,-5,-35,-2,-34,1,-29,-2,-23,11,-22,15,-19,17,-17,22,-11,31,-14,35,-17,40,-19,44,-19,51,-21,48,-20,48,-23,50,-28,59,-22,58,-27,58,-27,57,-24,59,-28,61,-30,63,-31,66,-36,61,-31,58,-40,54,-34,51,-37,53,-36,53,-38,47,-34,48,-33,50,-41,43,-39,41,-35,34,-35,32,-36,34,-32,27,-30,29,-25,28,-28,25,-22,28,-25,29,0,0,0,0,0,0,0,0,0,0,0,0,0,0,0,0,0,0,0,0,0,0,47,0,49,8,45,7,46,8,47,8,51,7,48,10,51,8,56,7,55,12,57,18,59,18,62,21,55,24,58,28,51,24,54,23,51,25,59,25,49,29,45,30,44,28,39,27,43,20,35,19,36,13,28,12,31,5,32,4,34,2,33,0,42,-6,41,-8,41,-13,39,-10,40,-14,39,-15,42,-14,39,-20,40,-21,39,-26,35,-31,38,-27,39,-32,37,-32,36,-38,31,-40,35,-33,36,-37,32,-38,32,-39,27,-43,26,-46,20,-45,19,-52,24,-53,22,-56,0,0]",1
CSI_DATA,61989,1a:00:00:00:00:00,-38,11,1,0,1,1,1,0,0,0,1,-98,0,11,2,832266045,0,44,0,384,0,"[0,0,0,0,0,0,0,0,0,0,0,0,7,8,7,7,6,7,6,7,6,6,6,6,6,5,6,4,5,4,5,4,5,3,5,2,4,2,4,0,4,-1,4,-2,4,-3,4,-4,5,-5,5,-6,6,-6,7,-7,8,-7,8,-7,8,-7,8,-7,0,0,8,-8,9,-8,9,-8,9,-8,10,-8,10,-8,11,-7,11,-7,11,-6,10,-6,10,-6,10,-6,9,-6,9,-5,10,-5,9,-5,9,-4,9,-4,9,-3,8,-3,7,-3,7,-3,6,-3,6,-3,6,-3,6,-3,0,0,0,0,0,0,0,0,0,0,0,0,0,0,0,-64,7,-59,5,-63,13,-59,11,-58,6,-58,7,-55,10,-49,5,-47,4,-44,2,-46,3,-39,-5,-41,0,-35,-4,-32,-2,-33,-9,-27,-10,-23,-16,-19,-21,-14,-23,-11,-29,-13,-32,-6,-42,-5,-44,-11,-48,-13,-52,-13,-56,-14,-55,-14,-56,-15,-59,-12,-57,-16,-57,-14,-62,-15,-66,-23,-64,-22,-63,-19,-65,-28,-65,-25,-63,-25,-63,-28,-56,-26,-55,-29,-53,-24,-55,-26,-51,-27,-47,-32,-48,-29,-40,-29,-37,-29,-37,-30,-32,-26,-37,-23,-34,-22,-31,-25,-35,-21,-30,-23,0,0,0,0,0,0,0,0,0,0,0,0,0,0,0,0,0,0,0,0,0,0,7,46,2,47,1,48,0,48,-2,48,-1,47,-3,48,0,53,0,56,-3,60,-11,56,-11,60,-11,60,-13,57,-16,59,-15,57,-13,56,-14,56,-17,56,-21,52,-20,52,-24,49,-19,45,-16,44,-13,37,-11,37,-13,39,-6,39,-1,34,3,30,5,33,10,32,10,36,19,35,25,34,20,39,24,41,21,37,24,37,32,34,26,30,36,30,33,34,40,35,37,32,35,32,39,24,39,29,41,27,40,26,46,20,47,25,47,22,49,18,52,11,52,8,58,9,0,0]",1
CSI_DATA,61990,1a:00:00:00:00:00,-38,11,1,0,1,1,1,0,0,0,1,-98,0,11,2,832276017,0,44,0,384,0,"[0,0,0,0,0,0,0,0,0,0,0,0,-6,10,-6,9,-6,9,-6,8,-5,8,-4,8,-4,7,-4,7,-4,7,-3,6,-2,6,-2,5,-1,5,0,4,0,4,2,3,3,3,4,3,5,3,6,4,7,4,7,5,8,5,8,5,9,6,9,6,0,0,9,6,10,6,10,6,11,6,10,7,10,7,10,8,9,8,9,8,8,8,8,7,8,7,8,7,8,7,7,8,7,7,7,8,6,7,5,7,5,7,4,7,4,6,4,5,4,5,4,5,4,5,0,0,0,0,0,0,0,0,0,0,0,0,0,0,60,-13,62,-7,59,-6,56,-8,63,-7,61,-10,52,-12,54,-12,52,-16,42,-15,41,-13,39,-17,37,-16,35,-14,29,-14,23,-12,20,-20,22,-21,11,-21,7,-21,1,-26,-2,-29,-8,-31,-6,-39,-10,-40,-6,-51,-6,-54,-4,-56,0,-53,-9,-54,-8,-65,-7,-63,-9,-57,-8,-63,-9,-70,-6,-69,-10,-71,-5,-73,3,-67,-3,-69,3,-61,7,-60,4,-61,1,-66,4,-62,4,-60,10,-58,12,-60,10,-54,13,-47,14,-50,10,-43,10,-38,12,-39,10,-38,9,-36,10,-39,0,0,0,0,0,0,0,0,0,0,0,0,0,0,0,0,0,0,0,0,0,0,-42,24,-44,23,-49,22,-48,19,-45,21,-50,19,-47,19,-48,19,-54,21,-56,21,-57,14,-62,15,-64,10,-62,12,-67,7,-57,7,-57,5,-61,5,-64,5,-61,-1,-60,2,-60,1,-53,-3,-47,0,-51,0,-42,4,-34,7,-34,10,-35,15,-34,15,-34,21,-31,26,-34,27,-31,29,-28,34,-25,38,-27,32,-27,34,-27,39,-26,40,-23,40,-19,45,-17,47,-19,47,-15,46,-13,53,-18,51,-12,44,-10,50,-11,52,-7,52,-5,50,0,53,-5,55,6,59,10,57,6,56,0,0]",1
CSI_DATA,61991,1a:00:00:00:00:00,-39,11,1,0,1,1,1,0,0,0,1,-98,0,11,2,832296144,0,44,0,384,0,"[0,0,0,0,0,0,0,0,0,0,0,0,5,-11,4,-11,4,-11,4,-10,3,-10,3,-9,3,-9,2,-9,2,-8,2,-8,1,-7,1,-7,0,-6,-1,-5,-1,-4,-3,-4,-3,-3,-4,-3,-6,-3,-7,-3,-8,-4,-8,-4,-9,-5,-10,-5,-10,-5,-10,-5,0,0,-10,-5,-10,-5,-11,-5,-11,-5,-12,-6,-12,-6,-12,-7,-11,-7,-11,-7,-10,-7,-10,-7,-10,-7,-10,-7,-10,-7,-9,-7,-9,-8,-9,-8,-8,-8,-7,-8,-6,-8,-6,-7,-5,-7,-5,-6,-5,-6,-5,-6,-5,-5,0,0,0,0,0,0,0,0,0,0,0,0,0,0,-55,13,-62,11,-59,12,-56,16,-61,13,-51,13,-53,16,-53,11,-53,13,-45,13,-46,9,-38,12,-36,13,-33,19,-30,18,-28,11,-25,14,-16,19,-17,18,-5,20,0,21,4,30,5,27,6,36,12,41,15,46,13,45,10,46,11,45,11,49,17,53,13,54,16,48,15,54,18,57,16,60,16,61,9,63,10,63,7,65,9,56,5,61,4,57,8,64,5,56,2,62,5,58,-1,55,-2,51,-6,51,-9,48,-9,43,-4,41,-6,37,-3,36,-5,31,-6,35,0,0,0,0,0,0,0,0,0,0,0,0,0,0,0,0,0,0,0,0,0,0,42,-27,44,-22,43,-23,45,-15,46,-19,47,-19,46,-18,49,-19,49,-25,50,-18,60,-19,60,-20,64,-15,64,-11,59,-14,58,-11,59,-12,62,-12,61,-15,63,-7,60,-8,57,-2,48,-7,49,-4,46,-5,46,-11,46,-12,42,-12,32,-14,37,-20,30,-20,34,-25,24,-28,32,-29,27,-33,27,-39,26,-35,24,-37,25,-42,18,-42,18,-41,14,-40,15,-48,12,-52,13,-54,11,-46,11,-55,8,-52,6,-53,7,-57,3,-55,-3,-59,-1,-58,-6,-55,-8,-57,-5,-56,-9,-51,0,0]",1
CSI_DATA,61992,1a:00:00:00:00:00,-39,11,1,0,1,1,1,0,0,0,1,-98,0,11,2,832306017,0,44,0,384,0,"[0,0,0,0,0,0,0,0,0,0,0,0,11,0,11,-1,10,-1,9,-1,9,-1,8,-1,8,-1,7,-1,7,-1,6,-2,6,-2,5,-2,4,-2,3,-2,2,-3,1,-4,0,-4,0,-5,-1,-6,-1,-7,-1,-7,-2,-8,-1,-9,-2,-9,-2,-10,-2,-10,0,0,-2,-10,-2,-10,-2,-11,-3,-11,-2,-12,-2,-12,-1,-12,-1,-12,-1,-12,0,-12,-1,-12,-1,-11,0,-11,-1,-11,0,-11,0,-11,1,-11,1,-10,2,-10,2,-9,2,-8,2,-7,1,-7,1,-6,1,-6,1,-6,0,0,0,0,0,0,0,0,0,0,0,0,0,0,-42,-46,-46,-56,-42,-48,-35,-45,-38,-44,-41,-44,-38,-43,-36,-42,-38,-36,-37,-34,-36,-28,-27,-28,-38,-24,-29,-19,-30,-18,-30,-13,-25,-13,-24,-10,-20,0,-22,2,-19,14,-24,17,-18,25,-25,26,-29,27,-25,36,-34,35,-36,36,-36,35,-35,38,-35,37,-40,39,-36,40,-40,42,-33,46,-39,48,-46,45,-46,46,-46,46,-48,41,-46,42,-44,40,-48,37,-44,40,-46,36,-43,37,-52,32,-50,26,-48,24,-46,27,-42,23,-40,18,-38,12,-34,13,-35,13,-30,14,-32,11,0,0,0,0,0,0,0,0,0,0,0,0,0,0,0,0,0,0,0,0,0,0,42,28,35,30,39,31,33,33,37,35,34,29,34,29,42,32,43,37,47,33,47,46,42,44,43,47,38,45,39,48,41,49,39,48,39,51,43,51,40,50,35,52,36,47,29,49,26,45,29,39,29,35,27,30,30,33,31,27,30,22,32,16,36,18,38,10,41,10,43,7,48,6,43,9,48,6,51,0,50,-1,49,-4,48,-5,53,-2,50,-14,50,-14,49,-9,48,-13,48,-15,47,-21,50,-26,49,-23,45,-25,47,-30,46,-30,44,-38,47,-35,39,-40,0,0]",1
CSI_DATA,61993,1a:00:00:00:00:00,-39,11,1,0,1,1,1,0,0,0,1,-98,0,11,2,832316033,0,44,0,384,0,"[0,0,0,0,0,0,0,0,0,0,0,0,2,11,2,11,2,10,2,10,2,9,2,9,2,8,2,7,2,7,2,6,2,6,2,5,2,4,2,3,2,2,3,1,3,0,4,-1,4,-3,5,-3,6,-4,7,-4,7,-4,8,-4,8,-4,9,-5,0,0,9,-5,9,-5,9,-6,10,-6,11,-6,11,-6,11,-5,11,-5,11,-5,11,-4,11,-4,11,-4,11,-4,11,-4,10,-3,10,-3,10,-2,10,-2,9,-1,8,-1,8,0,7,0,6,0,6,-1,5,-1,5,-2,0,0,0,0,0,0,0,0,0,0,0,0,0,0,38,-50,34,-51,37,-54,34,-52,32,-54,31,-43,30,-44,26,-47,29,-40,26,-41,20,-40,20,-42,16,-36,10,-35,9,-35,11,-28,2,-29,-2,-23,-5,-19,-9,-18,-16,-14,-19,-12,-22,-11,-28,-14,-34,-15,-39,-17,-46,-19,-43,-20,-43,-18,-50,-16,-46,-18,-50,-15,-52,-12,-54,-12,-62,-14,-57,-19,-58,-20,-62,-24,-63,-30,-56,-24,-54,-31,-58,-23,-54,-31,-60,-24,-53,-25,-52,-28,-52,-30,-49,-29,-41,-27,-36,-34,-36,-35,-32,-30,-26,-27,-25,-24,-27,-19,-27,-14,-26,-21,0,0,0,0,0,0,0,0,0,0,0,0,0,0,0,0,0,0,0,0,0,0,-27,38,-29,35,-32,38,-33,37,-31,36,-33,38,-33,35,-31,41,-36,42,-32,47,-44,46,-42,48,-42,47,-44,47,-46,42,-47,46,-48,44,-51,43,-43,44,-53,46,-53,38,-47,39,-45,33,-40,35,-35,32,-35,39,-31,37,-29,36,-22,36,-19,38,-13,40,-11,45,-4,43,-6,46,0,47,0,50,1,54,4,55,10,53,6,46,11,50,21,50,20,50,21,52,23,50,21,43,25,49,26,52,25,46,30,46,32,47,36,42,36,35,45,40,47,40,45,40,47,36,0,0]",1
CSI_DATA,61994,1a:00:00:00:00:00,-39,11,1,0,1,1,1,0,0,0,1,-98,0,11,2,832329339,0,44,0,384,0,"[0,0,0,0,0,0,0,0,0,0,0,0,6,9,5,8,5,8,5,7,4,7,5,6,5,5,5,5,4,5,4,4,4,3,3,2,3,2,2,1,2,0,2,-2,2,-3,2,-4,2,-5,2,-6,3,-6,4,-7,4,-8,4,-8,4,-8,4,-9,0,0,4,-10,5,-10,5,-10,5,-10,6,-11,6,-11,6,-11,6,-10,7,-10,6,-9,6,-10,7,-9,7,-9,6,-9,6,-8,7,-8,7,-7,6,-7,6,-6,6,-6,5,-5,5,-5,4,-4,3,-5,4,-5,3,-5,0,0,0,0,0,0,0,0,0,0,0,0,0,0,26,-58,27,-58,21,-58,17,-61,16,-59,23,-58,16,-53,16,-51,10,-44,9,-41,12,-41,7,-43,6,-38,-1,-30,-2,-28,-3,-25,-7,-24,-7,-21,-12,-14,-15,-7,-21,-6,-19,1,-28,1,-35,5,-38,4,-41,0,-38,8,-51,4,-50,6,-49,5,-52,9,-57,8,-54,7,-63,13,-57,10,-68,14,-70,10,-65,11,-66,7,-65,1,-58,0,-61,7,-65,2,-58,6,-60,0,-60,-4,-63,-2,-54,-4,-52,-6,-54,-10,-42,-8,-34,-5,-39,-6,-32,-10,-33,-1,-33,-1,-37,0,0,0,0,0,0,0,0,0,0,0,0,0,0,0,0,0,0,0,0,0,0,0,-21,44,-28,44,-30,40,-30,40,-23,41,-32,42,-25,45,-27,48,-32,47,-30,45,-34,53,-36,54,-37,53,-39,51,-43,48,-38,49,-46,54,-34,51,-38,55,-41,52,-36,51,-40,45,-36,39,-26,42,-30,42,-18,38,-19,43,-22,44,-9,45,-7,44,-1,41,5,49,3,49,7,46,7,46,8,51,15,51,16,52,16,46,18,48,21,45,26,50,30,52,33,45,36,49,29,55,37,45,30,41,37,48,41,30,42,34,45,26,51,29,50,27,54,28,57,23,60,25,0,0]",1
CSI_DATA,61995,1a:00:00:00:00:00,-38,11,1,0,1,1,1,0,0,0,1,-98,0,11,2,832346026,0,44,0,384,0,"[0,0,0,0,0,0,0,0,0,0,0,0,4,-10,4,-9,3,-9,3,-9,3,-8,2,-8,2,-7,1,-7,1,-7,0,-6,0,-6,-1,-5,-2,-4,-2,-4,-4,-3,-4,-2,-6,-2,-7,-2,-8,-2,-9,-2,-10,-2,-11,-3,-11,-3,-11,-3,-12,-3,-12,-4,0,0,-12,-4,-12,-4,-13,-4,-13,-4,-14,-4,-14,-5,-13,-5,-13,-6,-12,-6,-12,-6,-12,-6,-11,-6,-11,-6,-11,-5,-10,-6,-10,-6,-10,-6,-9,-6,-8,-6,-7,-5,-7,-5,-7,-4,-7,-4,-7,-4,-7,-4,-7,-4,0,0,0,0,0,0,0,0,0,0,0,0,0,0,-71,12,-58,18,-56,16,-54,13,-51,16,-53,17,-47,16,-43,12,-37,18,-33,14,-35,13,-29,19,-25,16,-23,18,-15,17,-16,16,-10,17,-6,17,3,22,9,22,12,24,14,31,20,30,21,35,21,40,25,47,27,48,27,51,32,50,33,53,32,59,31,59,30,55,34,58,33,60,31,64,28,66,23,65,25,59,21,64,19,59,18,58,17,59,21,58,17,59,13,57,9,54,13,54,8,52,5,48,3,46,6,38,6,39,5,34,8,34,10,38,7,33,0,0,0,0,0,0,0,0,0,0,0,0,0,0,0,0,0,0,0,0,0,0,38,-25,41,-22,41,-20,43,-25,44,-20,41,-21,44,-24,46,-22,52,-25,51,-26,55,-23,56,-25,56,-19,58,-19,60,-18,59,-15,62,-22,59,-18,59,-18,61,-10,57,-11,55,-13,53,-13,48,-13,40,-16,42,-17,36,-24,37,-26,35,-26,35,-29,33,-32,32,-38,36,-35,32,-39,31,-40,28,-41,29,-44,32,-42,22,-42,24,-46,20,-48,16,-46,16,-50,15,-51,13,-50,7,-57,8,-51,4,-50,3,-56,-1,-47,-1,-54,-7,-53,-9,-57,-10,-51,-11,-54,-20,-59,-14,-63,0,0]",1
CSI_DATA,61996,1a:00:00:00:00:00,-37,11,1,0,1,1,1,0,0,0,1,-98,0,11,2,832356013,0,44,0,384,0,"[0,0,0,0,0,0,0,0,0,0,0,0,9,0,9,0,8,0,8,0,7,-1,7,-1,7,-2,6,-2,6,-2,5,-3,5,-3,4,-3,3,-4,2,-4,2,-5,1,-6,0,-7,0,-8,0,-9,0,-10,0,-11,1,-11,1,-12,1,-12,1,-12,1,-13,0,0,2,-13,2,-13,2,-14,2,-14,2,-14,3,-14,3,-13,4,-13,4,-13,4,-12,4,-12,4,-12,4,-11,4,-12,4,-11,4,-11,4,-10,4,-9,4,-9,4,-8,4,-8,3,-7,3,-7,2,-7,3,-7,3,-7,0,0,0,0,0,0,0,0,0,0,0,0,0,0,-26,-52,-26,-52,-26,-55,-26,-49,-28,-45,-23,-46,-22,-43,-28,-38,-25,-37,-26,-34,-25,-29,-24,-25,-25,-23,-27,-19,-26,-15,-27,-13,-24,-10,-26,-2,-32,0,-30,7,-34,10,-35,13,-41,17,-44,19,-49,21,-52,23,-58,24,-57,23,-59,17,-59,25,-58,24,-66,21,-62,19,-66,21,-68,24,-68,20,-67,17,-74,13,-72,11,-68,11,-67,11,-65,9,-65,8,-63,13,-59,8,-60,4,-56,1,-55,-1,-52,-4,-48,-4,-49,-1,-44,-3,-39,-3,-45,2,-38,0,-41,1,-42,1,0,0,0,0,0,0,0,0,0,0,0,0,0,0,0,0,0,0,0,0,0,0,39,26,35,28,34,28,31,28,37,27,34,24,35,30,39,29,39,35,43,34,38,37,36,37,36,40,36,44,30,45,34,40,33,45,35,42,29,41,31,44,28,47,27,42,28,41,29,31,31,34,31,31,30,24,31,27,33,30,38,22,34,21,42,20,40,19,43,21,45,18,43,13,44,15,48,13,43,9,44,4,46,8,44,3,50,2,48,-1,47,0,46,0,42,-2,44,-7,49,-11,50,-12,46,-13,47,-19,50,-20,44,-24,56,-22,51,-28,52,-21,0,0]",1
CSI_DATA,61997,1a:00:00:00:00:00,-35,11,1,0,1,1,1,0,0,0,1,-98,0,11,2,832376035,0,44,0,384,0,"[0,0,0,0,0,0,0,0,0,0,0,0,-11,1,-10,1,-9,1,-9,1,-9,1,-9,2,-8,2,-8,2,-7,2,-7,3,-6,3,-5,3,-5,4,-4,4,-4,5,-3,6,-3,7,-3,7,-3,9,-3,9,-3,10,-4,10,-4,10,-4,11,-4,11,-4,11,0,0,-5,12,-5,12,-6,12,-5,12,-6,12,-6,12,-7,12,-7,11,-7,10,-7,10,-7,10,-7,9,-7,9,-7,9,-7,8,-7,8,-7,8,-7,7,-7,7,-6,6,-7,6,-6,6,-6,6,-6,6,-6,6,-7,5,0,0,0,0,0,0,0,0,0,0,0,0,0,0,38,45,39,39,40,40,38,39,39,36,37,30,39,33,34,27,36,27,37,20,36,20,36,20,34,19,32,13,34,14,29,8,34,3,33,-2,36,-6,35,-7,41,-13,39,-18,40,-20,47,-24,48,-24,55,-24,56,-24,57,-27,59,-24,62,-26,59,-25,65,-25,64,-27,66,-22,65,-25,67,-23,66,-16,72,-18,70,-12,66,-13,63,-10,59,-13,62,-8,63,-13,60,-5,58,-4,61,-6,56,-7,53,-1,47,0,46,3,47,0,43,-2,41,1,41,2,40,2,45,4,0,0,0,0,0,0,0,0,0,0,0,0,0,0,0,0,0,0,0,0,0,0,-43,-1,-42,1,-41,-6,-41,-7,-41,-8,-37,-3,-44,-8,-44,-12,-50,-11,-49,-12,-49,-13,-51,-20,-54,-18,-46,-19,-45,-19,-47,-17,-49,-17,-51,-19,-47,-19,-47,-21,-46,-22,-46,-26,-43,-23,-38,-16,-41,-18,-39,-18,-42,-12,-45,-11,-46,-9,-42,-2,-45,-3,-44,-2,-46,1,-47,2,-43,0,-47,1,-45,7,-38,6,-42,5,-46,10,-44,14,-42,14,-48,18,-45,17,-41,20,-46,18,-43,19,-40,25,-43,25,-40,29,-40,31,-40,36,-40,39,-38,37,-37,37,-39,39,-40,38,0,0]",1
CSI_DATA,61998,1a:00:00:00:00:00,-35,11,1,0,1,1,1,0,0,0,1,-98,0,11,2,832386014,0,44,0,384,0,"[0,0,0,0,0,0,0,0,0,0,0,0,-5,-9,-5,-9,-5,-9,-5,-8,-5,-8,-5,-7,-5,-7,-5,-6,-6,-6,-6,-5,-6,-5,-6,-4,-6,-3,-6,-2,-7,-2,-8,-1,-8,0,-9,0,-10,1,-10,1,-11,1,-12,1,-12,0,-13,0,-13,0,-13,0,0,0,-13,0,-14,0,-14,0,-14,0,-14,-1,-14,-1,-14,-2,-14,-2,-13,-2,-13,-2,-13,-2,-12,-2,-12,-2,-12,-3,-12,-3,-11,-3,-11,-3,-10,-3,-10,-3,-9,-3,-9,-4,-9,-3,-9,-3,-8,-3,-8,-3,-8,-4,0,0,0,0,0,0,0,0,0,0,0,0,0,0,-29,59,-25,48,-25,53,-23,48,-16,52,-15,49,-16,48,-18,45,-9,44,-9,39,-3,38,-6,42,-4,38,1,38,3,37,5,32,16,32,15,29,19,27,25,30,29,27,34,33,33,30,36,33,41,36,48,41,47,40,46,37,48,42,52,45,53,43,49,48,52,49,52,46,49,52,51,53,47,57,44,55,40,59,39,59,38,55,37,53,35,51,40,52,32,51,37,50,31,51,27,53,25,45,23,49,22,42,17,42,19,41,19,40,19,38,20,39,16,42,0,0,0,0,0,0,0,0,0,0,0,0,0,0,0,0,0,0,0,0,0,0,-14,-39,-11,-40,-7,-43,-6,-42,-8,-43,-6,-41,-7,-43,-4,-42,-4,-48,-7,-49,-5,-50,1,-49,4,-50,2,-51,7,-53,5,-48,4,-48,6,-52,3,-51,10,-52,5,-50,6,-48,4,-48,2,-42,3,-40,-6,-42,-5,-40,-7,-41,-7,-39,-12,-42,-13,-40,-12,-42,-15,-40,-15,-42,-17,-39,-19,-40,-23,-40,-20,-38,-23,-39,-26,-35,-31,-37,-34,-35,-30,-33,-35,-38,-34,-37,-37,-33,-33,-33,-39,-30,-41,-32,-46,-28,-43,-28,-50,-20,-50,-28,-49,-23,-54,-26,-56,-24,-52,-27,0,0]",1
CSI_DATA,61999,1a:00:00:00:00:00,-36,11,1,0,1,1,1,0,0,0,1,-98,0,11,2,832406023,0,44,0,384,0,"[0,0,0,0,0,0,0,0,0,0,0,0,7,6,6,6,6,5,6,5,6,4,6,4,6,4,6,3,6,3,5,2,6,1,5,1,5,0,5,-1,6,-2,6,-3,6,-4,7,-4,7,-5,8,-5,9,-6,9,-6,10,-6,10,-6,10,-6,10,-7,0,0,11,-7,11,-7,12,-7,12,-7,12,-6,13,-6,13,-5,13,-4,12,-4,11,-4,11,-4,11,-4,11,-4,11,-4,11,-3,11,-3,10,-3,10,-2,10,-2,9,-2,9,-1,8,-1,8,-2,8,-2,8,-1,8,-1,0,0,0,0,0,0,0,0,0,0,0,0,0,0,17,-59,18,-57,14,-56,10,-49,7,-54,12,-48,12,-52,5,-49,5,-47,-1,-40,0,-39,-1,-36,-3,-42,-7,-42,-10,-36,-13,-27,-18,-33,-20,-29,-24,-22,-33,-25,-36,-24,-39,-24,-44,-24,-48,-25,-47,-28,-51,-34,-52,-33,-52,-36,-54,-32,-61,-36,-58,-37,-58,-42,-58,-39,-62,-37,-67,-41,-65,-44,-62,-45,-54,-49,-58,-52,-53,-52,-48,-46,-47,-48,-51,-47,-53,-45,-49,-47,-45,-48,-39,-44,-41,-51,-37,-46,-32,-45,-30,-41,-26,-41,-30,-43,-25,-43,-28,-43,-24,-39,-26,-40,0,0,0,0,0,0,0,0,0,0,0,0,0,0,0,0,0,0,0,0,0,0,12,41,8,41,1,44,4,41,2,44,3,43,4,47,6,49,0,51,-1,50,-4,48,-8,50,-10,53,-8,47,-8,49,-9,41,-8,48,-4,50,-8,46,-9,52,-11,46,-9,46,-8,45,-8,40,-5,37,2,41,2,39,2,41,4,32,7,34,13,35,11,36,11,37,14,38,16,36,20,38,20,34,21,33,22,32,26,29,25,33,30,29,35,34,38,31,34,27,33,28,37,26,36,28,42,23,37,23,43,22,42,16,45,19,50,13,43,17,53,16,53,19,0,0]",1
CSI_DATA,62000,1a:00:00:00:00:00,-36,11,1,0,1,1,1,0,0,0,1,-98,0,11,2,832416042,0,44,0,384,0,"[0,0,0,0,0,0,0,0,0,0,0,0,-7,7,-6,7,-6,7,-5,7,-5,6,-5,6,-4,6,-4,6,-4,6,-3,6,-2,6,-1,5,-1,5,1,5,1,5,2,5,3,6,4,6,5,7,5,8,6,8,6,9,6,9,7,9,7,10,7,10,0,0,7,11,7,11,8,11,7,12,7,12,6,13,6,13,5,12,5,12,5,12,5,11,5,11,5,11,5,11,4,11,3,11,3,11,3,10,2,10,2,9,2,9,2,9,2,9,2,8,2,9,1,8,0,0,0,0,0,0,0,0,0,0,0,0,0,0,60,-6,53,-4,55,-3,53,-8,54,-6,50,-8,47,-8,47,-10,43,-10,41,-14,36,-11,36,-16,36,-17,31,-23,30,-21,23,-23,21,-26,17,-28,13,-33,8,-34,4,-38,5,-48,6,-51,4,-52,6,-55,5,-60,8,-60,4,-66,11,-66,5,-69,5,-70,3,-74,7,-68,3,-76,6,-77,13,-78,14,-73,18,-76,23,-74,18,-73,20,-66,17,-68,18,-66,16,-66,25,-68,15,-64,21,-64,20,-59,22,-59,27,-53,22,-48,27,-47,22,-47,22,-43,17,-43,21,-49,24,-43,0,0,0,0,0,0,0,0,0,0,0,0,0,0,0,0,0,0,0,0,0,0,-46,17,-48,11,-40,9,-47,6,-50,10,-42,3,-49,4,-55,9,-51,6,-53,3,-55,0,-54,-5,-51,-1,-50,-2,-49,-7,-48,-1,-51,0,-50,-5,-48,-3,-48,-3,-46,-3,-49,-4,-47,-2,-43,1,-41,-1,-35,3,-36,7,-34,9,-35,8,-38,12,-32,14,-37,20,-34,21,-35,21,-35,27,-34,27,-30,27,-30,30,-29,27,-22,33,-26,31,-20,36,-22,41,-21,40,-20,39,-20,44,-19,37,-19,44,-15,46,-17,45,-6,46,-10,49,-7,43,-3,48,6,48,1,51,-1,53,0,0]",1
CSI_DATA,62001,1a:00:00:00:00:00,-36,11,1,0,1,1,1,0,0,0,1,-98,0,11,2,832426031,0,44,0,384,0,"[0,0,0,0,0,0,0,0,0,0,0,0,-8,-7,-8,-6,-8,-6,-8,-6,-7,-5,-8,-4,-7,-4,-7,-4,-7,-3,-7,-2,-6,-2,-6,-1,-6,0,-5,1,-6,1,-5,3,-6,4,-6,5,-6,5,-7,6,-7,7,-8,7,-9,7,-9,8,-9,8,-9,9,0,0,-10,9,-10,9,-10,10,-10,10,-11,9,-12,9,-12,8,-12,8,-12,7,-11,7,-11,7,-11,7,-11,7,-11,7,-11,6,-11,6,-10,5,-10,5,-10,5,-9,4,-9,4,-9,4,-8,4,-8,4,-9,4,-9,3,0,0,0,0,0,0,0,0,0,0,0,0,0,0,1,59,-4,60,0,56,-1,55,-1,56,1,50,-1,47,5,49,6,43,7,43,11,38,13,41,10,35,12,35,16,30,18,25,21,20,21,15,25,13,31,15,36,9,39,7,43,-5,49,5,53,2,57,2,60,3,61,6,66,7,66,2,66,5,72,3,70,4,78,4,72,8,78,8,75,15,81,13,76,21,71,19,67,20,66,14,64,18,66,16,61,18,66,15,60,20,61,22,58,22,52,21,51,26,45,23,44,17,49,18,45,17,44,21,42,19,0,0,0,0,0,0,0,0,0,0,0,0,0,0,0,0,0,0,0,0,0,0,-1,-43,-1,-42,5,-47,8,-48,8,-47,6,-44,5,-46,10,-50,11,-52,12,-52,14,-54,16,-47,14,-53,14,-50,15,-47,14,-46,11,-44,15,-52,12,-45,10,-47,11,-45,13,-49,15,-43,10,-41,7,-35,2,-41,4,-38,-1,-35,-5,-33,-11,-33,-9,-33,-12,-33,-14,-34,-19,-37,-21,-32,-23,-33,-20,-38,-27,-34,-26,-33,-33,-34,-31,-29,-33,-31,-41,-28,-37,-32,-39,-31,-38,-32,-39,-28,-41,-21,-45,-24,-42,-16,-45,-18,-39,-14,-43,-13,-51,-11,-52,-8,-50,-5,-51,-2,0,0]",1
CSI_DATA,62002,1a:00:00:00:00:00,-36,11,1,0,1,1,1,0,0,0,1,-98,0,11,2,832446017,0,44,0,384,0,"[0,0,0,0,0,0,0,0,0,0,0,0,8,5,7,5,7,5,7,4,7,4,6,3,7,2,6,2,6,2,6,2,5,1,5,0,4,0,4,-1,4,-2,4,-3,3,-4,3,-5,3,-6,4,-7,4,-8,5,-9,6,-9,6,-9,6,-10,6,-10,0,0,7,-11,7,-11,7,-11,7,-12,8,-11,8,-11,9,-11,9,-10,9,-10,9,-9,8,-9,9,-9,8,-8,8,-8,8,-8,8,-8,8,-7,8,-7,8,-7,7,-6,7,-6,7,-5,6,-6,6,-5,7,-5,7,-5,0,0,0,0,0,0,0,0,0,0,0,0,0,0,-4,-55,2,-58,-8,-57,-3,-56,-6,-56,-6,-52,-9,-52,-3,-49,-14,-42,-11,-42,-10,-39,-12,-38,-13,-35,-17,-32,-16,-27,-17,-22,-18,-18,-20,-10,-22,-6,-24,-8,-30,-3,-37,0,-40,4,-44,6,-52,4,-55,3,-54,6,-56,5,-62,5,-56,8,-63,6,-67,5,-66,5,-69,7,-79,7,-75,0,-75,1,-73,-6,-70,-7,-73,-8,-68,-8,-66,-4,-67,-8,-64,-8,-65,-10,-62,-13,-62,-13,-61,-14,-58,-13,-49,-17,-49,-11,-49,-16,-47,-14,-43,-9,-42,-14,-44,-11,-47,-17,0,0,0,0,0,0,0,0,0,0,0,0,0,0,0,0,0,0,0,0,0,0,11,45,7,49,9,46,1,51,5,47,3,48,-1,49,0,50,0,51,1,51,-5,55,-5,54,-3,51,-2,55,-5,52,-5,51,-3,52,-1,53,-3,55,-4,53,-5,49,-5,53,-7,50,-7,45,-2,43,1,39,1,41,5,38,5,34,8,32,10,34,13,32,23,35,21,33,28,34,28,35,31,32,28,32,29,32,32,27,33,24,35,24,43,26,42,25,42,23,45,30,46,23,44,20,44,17,42,14,45,13,45,9,51,7,44,5,49,7,57,1,51,0,0,0]",1
CSI_DATA,62003,1a:00:00:00:00:00,-37,11,1,0,1,1,1,0,0,0,1,-98,0,11,2,832456016,0,44,0,384,0,"[0,0,0,0,0,0,0,0,0,0,0,0,-6,8,-6,8,-5,7,-5,7,-5,7,-5,7,-4,7,-4,7,-3,6,-3,6,-2,5,-2,5,-1,5,0,4,1,4,2,3,3,3,4,3,5,3,6,4,7,4,7,5,8,5,8,5,9,6,9,6,0,0,9,6,10,6,10,6,10,7,10,7,10,8,10,8,9,8,9,8,8,8,8,7,8,8,8,8,8,8,8,7,7,7,7,7,6,7,5,7,5,7,5,7,5,6,5,6,5,6,5,6,4,6,0,0,0,0,0,0,0,0,0,0,0,0,0,0,59,-4,57,0,59,-3,57,0,56,-1,48,-9,44,-7,50,-8,46,-4,42,-8,44,-14,37,-13,33,-12,32,-11,30,-12,26,-18,21,-20,19,-20,13,-23,9,-24,8,-29,0,-29,0,-38,-4,-42,0,-44,-4,-50,-5,-53,-4,-56,-3,-64,-4,-61,-6,-62,-7,-65,-6,-63,-3,-71,-8,-70,2,-74,4,-78,6,-75,9,-73,4,-73,11,-64,7,-68,7,-65,7,-66,7,-67,8,-62,11,-60,12,-60,14,-56,13,-52,16,-52,16,-48,13,-49,15,-44,12,-45,14,-41,13,-44,0,0,0,0,0,0,0,0,0,0,0,0,0,0,0,0,0,0,0,0,0,0,-45,12,-52,9,-48,14,-52,5,-49,4,-53,8,-48,2,-55,5,-52,0,-57,1,-59,-3,-64,-4,-56,-1,-55,-5,-60,-4,-58,-1,-53,-2,-51,0,-60,-1,-58,-5,-61,-4,-59,-4,-52,-4,-52,-3,-48,-2,-47,4,-40,5,-40,6,-36,6,-39,13,-37,17,-37,18,-34,19,-40,21,-35,29,-39,27,-37,27,-35,31,-36,31,-32,35,-30,32,-29,36,-28,44,-27,42,-27,42,-21,41,-20,44,-25,45,-20,45,-18,43,-16,44,-10,50,-8,52,-7,44,-7,53,-4,54,2,57,0,0]",1
CSI_DATA,62004,1a:00:00:00:00:00,-37,11,1,0,1,1,1,0,0,0,1,-98,0,11,2,832466039,0,44,0,384,0,"[0,0,0,0,0,0,0,0,0,0,0,0,-9,-7,-9,-6,-9,-6,-9,-6,-8,-5,-8,-5,-8,-5,-7,-4,-7,-4,-7,-4,-7,-3,-6,-2,-6,-2,-5,-1,-5,0,-5,2,-5,2,-5,3,-5,4,-6,5,-6,6,-7,6,-7,7,-7,7,-8,8,-8,8,0,0,-9,8,-9,8,-9,9,-9,9,-10,9,-11,8,-11,7,-11,7,-11,7,-11,7,-10,7,-10,6,-10,6,-10,6,-10,6,-10,5,-10,5,-10,5,-9,4,-9,3,-9,3,-8,2,-8,3,-8,3,-8,3,-8,2,0,0,0,0,0,0,0,0,0,0,0,0,0,0,6,62,10,55,8,53,6,56,11,57,7,52,11,54,9,47,16,45,13,45,18,35,15,41,15,34,14,34,15,34,16,26,16,26,22,17,19,10,23,7,30,0,28,-2,39,-4,37,-7,42,-7,49,-5,54,-7,54,-7,56,-5,57,-11,59,-12,66,-13,62,-10,63,-8,67,-6,67,-7,68,-1,69,-3,68,5,68,4,61,2,63,1,64,4,62,3,64,5,55,5,56,5,58,7,54,9,48,8,49,12,43,10,45,7,44,12,41,6,44,7,39,12,0,0,0,0,0,0,0,0,0,0,0,0,0,0,0,0,0,0,0,0,0,0,-28,-41,-26,-44,-22,-45,-20,-48,-19,-51,-21,-43,-17,-50,-20,-50,-16,-55,-18,-51,-19,-59,-20,-58,-13,-56,-12,-57,-14,-59,-12,-55,-18,-57,-14,-61,-9,-58,-11,-58,-9,-59,-10,-58,-9,-56,-10,-53,-8,-53,-13,-46,-16,-43,-15,-43,-18,-38,-21,-38,-24,-31,-29,-34,-27,-32,-28,-32,-34,-33,-39,-35,-40,-30,-41,-27,-39,-28,-42,-26,-44,-25,-47,-21,-49,-21,-52,-21,-44,-14,-54,-18,-53,-16,-47,-18,-58,-13,-52,-13,-51,-8,-51,-4,-53,-8,-53,2,-50,6,-55,2,-59,-1,0,0]",1
CSI_DATA,62005,1a:00:00:00:00:00,-36,11,1,0,1,1,1,0,0,0,1,-98,0,11,2,832486028,0,44,0,384,0,"[0,0,0,0,0,0,0,0,0,0,0,0,9,5,9,4,9,4,8,4,8,4,8,4,8,3,7,3,7,3,7,2,6,2,6,1,5,1,5,0,4,-1,4,-2,4,-3,4,-4,4,-5,4,-6,5,-7,5,-7,6,-8,6,-8,6,-8,6,-8,0,0,7,-9,7,-9,7,-9,7,-9,8,-9,8,-9,9,-9,9,-8,8,-8,9,-7,8,-8,8,-7,8,-7,8,-7,8,-7,8,-6,8,-6,8,-6,8,-5,7,-5,7,-4,7,-4,7,-4,6,-4,6,-4,6,-4,0,0,0,0,0,0,0,0,0,0,0,0,0,0,-21,-61,-17,-57,-21,-56,-20,-60,-23,-54,-18,-53,-20,-51,-15,-55,-19,-50,-19,-41,-18,-41,-24,-38,-21,-36,-21,-32,-22,-30,-24,-27,-20,-28,-20,-17,-23,-14,-29,-9,-32,0,-31,0,-36,-1,-35,6,-46,4,-49,9,-49,11,-53,12,-53,8,-56,11,-55,11,-55,14,-61,16,-58,14,-62,8,-63,8,-62,12,-65,9,-65,6,-69,5,-61,0,-60,-2,-60,2,-61,1,-55,-1,-56,5,-57,-2,-57,-5,-55,-4,-49,-3,-45,-6,-43,-8,-40,-3,-43,-9,-36,-8,-38,-6,-42,-10,0,0,0,0,0,0,0,0,0,0,0,0,0,0,0,0,0,0,0,0,0,0,34,31,31,36,29,38,30,35,27,36,26,34,29,39,29,38,30,46,30,47,31,50,31,55,23,54,28,54,24,50,24,53,28,49,26,56,28,51,26,53,25,59,22,58,24,57,22,49,22,44,19,47,23,42,25,39,28,35,29,33,29,30,34,30,36,27,40,25,39,26,41,26,43,25,40,26,45,23,46,16,46,17,48,15,50,13,55,11,52,10,52,1,55,9,56,4,56,8,54,4,51,4,50,-3,51,-3,51,-16,54,-8,56,-19,55,-14,0,0]",1
CSI_DATA,62006,1a:00:00:00:00:00,-36,11,1,0,1,1,1,0,0,0,1,-98,0,11,2,832496037,0,44,0,384,0,"[0,0,0,0,0,0,0,0,0,0,0,0,-4,10,-4,10,-4,9,-4,9,-3,9,-3,9,-3,8,-3,8,-3,7,-2,7,-2,7,-2,6,-1,5,0,5,0,4,1,4,2,4,3,3,4,3,5,4,6,4,6,4,7,5,7,5,7,5,8,5,0,0,8,6,8,6,9,6,9,6,9,7,9,7,8,7,8,7,7,8,7,7,7,7,7,7,7,7,7,7,6,7,6,7,6,7,5,7,5,7,4,7,4,7,3,7,3,6,3,6,3,6,3,6,0,0,0,0,0,0,0,0,0,0,0,0,0,0,55,-29,56,-25,51,-27,52,-28,55,-23,50,-26,50,-29,48,-24,44,-26,40,-24,39,-20,38,-24,35,-25,32,-23,32,-22,26,-22,23,-21,16,-23,16,-24,7,-23,2,-28,3,-31,-4,-32,-6,-39,-8,-36,-11,-47,-10,-48,-11,-49,-7,-53,-14,-54,-8,-56,-8,-60,-10,-53,-11,-56,-13,-61,-11,-62,-9,-60,-9,-65,-6,-65,0,-62,1,-57,-1,-58,2,-60,-1,-60,0,-57,3,-56,7,-54,5,-56,9,-50,9,-48,11,-43,8,-41,11,-42,9,-42,5,-39,14,-34,16,-39,0,0,0,0,0,0,0,0,0,0,0,0,0,0,0,0,0,0,0,0,0,0,-10,43,-16,44,-17,46,-21,45,-22,44,-22,38,-23,43,-26,44,-27,46,-28,48,-33,46,-39,48,-38,45,-39,45,-39,45,-36,45,-41,45,-39,43,-42,44,-40,42,-39,45,-41,40,-43,34,-43,37,-39,33,-34,35,-34,35,-31,38,-26,38,-27,38,-21,39,-21,46,-21,43,-18,45,-18,43,-18,51,-15,48,-13,46,-12,48,-10,47,-1,50,-3,51,-3,54,-2,51,4,53,3,58,0,55,8,52,8,50,8,53,7,50,13,50,14,49,13,51,19,56,26,50,20,53,0,0]",1
CSI_DATA,62007,1a:00:00:00:00:00,-36,11,1,0,1,1,1,0,0,0,1,-98,0,11,2,832506046,0,44,0,384,0,"[0,0,0,0,0,0,0,0,0,0,0,0,-11,-1,-11,-1,-11,-1,-11,-1,-10,-1,-10,-1,-10,0,-9,0,-9,0,-8,0,-8,0,-7,0,-6,0,-6,1,-5,1,-4,3,-4,3,-4,4,-3,5,-3,6,-3,6,-3,7,-4,8,-4,8,-4,8,-4,9,0,0,-4,9,-4,9,-5,9,-5,10,-5,10,-5,10,-6,10,-6,9,-6,9,-6,9,-6,8,-6,8,-6,8,-6,8,-6,8,-6,7,-7,7,-7,7,-7,6,-6,5,-7,5,-6,5,-6,5,-6,4,-6,4,-6,4,0,0,0,0,0,0,0,0,0,0,0,0,0,0,46,47,39,46,46,43,41,45,43,40,40,38,38,35,42,38,39,33,39,34,36,30,38,31,39,26,35,30,32,25,30,18,35,14,27,8,26,7,23,3,27,-5,25,-11,28,-11,30,-16,34,-17,39,-22,42,-24,42,-21,46,-22,45,-27,49,-27,53,-27,47,-23,49,-32,52,-28,54,-29,56,-22,58,-22,57,-20,57,-20,52,-20,53,-16,51,-21,50,-21,52,-15,54,-13,53,-13,53,-11,50,-9,44,-7,46,-3,46,-4,42,-3,40,-1,40,-3,36,1,38,0,0,0,0,0,0,0,0,0,0,0,0,0,0,0,0,0,0,0,0,0,0,0,-46,2,-48,1,-49,0,-51,-2,-46,-2,-54,-8,-48,-4,-55,-6,-56,-8,-56,-6,-59,-14,-59,-15,-60,-17,-54,-17,-58,-23,-57,-19,-58,-19,-57,-21,-62,-22,-58,-24,-59,-26,-53,-25,-53,-24,-52,-24,-51,-20,-52,-19,-47,-16,-51,-15,-50,-14,-52,-10,-48,-10,-52,-4,-51,-4,-54,-1,-52,-1,-49,2,-47,6,-52,4,-49,2,-53,10,-50,13,-50,16,-53,19,-51,18,-54,19,-48,17,-52,21,-47,22,-54,26,-45,25,-46,30,-44,31,-45,35,-42,37,-45,40,-47,41,-41,41,0,0]",1
CSI_DATA,62008,1a:00:00:00:00:00,-35,11,1,0,1,1,1,0,0,0,1,-98,0,11,2,832527001,0,44,0,384,0,"[0,0,0,0,0,0,0,0,0,0,0,0,3,10,3,10,3,9,3,9,3,9,3,9,3,8,3,8,3,8,3,7,3,7,3,6,3,5,3,4,3,4,3,3,4,2,5,2,5,1,6,1,7,1,7,1,8,1,8,1,9,2,8,1,0,0,9,2,9,2,9,1,9,2,9,2,10,2,10,2,9,3,9,3,9,3,9,3,8,3,8,3,8,3,8,3,8,4,8,4,7,4,7,4,6,4,6,4,5,4,5,4,5,4,5,4,4,4,0,0,0,0,0,0,0,0,0,0,0,0,0,0,25,-62,31,-55,28,-54,28,-54,27,-56,27,-53,25,-51,26,-54,24,-51,24,-47,18,-45,17,-47,18,-47,13,-41,15,-39,10,-40,5,-40,6,-34,4,-34,-3,-30,-10,-30,-12,-32,-14,-33,-18,-34,-26,-36,-24,-39,-28,-40,-28,-43,-26,-46,-30,-43,-29,-45,-26,-45,-26,-44,-27,-44,-29,-45,-31,-47,-26,-49,-25,-52,-24,-52,-22,-51,-18,-50,-20,-50,-19,-52,-20,-51,-17,-51,-20,-49,-12,-49,-14,-50,-12,-48,-8,-44,-5,-44,-6,-37,-5,-41,-3,-40,-2,-39,0,-36,-2,-39,0,0,0,0,0,0,0,0,0,0,0,0,0,0,0,0,0,0,0,0,0,0,29,32,31,37,24,37,26,43,24,41,24,42,23,43,24,43,25,50,27,48,23,52,18,53,16,56,16,56,12,58,14,57,15,58,9,59,12,60,13,59,9,59,4,62,7,59,4,57,2,52,8,52,8,50,9,52,9,48,8,48,17,46,18,50,18,46,18,47,22,47,25,48,24,42,28,45,26,47,29,43,33,38,38,38,36,40,38,42,43,38,42,37,42,37,39,38,42,31,40,29,45,30,44,32,48,31,45,29,53,27,53,28,51,29,0,0]",1
CSI_DATA,62009,1a:00:00:00:00:00,-35,11,1,0,1,1,1,0,0,0,1,-98,0,11,2,832536032,0,44,0,384,0,"[0,0,0,0,0,0,0,0,0,0,0,0,1,11,1,10,1,11,1,10,1,10,1,9,1,9,1,9,1,8,1,8,1,8,1,7,1,6,2,6,2,5,3,4,3,3,4,3,5,3,6,3,6,3,7,3,7,3,8,4,8,4,8,4,0,0,8,4,8,4,8,4,9,4,9,4,9,5,9,5,8,5,8,5,8,5,8,5,8,5,7,5,7,5,7,5,7,5,7,6,6,6,6,6,5,6,4,6,4,5,4,5,3,5,3,5,3,5,0,0,0,0,0,0,0,0,0,0,0,0,0,0,31,-60,38,-56,30,-55,30,-57,32,-52,27,-50,25,-51,27,-54,25,-51,21,-48,22,-49,19,-47,17,-48,19,-40,18,-41,14,-38,9,-38,8,-33,5,-31,1,-31,-4,-33,-10,-31,-17,-36,-24,-35,-16,-39,-25,-39,-21,-42,-22,-47,-19,-46,-22,-46,-23,-46,-25,-51,-26,-46,-27,-46,-29,-49,-23,-52,-24,-52,-20,-52,-23,-57,-18,-50,-13,-50,-16,-53,-15,-50,-16,-51,-13,-51,-13,-51,-9,-52,-9,-51,-5,-49,-3,-44,-4,-44,-1,-43,-1,-45,1,-41,4,-38,-1,-36,3,-34,0,0,0,0,0,0,0,0,0,0,0,0,0,0,0,0,0,0,0,0,0,0,30,35,24,38,27,38,27,44,21,41,23,41,22,44,25,47,25,49,21,52,13,57,16,58,20,62,15,60,7,61,16,56,11,59,9,59,9,65,5,65,4,59,4,65,4,55,4,56,0,53,6,51,4,53,7,48,10,46,11,48,12,47,15,49,18,45,20,45,21,50,23,44,24,46,27,47,25,43,27,40,28,39,34,39,34,42,37,42,37,39,40,38,37,38,40,39,40,37,40,37,43,38,47,33,52,34,46,33,47,33,53,35,51,33,0,0]",1
CSI_DATA,62010,1a:00:00:00:00:00,-35,11,1,0,1,1,1,0,0,0,1,-98,0,11,2,832566016,0,44,0,384,0,"[0,0,0,0,0,0,0,0,0,0,0,0,10,-6,9,-6,9,-6,9,-6,9,-6,8,-5,8,-6,8,-5,8,-5,7,-5,7,-5,6,-5,6,-5,5,-4,4,-5,3,-5,2,-5,2,-6,1,-6,1,-7,1,-8,0,-8,1,-9,0,-9,0,-10,0,-10,0,0,0,-10,0,-10,0,-10,0,-11,0,-11,1,-11,1,-11,2,-11,2,-11,2,-10,2,-10,2,-10,2,-10,2,-10,2,-10,3,-9,3,-9,3,-9,3,-8,3,-7,3,-7,3,-7,3,-6,3,-6,3,-6,3,-6,0,0,0,0,0,0,0,0,0,0,0,0,0,0,-67,-17,-60,-16,-62,-13,-62,-14,-66,-10,-57,-12,-58,-15,-61,-15,-60,-12,-54,-8,-54,-15,-51,-15,-53,-8,-45,-8,-47,-8,-43,-3,-40,-2,-41,1,-37,0,-31,3,-30,9,-32,16,-31,19,-27,22,-30,26,-26,27,-35,28,-34,35,-40,31,-34,36,-37,33,-38,36,-38,35,-39,40,-40,42,-40,39,-42,36,-44,38,-48,39,-48,34,-46,32,-40,33,-43,29,-44,35,-46,28,-46,27,-43,24,-45,24,-43,17,-43,17,-41,16,-38,12,-40,10,-36,11,-38,11,-34,11,-36,8,0,0,0,0,0,0,0,0,0,0,0,0,0,0,0,0,0,0,0,0,0,0,27,-40,32,-36,30,-35,34,-35,39,-35,37,-34,38,-31,41,-32,42,-33,44,-36,49,-29,50,-31,52,-32,57,-29,57,-30,53,-26,55,-24,57,-23,56,-26,53,-24,59,-21,56,-19,55,-22,51,-19,48,-17,50,-19,50,-22,44,-25,44,-25,39,-26,40,-28,41,-31,40,-28,39,-31,40,-33,39,-34,38,-36,37,-36,38,-37,31,-43,35,-43,31,-44,32,-46,31,-47,27,-47,33,-52,26,-50,25,-52,29,-50,25,-50,22,-49,19,-53,21,-57,13,-56,15,-64,10,-59,16,-59,0,0]",1
CSI_DATA,62011,1a:00:00:00:00:00,-34,11,1,0,1,1,1,0,0,0,1,-98,0,11,2,832576021,0,44,0,384,0,"[0,0,0,0,0,0,0,0,0,0,0,0,6,9,6,9,6,9,6,9,6,8,5,8,5,8,5,8,5,7,5,7,5,7,4,6,4,5,4,5,4,4,5,3,5,2,5,1,6,1,6,1,7,0,8,0,8,0,9,0,9,0,9,0,0,0,9,0,10,0,9,0,10,0,10,0,11,1,10,1,10,2,10,2,10,2,10,2,9,2,9,2,9,2,9,2,8,3,8,3,8,3,8,3,7,3,6,4,6,4,6,3,5,3,5,3,5,3,0,0,0,0,0,0,0,0,0,0,0,0,0,0,10,-62,10,-62,6,-60,6,-61,11,-60,9,-60,8,-62,10,-59,6,-54,5,-52,5,-53,5,-49,5,-50,6,-46,1,-47,0,-44,1,-43,2,-34,-3,-34,-8,-28,-14,-30,-19,-29,-21,-28,-23,-26,-25,-24,-30,-31,-31,-31,-32,-34,-35,-37,-40,-35,-36,-37,-37,-39,-40,-38,-41,-35,-36,-39,-40,-39,-38,-38,-37,-45,-37,-47,-36,-43,-32,-43,-30,-46,-28,-48,-31,-43,-32,-44,-30,-44,-25,-41,-26,-47,-22,-41,-18,-43,-16,-43,-13,-39,-10,-36,-12,-36,-10,-35,-10,-34,-4,-34,0,0,0,0,0,0,0,0,0,0,0,0,0,0,0,0,0,0,0,0,0,0,42,22,39,22,38,27,37,29,38,32,39,29,40,32,38,36,40,37,42,42,40,43,38,44,37,49,35,50,34,46,32,50,33,50,33,55,32,51,31,54,28,55,23,54,26,48,20,53,23,43,24,47,22,43,27,42,25,40,28,35,28,38,31,40,31,35,33,35,35,37,35,34,37,35,36,36,38,29,39,32,42,25,44,24,48,24,53,27,48,24,46,23,46,25,50,24,52,21,52,22,52,20,49,14,52,15,56,15,54,14,58,10,63,9,0,0]",1
CSI_DATA,62012,1a:00:00:00:00:00,-34,11,1,0,1,1,1,0,0,0,1,-98,0,11,2,832586043,0,44,0,384,0,"[0,0,0,0,0,0,0,0,0,0,0,0,-10,7,-9,7,-9,7,-9,6,-9,7,-9,6,-8,6,-8,6,-8,6,-8,5,-8,5,-7,5,-6,5,-5,5,-4,4,-3,5,-3,5,-2,6,-1,6,-1,7,0,7,0,8,0,9,0,9,0,9,0,9,0,0,0,10,0,10,0,10,0,11,0,10,-1,11,-1,11,-1,10,-2,10,-2,10,-2,10,-2,10,-2,9,-2,9,-3,9,-2,8,-3,9,-3,8,-3,8,-3,7,-4,7,-4,7,-4,6,-4,6,-4,6,-4,5,0,0,0,0,0,0,0,0,0,0,0,0,0,0,68,-1,62,-2,64,-2,62,-2,60,-5,59,-3,58,-6,60,-3,54,1,54,-7,56,-5,49,-5,52,-4,45,-3,43,-5,44,-6,34,-6,32,-11,31,-13,26,-13,27,-18,22,-21,23,-29,20,-30,21,-34,23,-37,25,-38,29,-41,27,-41,25,-44,24,-44,32,-48,30,-43,29,-46,30,-47,31,-51,34,-47,36,-49,36,-44,36,-46,34,-41,34,-44,35,-39,35,-41,37,-39,33,-36,41,-35,32,-32,40,-31,36,-25,38,-26,38,-20,31,-20,28,-18,30,-16,30,-19,34,-18,0,0,0,0,0,0,0,0,0,0,0,0,0,0,0,0,0,0,0,0,0,0,-17,44,-18,46,-21,43,-25,44,-24,41,-30,43,-29,42,-32,43,-36,42,-32,43,-39,42,-38,44,-43,43,-45,42,-52,41,-44,37,-47,41,-46,39,-48,39,-53,34,-49,32,-53,31,-46,23,-47,29,-43,27,-40,26,-40,30,-42,33,-38,34,-37,36,-33,32,-33,37,-31,34,-32,36,-30,41,-31,42,-28,39,-26,40,-25,43,-20,43,-23,47,-16,47,-20,50,-17,46,-15,53,-13,50,-16,52,-12,51,-13,56,-11,52,-9,53,-8,56,-5,58,-3,54,0,57,1,62,4,60,0,0]",1
CSI_DATA,62013,1a:00:00:00:00:00,-34,11,1,0,1,1,1,0,0,0,1,-98,0,11,2,832606038,0,44,0,384,0,"[0,0,0,0,0,0,0,0,0,0,0,0,7,-10,6,-10,6,-9,6,-9,6,-9,6,-9,5,-9,5,-8,5,-8,4,-7,4,-8,4,-7,3,-7,2,-7,2,-6,1,-6,0,-6,-1,-6,-2,-7,-3,-8,-3,-8,-3,-9,-3,-9,-4,-10,-3,-10,-4,-10,0,0,-3,-10,-3,-10,-3,-11,-3,-11,-3,-11,-3,-11,-3,-11,-2,-11,-1,-11,-2,-11,-2,-10,-1,-11,-1,-10,-1,-10,-1,-10,-1,-10,0,-10,0,-9,0,-9,1,-8,1,-8,1,-8,1,-8,1,-7,1,-7,1,-7,0,0,0,0,0,0,0,0,0,0,0,0,0,0,-63,9,-60,9,-63,11,-60,11,-60,12,-63,11,-56,4,-56,9,-53,10,-54,9,-48,7,-50,8,-49,7,-46,10,-40,8,-37,9,-33,11,-31,17,-27,16,-27,18,-26,24,-17,25,-16,28,-17,33,-15,38,-19,38,-20,40,-23,43,-24,48,-19,47,-24,44,-24,46,-21,46,-19,48,-20,50,-23,49,-26,50,-27,50,-30,48,-33,46,-34,43,-31,45,-31,39,-29,45,-32,42,-28,43,-34,36,-31,41,-32,29,-34,29,-30,30,-30,26,-28,26,-29,20,-26,22,-29,20,-29,16,0,0,0,0,0,0,0,0,0,0,0,0,0,0,0,0,0,0,0,0,0,0,11,-47,16,-45,19,-46,24,-44,23,-43,22,-40,25,-43,26,-45,27,-45,32,-45,36,-43,38,-44,38,-45,43,-44,45,-41,40,-40,41,-43,43,-44,47,-44,47,-37,46,-36,47,-36,45,-36,41,-33,40,-31,40,-32,39,-31,34,-34,33,-35,33,-40,28,-35,31,-42,25,-37,27,-41,26,-42,27,-42,23,-40,23,-41,21,-44,18,-44,15,-47,10,-46,12,-52,10,-49,9,-53,6,-51,5,-53,8,-53,6,-54,4,-51,3,-55,0,-55,1,-58,-3,-50,-2,-59,-9,-63,-9,-61,0,0]",1
CSI_DATA,62014,1a:00:00:00:00:00,-34,11,1,0,1,1,1,0,0,0,1,-98,0,11,2,832616027,0,44,0,384,0,"[0,0,0,0,0,0,0,0,0,0,0,0,9,6,9,6,9,6,8,6,8,6,8,5,8,5,7,5,7,5,7,4,6,4,6,3,6,3,5,2,5,1,5,0,5,-1,5,-1,6,-2,6,-3,7,-3,7,-3,8,-4,8,-4,9,-4,9,-4,0,0,9,-4,9,-4,9,-4,10,-4,10,-4,10,-3,10,-3,10,-3,10,-2,10,-2,10,-2,9,-2,9,-2,9,-2,9,-2,9,-1,8,-1,8,-1,8,0,7,0,7,0,7,0,6,0,6,0,6,0,6,0,0,0,0,0,0,0,0,0,0,0,0,0,0,0,-23,-61,-17,-60,-22,-56,-23,-58,-22,-57,-19,-55,-23,-57,-22,-56,-18,-52,-17,-54,-18,-48,-17,-47,-19,-46,-18,-41,-17,-40,-20,-34,-20,-35,-20,-30,-22,-25,-23,-16,-27,-15,-29,-15,-33,-10,-35,-11,-40,-11,-43,-10,-50,-10,-50,-7,-50,-13,-51,-11,-49,-9,-56,-11,-55,-14,-55,-9,-56,-12,-55,-15,-54,-19,-55,-16,-51,-20,-54,-20,-50,-19,-50,-17,-52,-21,-50,-19,-46,-20,-47,-20,-45,-22,-45,-26,-40,-20,-35,-23,-37,-24,-34,-24,-33,-22,-31,-22,-31,-24,-30,-22,-24,-22,0,0,0,0,0,0,0,0,0,0,0,0,0,0,0,0,0,0,0,0,0,0,45,8,45,11,47,16,40,19,44,21,42,19,46,21,43,24,47,27,45,30,47,32,51,33,49,32,44,38,45,37,41,33,45,37,47,35,43,42,43,40,40,43,36,44,35,35,39,33,36,33,36,34,36,32,33,32,36,27,38,27,36,19,40,23,43,25,44,24,46,19,42,20,42,18,47,10,44,14,42,9,48,6,50,5,46,4,53,1,48,2,55,2,57,-1,52,-3,50,-4,55,-8,50,-12,54,-13,53,-9,52,-16,58,-14,59,-14,53,-13,0,0]",1
CSI_DATA,62015,1a:00:00:00:00:00,-34,11,1,0,1,1,1,0,0,0,1,-98,0,11,2,832626036,0,44,0,384,0,"[0,0,0,0,0,0,0,0,0,0,0,0,-8,8,-8,8,-8,8,-8,8,-8,7,-7,7,-7,7,-7,7,-7,6,-6,6,-6,6,-5,6,-4,5,-4,5,-3,5,-2,5,-1,5,0,6,1,6,1,7,1,7,1,8,1,9,1,9,1,9,1,10,0,0,1,10,1,10,1,10,1,11,1,11,1,11,0,11,-1,11,-1,10,-1,10,-1,10,-1,10,-1,9,-1,9,-2,9,-2,9,-2,9,-2,8,-2,8,-3,7,-3,7,-3,7,-2,6,-2,6,-3,6,-3,6,0,0,0,0,0,0,0,0,0,0,0,0,0,0,66,-2,67,3,63,0,62,-2,65,0,58,-1,60,-1,59,-1,52,-2,57,2,53,0,49,-1,52,1,48,-5,44,-4,40,-4,39,-6,34,-11,28,-17,28,-13,26,-16,24,-28,23,-32,25,-30,27,-34,31,-41,26,-39,29,-44,30,-47,31,-44,32,-47,33,-45,35,-47,34,-49,32,-46,39,-47,41,-45,41,-43,41,-39,43,-40,42,-31,42,-37,40,-36,40,-37,40,-35,41,-30,43,-35,45,-30,39,-28,36,-20,37,-20,35,-13,34,-17,33,-14,32,-18,32,-11,30,-14,0,0,0,0,0,0,0,0,0,0,0,0,0,0,0,0,0,0,0,0,0,0,-17,45,-20,45,-24,43,-25,42,-29,45,-26,41,-30,42,-34,45,-35,45,-34,46,-41,41,-41,45,-44,40,-44,47,-47,37,-48,35,-46,37,-51,38,-48,36,-53,32,-48,32,-51,32,-45,30,-48,30,-45,27,-40,29,-39,25,-37,32,-36,37,-36,35,-33,33,-34,34,-33,35,-37,37,-30,41,-30,44,-30,41,-29,40,-25,41,-23,44,-20,44,-16,45,-20,48,-21,53,-17,53,-13,45,-13,49,-15,49,-16,50,-10,55,-11,54,-3,58,-7,59,-7,54,0,60,1,65,-3,58,0,0]",1
CSI_DATA,62016,1a:00:00:00:00:00,-34,11,1,0,1,1,1,0,0,0,1,-98,0,11,2,832647045,0,44,0,384,0,"[0,0,0,0,0,0,0,0,0,0,0,0,11,5,10,4,10,5,10,4,10,4,9,4,9,4,9,4,8,4,8,3,7,3,7,2,6,2,6,1,6,0,6,-1,6,-2,7,-2,6,-3,7,-4,8,-4,8,-4,9,-4,9,-4,9,-4,9,-5,0,0,10,-4,10,-5,10,-5,10,-5,10,-4,11,-4,11,-3,11,-3,11,-3,10,-2,10,-3,9,-2,9,-2,9,-2,9,-2,9,-1,9,-1,8,-1,8,0,8,0,8,0,7,0,7,0,6,0,6,0,6,1,0,0,0,0,0,0,0,0,0,0,0,0,0,0,-20,-63,-18,-60,-22,-66,-21,-62,-20,-59,-21,-60,-24,-59,-24,-59,-20,-54,-18,-57,-20,-50,-18,-48,-20,-47,-18,-39,-20,-41,-20,-39,-22,-34,-20,-31,-24,-27,-25,-22,-31,-22,-36,-18,-37,-19,-42,-16,-45,-18,-49,-17,-51,-19,-53,-22,-51,-21,-53,-19,-49,-20,-54,-23,-49,-21,-55,-20,-53,-22,-58,-29,-52,-30,-55,-32,-51,-34,-48,-35,-47,-31,-48,-31,-41,-31,-45,-29,-40,-31,-41,-30,-41,-34,-36,-34,-35,-32,-31,-33,-28,-34,-28,-32,-25,-30,-22,-28,-25,-28,-23,-28,-18,-30,0,0,0,0,0,0,0,0,0,0,0,0,0,0,0,0,0,0,0,0,0,0,43,-3,47,1,43,5,42,9,43,9,47,11,45,12,45,12,48,15,49,19,49,21,50,23,49,27,50,25,47,27,46,27,48,27,47,33,49,32,44,31,41,33,40,34,43,29,41,29,37,27,41,26,41,22,43,23,40,19,42,18,40,18,43,20,42,17,43,17,44,15,44,11,41,11,44,11,44,2,46,7,48,2,48,-2,51,0,49,-1,53,-3,52,-11,53,-6,49,-6,55,-10,51,-11,53,-10,50,-15,53,-13,50,-16,55,-23,59,-20,58,-17,0,0]",1
CSI_DATA,62017,1a:00:00:00:00:00,-34,11,1,0,1,1,1,0,0,0,1,-98,0,11,2,832656025,0,44,0,384,0,"[0,0,0,0,0,0,0,0,0,0,0,0,9,6,9,6,9,6,8,6,8,6,8,6,8,6,7,5,7,5,7,4,7,4,6,3,6,3,6,2,6,1,6,0,6,0,6,-1,7,-2,8,-2,8,-3,9,-3,9,-3,10,-3,10,-3,10,-3,0,0,10,-3,10,-2,10,-3,10,-3,11,-2,11,-2,11,-1,10,-1,11,-1,10,-1,10,-1,9,0,9,0,9,0,9,0,9,0,8,0,8,1,8,1,7,1,7,1,6,1,6,1,6,1,6,1,6,1,0,0,0,0,0,0,0,0,0,0,0,0,0,0,-3,-70,-3,-69,-7,-65,-3,-67,-3,-67,-9,-62,-4,-65,-7,-60,-2,-58,-3,-53,-3,-54,2,-51,-8,-53,-5,-53,-9,-46,-8,-42,-13,-40,-13,-36,-15,-32,-21,-31,-28,-32,-29,-28,-33,-30,-33,-31,-38,-29,-35,-34,-41,-36,-45,-33,-43,-36,-45,-36,-46,-37,-42,-40,-47,-39,-43,-38,-46,-44,-46,-41,-44,-44,-47,-48,-40,-47,-36,-48,-35,-45,-35,-44,-35,-44,-35,-42,-31,-45,-32,-41,-32,-46,-31,-44,-23,-43,-19,-44,-18,-40,-12,-42,-16,-36,-12,-38,-12,-32,-16,-33,-17,-33,0,0,0,0,0,0,0,0,0,0,0,0,0,0,0,0,0,0,0,0,0,0,42,10,43,18,42,20,40,25,41,22,40,23,41,24,43,25,39,28,39,32,45,36,40,37,41,36,42,39,36,39,36,38,36,38,37,44,34,42,35,44,32,45,32,45,33,42,31,44,31,37,39,39,32,36,30,39,36,31,35,32,34,29,37,32,35,28,36,26,38,29,41,26,41,25,42,20,43,22,46,20,46,16,49,13,48,16,51,10,50,13,47,8,52,10,56,11,57,8,57,5,57,6,58,6,55,-3,56,-2,59,-8,60,-1,65,-5,0,0]",1
CSI_DATA,62018,1a:00:00:00:00:00,-34,11,1,0,1,1,1,0,0,0,1,-98,0,11,2,832666015,0,44,0,384,0,"[0,0,0,0,0,0,0,0,0,0,0,0,-8,9,-8,9,-7,9,-8,8,-7,8,-7,8,-7,8,-7,7,-6,7,-6,7,-5,7,-4,6,-4,6,-3,6,-2,6,-1,6,-1,6,0,7,1,7,1,8,1,8,1,9,1,10,2,10,1,10,1,10,0,0,1,10,1,10,1,11,1,11,0,11,0,11,-1,11,-1,11,-2,10,-1,10,-1,10,-1,10,-1,9,-1,9,-2,9,-2,9,-2,9,-2,8,-3,8,-3,7,-3,7,-3,6,-3,6,-3,6,-3,6,-3,6,0,0,0,0,0,0,0,0,0,0,0,0,0,0,66,-3,67,-2,66,0,65,0,69,-8,66,-7,58,-4,63,0,58,-4,57,-5,55,-3,53,-4,53,-6,45,-7,45,-8,43,-12,38,-9,33,-17,34,-15,32,-23,27,-27,28,-28,26,-33,24,-33,28,-41,31,-43,31,-44,34,-45,33,-47,35,-48,36,-48,38,-48,38,-48,39,-51,41,-50,45,-50,43,-45,46,-47,45,-43,50,-43,47,-38,41,-37,44,-36,46,-36,41,-39,42,-33,43,-28,44,-28,42,-29,40,-19,41,-19,38,-16,38,-18,35,-15,34,-16,31,-16,34,-13,0,0,0,0,0,0,0,0,0,0,0,0,0,0,0,0,0,0,0,0,0,0,-21,42,-24,43,-22,40,-30,40,-28,37,-28,35,-32,35,-30,37,-33,36,-33,42,-40,37,-41,37,-42,38,-44,37,-43,38,-39,33,-47,35,-43,30,-44,34,-48,31,-45,28,-47,30,-44,26,-40,26,-39,30,-39,32,-39,31,-38,33,-34,31,-32,33,-31,33,-34,33,-30,35,-32,38,-24,39,-24,40,-25,38,-20,38,-22,42,-15,43,-15,47,-12,41,-16,50,-13,49,-13,51,-16,53,-11,53,-8,51,-9,56,-2,52,-6,54,-3,60,-5,62,-2,54,2,57,2,60,2,62,0,0]",1
CSI_DATA,62019,1a:00:00:00:00:00,-34,11,1,0,1,1,1,0,0,0,1,-98,0,11,2,832676041,0,44,0,384,0,"[0,0,0,0,0,0,0,0,0,0,0,0,-9,-9,-9,-9,-9,-8,-9,-8,-8,-8,-8,-8,-8,-7,-7,-7,-7,-7,-7,-6,-7,-6,-7,-5,-7,-5,-7,-4,-7,-3,-7,-2,-7,-1,-8,-1,-8,0,-9,0,-10,0,-10,0,-10,0,-11,0,-11,0,-11,0,0,0,-12,0,-12,0,-12,0,-12,0,-12,-1,-12,-1,-12,-2,-12,-2,-11,-2,-11,-3,-11,-2,-11,-2,-10,-2,-10,-3,-10,-3,-10,-3,-9,-3,-9,-3,-8,-3,-8,-3,-7,-4,-7,-4,-7,-3,-7,-3,-7,-3,-6,-4,0,0,0,0,0,0,0,0,0,0,0,0,0,0,2,72,-1,65,9,66,7,65,6,64,3,62,3,59,4,62,4,55,3,55,8,53,6,51,7,50,10,50,8,45,9,43,10,34,18,34,20,35,22,26,25,27,28,26,34,26,36,23,43,24,44,25,44,31,46,32,47,38,48,35,50,33,49,38,48,37,51,37,51,37,48,40,49,40,46,45,46,42,41,43,36,43,39,47,39,42,37,42,37,39,33,39,31,41,30,40,27,36,23,38,24,36,23,34,19,34,17,36,18,30,17,32,13,33,0,0,0,0,0,0,0,0,0,0,0,0,0,0,0,0,0,0,0,0,0,0,-40,-23,-38,-24,-37,-25,-35,-31,-34,-31,-33,-28,-34,-32,-39,-34,-37,-34,-36,-37,-33,-42,-32,-44,-33,-45,-31,-47,-27,-46,-30,-44,-36,-44,-33,-47,-32,-47,-29,-46,-26,-47,-25,-43,-26,-44,-22,-46,-22,-38,-31,-37,-30,-39,-33,-34,-27,-34,-28,-32,-32,-33,-33,-33,-31,-27,-37,-29,-34,-28,-40,-26,-39,-28,-37,-22,-40,-21,-40,-18,-40,-20,-45,-17,-44,-15,-49,-13,-49,-12,-48,-8,-52,-8,-55,-3,-56,-9,-53,-4,-57,-7,-57,-4,-54,-2,-61,3,-61,0,-60,4,-62,6,0,0]",1
CSI_DATA,62020,1a:00:00:00:00:00,-34,11,1,0,1,1,1,0,0,0,1,-98,0,11,2,832686011,0,44,0,384,0,"[0,0,0,0,0,0,0,0,0,0,0,0,7,-10,7,-10,6,-10,6,-9,6,-9,6,-9,6,-9,6,-8,5,-8,5,-8,4,-8,4,-8,3,-7,2,-7,1,-7,0,-7,0,-7,-1,-8,-2,-8,-2,-9,-2,-9,-2,-10,-2,-11,-3,-11,-2,-11,-2,-11,0,0,-2,-12,-2,-12,-2,-12,-2,-12,-2,-12,-1,-13,-1,-13,0,-12,0,-12,0,-12,0,-11,0,-11,0,-10,0,-10,0,-10,1,-10,1,-10,1,-9,2,-9,1,-8,2,-8,2,-8,1,-7,1,-7,1,-7,2,-7,0,0,0,0,0,0,0,0,0,0,0,0,0,0,-74,0,-73,1,-64,8,-67,7,-65,9,-67,5,-64,8,-65,6,-60,5,-61,8,-58,2,-57,9,-54,8,-51,11,-48,7,-45,9,-42,16,-39,15,-38,19,-28,20,-31,28,-28,27,-31,36,-29,38,-30,46,-30,44,-32,47,-33,45,-34,46,-35,48,-36,51,-43,50,-39,50,-37,53,-41,51,-40,56,-43,50,-47,52,-51,47,-46,46,-45,40,-46,36,-49,37,-43,35,-43,34,-46,34,-48,31,-44,32,-39,29,-40,21,-39,19,-37,23,-37,22,-40,19,-34,18,-31,13,-38,16,0,0,0,0,0,0,0,0,0,0,0,0,0,0,0,0,0,0,0,0,0,0,21,-43,28,-38,27,-35,29,-37,34,-36,33,-36,30,-37,33,-39,33,-38,36,-40,44,-35,44,-34,47,-35,46,-32,44,-30,45,-29,48,-32,45,-31,44,-31,49,-33,46,-31,46,-26,45,-28,40,-27,39,-25,36,-29,36,-28,38,-32,37,-36,32,-36,30,-33,29,-38,33,-32,32,-38,27,-39,30,-41,28,-40,24,-42,22,-47,17,-44,18,-46,12,-47,11,-50,14,-49,14,-53,11,-53,6,-54,7,-56,6,-62,4,-52,5,-53,5,-61,4,-63,-3,-53,-9,-66,-11,-66,-3,-66,0,0]",1
CSI_DATA,62021,1a:00:00:00:00:00,-34,11,1,0,1,1,1,0,0,0,1,-98,0,11,2,832696021,0,44,0,384,0,"[0,0,0,0,0,0,0,0,0,0,0,0,9,7,9,6,9,6,9,6,8,6,9,6,8,6,8,5,7,5,7,5,7,4,7,4,6,3,6,2,6,1,6,0,7,-1,7,-1,7,-2,8,-3,9,-3,9,-3,10,-3,10,-3,10,-3,10,-3,0,0,11,-3,11,-3,11,-3,11,-3,12,-3,12,-2,12,-1,11,-1,11,-1,10,0,10,-1,10,0,10,-1,9,0,9,0,9,0,9,0,9,0,8,1,7,1,7,1,7,1,7,1,6,1,6,1,6,1,0,0,0,0,0,0,0,0,0,0,0,0,0,0,-12,-68,-13,-64,-16,-61,-12,-66,-13,-62,-14,-67,-12,-64,-14,-63,-13,-60,-15,-56,-11,-59,-16,-52,-15,-52,-13,-46,-11,-47,-14,-45,-16,-37,-18,-38,-22,-32,-22,-28,-32,-25,-34,-25,-37,-26,-43,-20,-49,-24,-50,-29,-53,-24,-50,-26,-52,-30,-59,-29,-52,-29,-58,-35,-53,-33,-57,-31,-51,-33,-53,-34,-55,-37,-51,-44,-51,-46,-51,-42,-44,-41,-46,-36,-41,-38,-42,-37,-42,-40,-38,-40,-36,-38,-36,-40,-31,-36,-33,-36,-25,-35,-25,-34,-23,-31,-25,-32,-24,-33,-22,-28,-17,-31,0,0,0,0,0,0,0,0,0,0,0,0,0,0,0,0,0,0,0,0,0,0,44,15,43,20,41,22,39,23,40,23,41,28,36,26,36,28,43,29,40,31,41,36,40,38,37,36,37,39,35,42,36,40,38,37,36,36,38,41,34,44,32,45,30,41,28,41,30,34,31,32,33,33,30,29,33,30,32,27,36,30,35,29,36,25,39,26,40,23,40,23,39,19,43,19,45,16,46,15,43,14,47,11,48,4,49,10,51,7,55,6,51,5,55,5,52,0,53,5,51,4,55,-4,55,-5,58,-3,57,-7,59,-16,56,-13,64,-16,0,0]",1
CSI_DATA,62022,1a:00:00:00:00:00,-35,11,1,0,1,1,1,0,0,0,1,-98,0,11,2,832706037,0,44,0,384,0,"[0,0,0,0,0,0,0,0,0,0,0,0,-8,9,-7,9,-7,9,-7,8,-7,8,-7,8,-7,8,-7,7,-6,7,-6,7,-5,7,-5,6,-4,6,-3,6,-2,6,-1,6,-1,6,0,7,1,7,1,8,1,9,2,9,1,10,2,10,1,10,1,11,0,0,1,11,1,11,1,11,1,11,1,11,0,12,-1,12,-1,11,-1,11,-2,10,-1,10,-1,10,-1,10,-2,9,-2,9,-2,9,-2,9,-2,8,-3,8,-3,7,-3,7,-3,6,-2,6,-2,6,-3,6,-3,6,0,0,0,0,0,0,0,0,0,0,0,0,0,0,64,-15,62,-17,67,-15,63,-19,62,-19,60,-19,62,-19,59,-17,54,-17,57,-16,53,-20,51,-19,48,-20,47,-15,46,-14,42,-21,39,-19,33,-20,29,-21,25,-25,22,-31,20,-35,18,-40,19,-39,18,-43,22,-54,20,-50,25,-51,27,-59,27,-54,25,-54,26,-56,26,-54,26,-59,27,-59,26,-58,28,-58,32,-53,37,-55,37,-51,35,-46,37,-46,38,-44,34,-46,33,-41,35,-43,33,-39,36,-37,31,-33,27,-30,35,-32,29,-28,30,-27,30,-27,30,-23,26,-22,29,-24,0,0,0,0,0,0,0,0,0,0,0,0,0,0,0,0,0,0,0,0,0,0,-22,42,-21,40,-26,40,-27,36,-26,37,-27,34,-28,35,-32,37,-33,40,-32,40,-40,35,-38,32,-41,36,-43,35,-42,34,-38,30,-44,33,-43,34,-42,36,-42,33,-41,29,-44,27,-36,28,-39,24,-40,29,-31,27,-34,32,-36,32,-30,34,-28,35,-25,35,-27,37,-19,37,-26,34,-22,38,-19,43,-20,40,-20,40,-18,43,-11,46,-11,49,-8,48,-13,51,-6,51,-6,53,-1,49,-3,49,-3,54,0,55,-3,53,0,53,2,56,9,54,13,54,11,52,11,59,19,53,0,0]",1
CSI_DATA,62023,1a:00:00:00:00:00,-35,11,1,0,1,1,1,0,0,0,1,-98,0,11,2,832726023,0,44,0,384,0,"[0,0,0,0,0,0,0,0,0,0,0,0,3,-12,3,-12,3,-12,3,-11,3,-11,3,-11,2,-10,2,-10,2,-10,2,-9,1,-9,1,-9,0,-8,-1,-8,-1,-7,-2,-7,-3,-7,-4,-7,-5,-8,-6,-8,-6,-8,-6,-9,-6,-9,-7,-10,-7,-10,-7,-10,0,0,-7,-11,-7,-10,-7,-11,-7,-11,-7,-11,-6,-12,-6,-12,-5,-12,-5,-11,-4,-11,-5,-11,-4,-10,-4,-10,-4,-10,-3,-10,-3,-10,-3,-9,-3,-9,-2,-9,-2,-8,-2,-8,-2,-8,-2,-7,-2,-7,-2,-7,-2,-7,0,0,0,0,0,0,0,0,0,0,0,0,0,0,-66,23,-58,26,-58,26,-65,26,-59,27,-59,24,-56,23,-58,25,-51,24,-54,24,-52,26,-50,21,-47,23,-44,23,-43,22,-36,25,-33,21,-28,26,-25,28,-19,27,-19,35,-16,38,-11,41,-13,46,-12,46,-13,53,-9,51,-12,59,-15,61,-14,58,-19,60,-18,62,-18,61,-15,65,-19,60,-21,64,-25,63,-23,64,-30,61,-28,58,-26,50,-26,51,-26,52,-24,48,-26,49,-26,47,-30,46,-29,41,-24,40,-28,36,-24,38,-23,32,-26,32,-25,29,-22,31,-22,29,-25,28,0,0,0,0,0,0,0,0,0,0,0,0,0,0,0,0,0,0,0,0,0,0,13,-42,18,-46,18,-37,21,-41,22,-39,23,-39,27,-36,24,-43,29,-41,28,-41,34,-40,35,-43,36,-43,39,-42,38,-43,38,-34,39,-38,34,-39,38,-43,43,-36,39,-37,40,-37,35,-31,32,-33,27,-30,27,-32,24,-37,25,-38,26,-40,28,-36,19,-39,21,-43,18,-42,16,-41,17,-47,15,-46,10,-42,14,-46,7,-49,5,-51,1,-49,-1,-51,1,-54,-2,-58,-3,-58,-3,-53,0,-58,-10,-53,-5,-56,-7,-50,-8,-52,-14,-53,-14,-58,-21,-51,-21,-55,-23,-55,-26,-59,0,0]",1
CSI_DATA,62024,1a:00:00:00:00:00,-35,11,1,0,1,1,1,0,0,0,1,-98,0,11,2,832746016,0,44,0,384,0,"[0,0,0,0,0,0,0,0,0,0,0,0,-6,9,-6,9,-6,9,-6,9,-6,9,-5,8,-5,8,-5,8,-5,8,-4,7,-4,7,-3,7,-2,6,-2,6,-1,6,0,6,1,6,2,7,3,7,3,8,3,8,4,9,3,10,4,10,3,10,4,10,0,0,3,10,3,11,3,11,3,11,3,11,3,12,2,12,1,11,1,11,1,11,1,10,1,10,1,9,1,9,0,9,0,9,0,9,0,8,-1,8,-1,7,-1,7,-1,7,-1,7,-1,7,-1,7,-1,7,0,0,0,0,0,0,0,0,0,0,0,0,0,0,65,-2,66,-2,64,-10,63,-5,65,-4,62,-5,61,-8,56,-7,61,-10,51,-9,51,-7,50,-7,45,-10,47,-11,39,-10,37,-11,36,-11,36,-19,25,-20,27,-24,23,-26,26,-34,23,-36,23,-41,27,-47,30,-51,34,-49,35,-48,34,-51,33,-52,34,-52,37,-50,36,-53,30,-54,39,-55,38,-51,44,-49,44,-47,49,-46,46,-44,45,-42,43,-37,40,-36,41,-40,42,-37,41,-34,37,-30,44,-27,39,-25,33,-28,35,-21,32,-20,33,-22,36,-20,29,-19,30,-21,36,-15,0,0,0,0,0,0,0,0,0,0,0,0,0,0,0,0,0,0,0,0,0,0,-25,42,-22,34,-26,38,-30,36,-31,36,-30,33,-30,34,-33,38,-37,36,-41,37,-44,34,-43,29,-45,34,-46,32,-43,27,-45,28,-40,28,-44,28,-46,27,-49,25,-45,23,-44,22,-37,22,-34,23,-34,22,-32,27,-31,24,-34,26,-29,30,-29,32,-29,35,-27,35,-26,33,-29,34,-26,37,-23,39,-23,42,-19,42,-22,41,-18,43,-16,45,-15,45,-10,47,-13,52,-14,48,-20,42,-11,47,-11,50,-9,52,-6,48,-6,49,-7,56,-4,52,5,52,5,53,7,59,6,58,0,0]",1
CSI_DATA,62025,1a:00:00:00:00:00,-36,11,1,0,1,1,1,0,0,0,1,-98,0,11,2,832766040,0,44,0,384,0,"[0,0,0,0,0,0,0,0,0,0,0,0,7,-10,7,-9,6,-9,6,-9,6,-9,6,-9,6,-8,6,-8,5,-8,4,-7,4,-7,3,-7,2,-7,1,-7,0,-6,-1,-7,-2,-7,-3,-8,-3,-8,-3,-9,-3,-10,-4,-11,-4,-11,-4,-11,-4,-12,-4,-12,0,0,-4,-12,-4,-12,-4,-12,-3,-13,-3,-13,-2,-13,-2,-13,-1,-13,-1,-13,-1,-12,-1,-12,-1,-12,-1,-11,-1,-11,-1,-11,-1,-11,0,-10,0,-10,0,-9,0,-9,1,-9,0,-8,0,-8,0,-8,0,-8,1,-8,0,0,0,0,0,0,0,0,0,0,0,0,0,0,-65,-6,-58,-6,-63,-2,-66,-2,-68,-1,-63,1,-61,2,-58,0,-54,3,-54,2,-50,-2,-52,2,-47,1,-45,3,-42,3,-41,9,-35,7,-28,17,-29,21,-25,21,-28,28,-23,35,-25,38,-28,38,-28,40,-31,49,-33,47,-36,50,-35,54,-36,53,-37,53,-41,50,-39,47,-39,52,-40,53,-47,55,-44,49,-49,47,-47,44,-46,44,-42,42,-50,39,-46,40,-39,39,-40,36,-40,36,-46,25,-45,29,-40,29,-40,23,-36,25,-34,21,-35,25,-33,24,-35,19,-35,17,-37,18,0,0,0,0,0,0,0,0,0,0,0,0,0,0,0,0,0,0,0,0,0,0,34,-32,33,-31,34,-25,35,-24,34,-24,38,-25,41,-24,38,-25,47,-25,42,-25,46,-20,54,-19,51,-22,48,-19,47,-15,44,-15,49,-16,48,-13,46,-18,51,-15,41,-14,46,-16,38,-11,36,-14,36,-17,32,-16,33,-18,34,-22,28,-22,32,-24,33,-27,26,-25,30,-29,31,-30,27,-31,30,-38,27,-36,22,-33,24,-38,26,-38,25,-41,20,-41,23,-47,23,-49,18,-42,24,-51,17,-48,17,-48,16,-52,14,-48,10,-51,11,-49,5,-52,0,-55,2,-55,-3,-62,-2,-60,0,0]",1
CSI_DATA,62026,1a:00:00:00:00:00,-36,11,1,0,1,1,1,0,0,0,1,-98,0,11,2,832776027,0,44,0,384,0,"[0,0,0,0,0,0,0,0,0,0,0,0,7,8,7,8,7,7,7,8,7,7,7,7,6,7,6,6,6,6,5,5,5,5,5,4,5,3,5,2,5,1,6,0,7,-1,7,-1,8,-2,9,-2,10,-2,10,-2,11,-2,11,-2,12,-2,12,-2,0,0,12,-1,12,-2,13,-2,13,-1,13,-1,13,0,13,1,12,1,12,2,11,1,11,1,11,1,10,1,10,1,10,2,10,2,9,2,9,2,8,2,7,3,7,3,7,2,7,2,7,2,7,2,7,3,0,0,0,0,0,0,0,0,0,0,0,0,0,0,7,-67,5,-66,0,-60,0,-62,2,-59,0,-60,2,-59,-1,-56,-2,-60,2,-54,0,-50,-3,-53,-3,-51,-4,-48,-6,-42,-10,-37,-11,-37,-16,-30,-18,-29,-22,-26,-30,-27,-36,-27,-39,-25,-42,-27,-48,-29,-50,-33,-51,-35,-54,-36,-50,-39,-56,-38,-55,-38,-53,-38,-53,-43,-57,-40,-57,-46,-55,-47,-52,-43,-48,-51,-52,-51,-48,-49,-41,-48,-42,-51,-43,-49,-41,-40,-38,-44,-38,-47,-33,-46,-32,-46,-30,-44,-25,-44,-25,-41,-25,-36,-24,-34,-20,-34,-23,-36,-22,-34,-17,-40,0,0,0,0,0,0,0,0,0,0,0,0,0,0,0,0,0,0,0,0,0,0,25,37,23,39,20,39,16,42,18,40,18,41,15,41,16,47,20,45,18,51,12,48,12,53,12,49,11,51,9,46,8,48,9,47,13,50,8,45,6,48,5,47,5,43,7,39,8,38,5,35,13,39,14,34,18,34,18,34,21,34,18,32,17,37,27,29,29,31,31,29,31,29,33,30,38,27,33,26,37,30,43,24,46,26,42,28,48,26,46,24,44,26,48,23,47,23,48,19,45,18,50,15,46,10,49,8,53,9,50,7,56,6,58,3,0,0]",1
CSI_DATA,62027,1a:00:00:00:00:00,-36,11,1,0,1,1,1,0,0,0,1,-98,0,11,2,832786035,0,44,0,384,0,"[0,0,0,0,0,0,0,0,0,0,0,0,-7,8,-7,8,-7,8,-7,8,-7,8,-6,8,-6,7,-6,7,-6,7,-5,6,-4,6,-3,6,-2,6,-1,5,0,6,1,6,2,6,3,7,4,7,4,8,4,9,4,10,4,10,5,10,5,11,4,11,0,0,4,12,4,12,4,12,4,12,4,12,3,13,2,13,2,12,2,12,1,11,2,11,1,11,2,10,1,10,1,10,1,10,1,10,0,9,0,9,0,8,-1,8,0,7,0,7,0,7,0,7,-1,7,0,0,0,0,0,0,0,0,0,0,0,0,0,0,67,1,63,5,61,2,62,-2,56,-5,57,-2,54,-6,58,-2,54,-5,54,-9,52,-6,48,-4,48,-11,43,-12,40,-9,33,-14,32,-18,28,-22,29,-21,23,-27,21,-34,18,-39,20,-46,20,-49,23,-49,23,-57,23,-59,26,-61,25,-62,27,-58,25,-64,33,-64,32,-63,31,-62,34,-62,40,-65,37,-61,43,-57,42,-53,39,-52,39,-49,37,-47,40,-52,32,-51,41,-47,32,-44,38,-44,36,-47,36,-37,36,-34,37,-33,38,-31,33,-31,30,-28,31,-31,31,-26,32,-31,0,0,0,0,0,0,0,0,0,0,0,0,0,0,0,0,0,0,0,0,0,0,-39,21,-40,21,-42,16,-48,16,-42,11,-41,11,-43,11,-46,11,-48,11,-50,12,-47,7,-53,6,-53,7,-49,3,-52,5,-45,5,-47,7,-52,9,-50,4,-51,2,-48,2,-48,1,-43,2,-38,7,-37,8,-33,12,-35,14,-36,14,-37,20,-33,21,-33,23,-32,23,-31,24,-33,27,-35,28,-34,29,-30,29,-27,33,-26,39,-23,37,-28,39,-25,46,-28,45,-27,42,-25,48,-18,50,-21,45,-22,49,-16,51,-19,45,-16,47,-11,49,-7,55,-6,51,-2,57,-1,64,-6,60,0,0]",1
CSI_DATA,62028,1a:00:00:00:00:00,-37,11,1,0,1,1,1,0,0,0,1,-98,0,11,2,832806044,0,44,0,384,0,"[0,0,0,0,0,0,0,0,0,0,0,0,6,-9,6,-9,5,-9,5,-9,5,-9,5,-9,5,-8,5,-8,4,-7,3,-7,3,-7,2,-6,1,-6,0,-6,-1,-6,-3,-6,-4,-6,-5,-7,-6,-7,-6,-8,-6,-9,-7,-10,-7,-11,-7,-11,-7,-11,-7,-12,0,0,-7,-12,-7,-12,-7,-13,-7,-13,-6,-13,-6,-13,-5,-13,-4,-13,-4,-13,-4,-12,-4,-12,-4,-12,-4,-11,-4,-11,-3,-11,-3,-11,-3,-11,-3,-10,-2,-10,-2,-9,-1,-9,-1,-8,-2,-8,-2,-8,-2,-8,-2,-8,0,0,0,0,0,0,0,0,0,0,0,0,0,0,-60,-1,-58,-6,-59,-1,-55,4,-57,1,-56,3,-54,4,-61,10,-56,10,-56,9,-48,8,-50,9,-51,5,-40,8,-38,8,-34,10,-28,19,-25,18,-25,25,-19,24,-13,34,-17,35,-14,43,-12,51,-15,55,-23,59,-22,58,-23,61,-24,63,-19,62,-22,67,-31,68,-25,64,-31,67,-32,65,-35,68,-38,64,-39,62,-41,59,-42,58,-33,53,-34,51,-37,53,-35,51,-40,50,-35,50,-36,42,-35,41,-33,39,-35,34,-33,34,-32,28,-34,29,-31,31,-31,26,-28,30,-29,27,0,0,0,0,0,0,0,0,0,0,0,0,0,0,0,0,0,0,0,0,0,0,38,-20,43,-16,41,-9,48,-9,45,-7,42,-10,42,-6,46,-10,48,-10,48,-5,53,-7,52,1,50,1,53,1,49,-2,44,2,48,-3,49,-2,46,-1,50,3,42,5,44,5,38,-2,34,-3,34,-7,31,-10,29,-8,33,-15,32,-15,31,-20,34,-20,35,-24,27,-22,31,-26,32,-26,33,-33,28,-28,31,-28,25,-32,31,-38,27,-39,24,-42,22,-42,22,-47,24,-45,17,-42,24,-43,19,-43,17,-47,14,-46,17,-46,9,-52,11,-49,4,-46,1,-54,4,-54,-5,-56,0,0]",1
CSI_DATA,62029,1a:00:00:00:00:00,-38,11,1,0,1,1,1,0,0,0,1,-98,0,11,2,832816045,0,44,0,384,0,"[0,0,0,0,0,0,0,0,0,0,0,0,9,4,9,4,9,3,9,4,9,3,9,3,8,3,8,3,7,3,7,2,6,1,6,1,5,0,4,-2,4,-3,4,-4,4,-5,4,-7,5,-8,5,-9,6,-9,7,-10,8,-10,8,-10,8,-10,8,-10,0,0,9,-10,9,-10,9,-11,10,-11,10,-10,10,-10,11,-9,10,-9,10,-9,10,-8,9,-8,9,-8,9,-8,9,-8,9,-7,9,-7,9,-7,8,-6,8,-6,8,-5,7,-5,7,-5,6,-5,6,-4,6,-5,6,-4,0,0,0,0,0,0,0,0,0,0,0,0,0,0,-4,-64,-2,-61,-7,-58,-4,-58,-6,-58,-9,-58,-7,-57,-12,-56,-12,-55,-15,-51,-14,-55,-13,-49,-8,-44,-13,-39,-12,-37,-16,-27,-18,-29,-22,-17,-29,-20,-30,-14,-38,-12,-42,-10,-50,-1,-55,-7,-60,-7,-66,-13,-66,-11,-65,-10,-73,-10,-74,-11,-72,-13,-75,-17,-76,-17,-78,-12,-76,-21,-78,-20,-71,-21,-74,-24,-72,-25,-67,-26,-62,-23,-63,-23,-62,-25,-63,-21,-62,-24,-62,-26,-58,-25,-55,-25,-51,-26,-47,-24,-48,-27,-40,-29,-43,-21,-38,-25,-36,-22,-38,-21,-41,-25,0,0,0,0,0,0,0,0,0,0,0,0,0,0,0,0,0,0,0,0,0,0,8,50,6,53,2,48,0,46,0,45,-1,50,-6,46,-8,52,-6,55,-5,53,-6,53,-8,50,-10,49,-13,51,-14,53,-13,50,-10,52,-10,52,-9,50,-13,47,-12,44,-11,38,-5,40,-6,35,-4,36,1,35,2,34,4,35,13,35,14,36,8,35,17,32,22,32,20,33,30,39,29,32,28,38,34,35,29,32,36,29,37,25,38,25,45,30,42,24,42,25,46,26,43,23,43,24,45,23,40,14,50,16,52,15,53,7,50,8,46,3,53,6,58,6,0,0]",1
CSI_DATA,62030,1a:00:00:00:00:00,-38,11,1,0,1,1,1,0,0,0,1,-98,0,11,2,832826041,0,44,0,384,0,"[0,0,0,0,0,0,0,0,0,0,0,0,-6,8,-5,8,-5,8,-5,9,-5,9,-4,8,-5,8,-4,7,-4,7,-3,6,-3,6,-2,5,-1,4,1,4,2,4,3,3,4,4,5,4,7,4,8,5,8,6,9,6,9,7,10,8,10,8,10,8,0,0,10,9,10,9,10,9,10,10,10,10,10,10,9,10,8,10,8,10,7,10,8,9,8,9,8,9,7,8,7,9,6,9,6,8,6,8,5,8,4,8,4,7,4,7,4,7,4,6,4,6,4,6,0,0,0,0,0,0,0,0,0,0,0,0,0,0,50,4,49,-1,57,-8,48,-3,53,-5,49,-12,50,-9,52,-6,52,-4,49,-17,44,-8,44,-9,35,-10,33,-14,35,-12,26,-21,19,-19,10,-25,9,-28,4,-28,5,-34,2,-40,-6,-46,-5,-53,-7,-53,-2,-59,-3,-68,-2,-66,1,-67,2,-67,-1,-67,-1,-78,3,-70,-4,-73,7,-78,7,-74,14,-71,15,-74,11,-70,15,-75,12,-69,9,-66,7,-64,4,-65,6,-63,9,-61,10,-60,11,-61,15,-57,15,-55,17,-55,18,-47,13,-43,10,-39,14,-41,9,-38,13,-40,0,0,0,0,0,0,0,0,0,0,0,0,0,0,0,0,0,0,0,0,0,0,-46,-6,-51,-12,-47,-14,-42,-17,-49,-15,-46,-17,-45,-19,-45,-16,-49,-19,-50,-18,-52,-22,-52,-24,-53,-21,-50,-26,-46,-25,-47,-21,-50,-20,-47,-22,-52,-16,-45,-24,-44,-28,-37,-20,-40,-18,-39,-14,-35,-12,-35,-5,-33,0,-38,-6,-36,3,-37,6,-34,8,-38,9,-36,9,-35,13,-40,14,-41,15,-38,21,-37,21,-37,25,-30,28,-29,27,-32,35,-30,33,-31,33,-26,36,-33,35,-31,35,-27,36,-25,43,-24,41,-13,41,-12,44,-12,39,-12,41,-6,57,-2,52,-10,47,0,0]",1
CSI_DATA,62031,1a:00:00:00:00:00,-39,11,1,0,1,1,1,0,0,0,1,-98,0,11,2,832856024,0,44,0,384,0,"[0,0,0,0,0,0,0,0,0,0,0,0,7,5,7,4,7,4,7,4,7,3,8,3,7,3,7,3,6,3,5,2,5,2,4,1,4,0,3,-1,3,-2,2,-3,2,-4,2,-6,2,-7,3,-8,4,-9,4,-10,5,-10,5,-10,5,-11,5,-11,0,0,6,-11,6,-11,6,-12,6,-12,7,-12,8,-12,8,-11,8,-10,8,-10,7,-10,6,-10,6,-9,6,-10,6,-10,7,-10,7,-9,7,-9,7,-8,7,-7,7,-7,6,-6,6,-6,5,-6,4,-6,5,-6,5,-6,0,0,0,0,0,0,0,0,0,0,0,0,0,0,6,-53,-1,-51,-1,-54,0,-56,-7,-53,-12,-47,-10,-50,-18,-48,-13,-49,-15,-47,-9,-51,-13,-41,-12,-36,-15,-36,-13,-32,-7,-24,-14,-16,-19,-9,-15,-10,-24,-2,-32,2,-35,8,-41,16,-42,10,-50,13,-58,17,-59,12,-62,10,-61,14,-60,17,-61,12,-67,19,-63,15,-64,19,-76,15,-76,12,-74,11,-72,6,-73,-2,-71,6,-68,4,-68,6,-61,7,-62,11,-64,6,-64,8,-60,2,-63,5,-60,-1,-55,-4,-56,-2,-47,-5,-45,-3,-43,-2,-41,-2,-45,-3,-40,-5,0,0,0,0,0,0,0,0,0,0,0,0,0,0,0,0,0,0,0,0,0,0,-18,48,-17,52,-20,47,-22,45,-26,45,-25,42,-24,45,-26,50,-28,49,-23,47,-26,46,-25,52,-32,56,-29,52,-32,50,-26,42,-30,53,-30,51,-27,51,-31,49,-32,48,-32,42,-29,43,-23,35,-24,39,-18,38,-11,34,-10,39,-1,33,-2,41,0,39,0,40,7,39,3,39,8,40,7,40,14,39,13,41,15,36,24,32,25,39,31,32,32,30,33,33,30,32,31,28,31,23,32,27,33,22,35,18,36,16,46,13,49,17,39,15,45,11,50,4,49,2,0,0]",1
CSI_DATA,62032,1a:00:00:00:00:00,-39,11,1,0,1,1,1,0,0,0,1,-98,0,11,2,832866023,0,44,0,384,0,"[0,0,0,0,0,0,0,0,0,0,0,0,-5,7,-5,7,-5,7,-4,7,-4,7,-4,7,-4,7,-4,7,-4,6,-3,6,-3,5,-2,4,-1,3,0,3,1,3,2,2,3,2,4,2,6,2,7,2,8,3,8,3,9,4,10,4,10,4,10,4,0,0,11,5,10,4,11,4,11,5,11,6,11,6,11,6,10,7,9,6,9,6,9,5,9,5,9,5,9,5,9,5,9,5,8,6,8,6,7,6,6,5,6,6,6,5,5,4,5,4,5,4,5,4,0,0,0,0,0,0,0,0,0,0,0,0,0,0,48,-12,52,-11,48,-7,54,-17,48,-10,49,-16,45,-14,50,-14,45,-18,40,-19,40,-22,44,-14,40,-18,26,-17,34,-17,26,-20,18,-21,20,-19,14,-21,0,-23,-10,-29,-8,-30,-10,-37,-16,-37,-19,-39,-16,-51,-18,-56,-17,-61,-17,-56,-23,-61,-21,-60,-16,-65,-13,-60,-14,-66,-16,-67,-15,-73,-11,-71,-10,-72,-9,-68,-9,-68,-3,-63,-9,-64,-9,-63,-8,-66,-8,-58,-9,-62,-4,-65,-6,-62,-1,-59,5,-53,5,-57,3,-48,5,-45,1,-43,1,-36,4,-40,4,-41,0,0,0,0,0,0,0,0,0,0,0,0,0,0,0,0,0,0,0,0,0,0,-44,9,-50,7,-45,4,-55,1,-48,2,-51,1,-53,-1,-47,2,-57,3,-56,-1,-60,-6,-62,-2,-62,-8,-61,-8,-62,-10,-53,-8,-59,-4,-58,-6,-63,-13,-62,-10,-59,-13,-56,-12,-48,-13,-51,-13,-40,-12,-43,-4,-41,3,-41,3,-40,3,-40,12,-35,13,-39,13,-32,17,-38,16,-35,21,-35,20,-28,23,-33,25,-33,27,-29,27,-31,35,-27,31,-24,37,-20,41,-25,43,-26,48,-20,42,-21,40,-21,40,-14,40,-11,45,-6,46,-2,46,-3,37,7,50,8,49,11,44,0,0]",1
CSI_DATA,62033,1a:00:00:00:00:00,-39,11,1,0,1,1,1,0,0,0,1,-98,0,11,2,832876034,0,44,0,384,0,"[0,0,0,0,0,0,0,0,0,0,0,0,-8,-7,-8,-6,-8,-6,-8,-5,-8,-5,-8,-5,-8,-5,-7,-5,-7,-5,-6,-4,-6,-4,-5,-3,-5,-2,-4,-1,-4,0,-4,2,-4,2,-4,4,-4,5,-4,6,-5,7,-6,7,-7,8,-7,8,-7,8,-7,8,0,0,-7,9,-8,9,-7,10,-8,10,-8,9,-9,10,-9,9,-9,8,-9,8,-9,8,-8,8,-8,8,-8,8,-8,8,-8,8,-8,7,-9,7,-8,7,-8,6,-8,5,-8,5,-7,4,-7,4,-6,4,-6,4,-6,4,0,0,0,0,0,0,0,0,0,0,0,0,0,0,-2,54,-4,56,-4,53,6,51,3,51,2,45,4,50,4,50,9,49,16,45,9,47,5,45,7,41,7,35,6,33,7,30,9,23,11,15,15,9,19,4,26,2,35,0,37,-6,42,-10,43,-7,54,-7,51,-4,53,-5,60,-5,62,-9,59,-2,68,-2,67,-4,62,-5,69,-2,70,-3,72,-2,66,4,68,4,70,7,66,7,61,4,64,8,64,1,61,3,61,2,58,11,60,5,53,9,53,19,52,19,46,14,41,16,45,12,38,10,42,11,39,4,0,0,0,0,0,0,0,0,0,0,0,0,0,0,0,0,0,0,0,0,0,0,-2,-51,2,-54,0,-51,5,-49,8,-50,7,-52,9,-52,3,-56,4,-56,9,-58,10,-63,15,-61,9,-65,15,-57,21,-58,15,-58,17,-66,14,-58,19,-60,18,-57,24,-60,21,-55,23,-49,15,-47,19,-46,16,-41,6,-44,6,-43,0,-40,0,-40,-9,-42,-6,-38,-10,-41,-11,-41,-13,-39,-12,-44,-18,-36,-18,-40,-18,-40,-20,-34,-29,-31,-30,-29,-30,-36,-41,-26,-36,-32,-35,-29,-40,-29,-35,-27,-40,-26,-38,-19,-47,-19,-44,-11,-48,-16,-43,-10,-50,-11,-54,-7,-53,-1,0,0]",1
CSI_DATA,62034,1a:00:00:00:00:00,-39,11,1,0,1,1,1,0,0,0,1,-98,0,11,2,832886019,0,44,0,384,0,"[0,0,0,0,0,0,0,0,0,0,0,0,6,-9,5,-8,5,-9,5,-8,5,-8,4,-8,4,-8,4,-8,4,-8,3,-7,3,-6,2,-6,1,-5,0,-4,-1,-4,-2,-4,-3,-4,-4,-4,-6,-4,-7,-5,-8,-5,-8,-6,-9,-7,-9,-7,-9,-7,-9,-7,0,0,-10,-8,-10,-8,-10,-8,-11,-8,-10,-8,-11,-9,-10,-10,-9,-10,-9,-10,-9,-9,-9,-9,-9,-9,-9,-9,-9,-8,-8,-9,-8,-9,-8,-9,-7,-8,-6,-8,-6,-8,-5,-8,-5,-7,-5,-7,-5,-6,-5,-6,-5,-6,0,0,0,0,0,0,0,0,0,0,0,0,0,0,-56,-5,-53,1,-54,7,-52,2,-58,-1,-52,1,-55,1,-53,10,-49,2,-50,7,-42,8,-46,11,-36,15,-39,2,-29,9,-31,7,-24,13,-19,13,-17,18,-10,19,-7,24,-1,26,2,31,6,38,5,41,3,50,0,53,-3,57,-3,56,0,57,-1,64,-1,60,0,68,6,68,4,65,-2,70,-1,65,-8,68,-10,67,-11,62,-8,60,-6,61,-10,64,-7,65,-10,64,-8,57,-9,61,-14,62,-18,57,-16,47,-17,45,-17,45,-15,43,-13,41,-14,36,-15,37,-12,38,0,0,0,0,0,0,0,0,0,0,0,0,0,0,0,0,0,0,0,0,0,0,51,-3,46,0,53,6,49,9,52,8,46,7,50,3,51,3,60,6,56,4,53,11,60,11,61,14,61,14,62,17,57,16,57,16,61,18,61,23,61,17,59,22,55,21,47,23,47,19,45,18,45,14,40,6,39,4,45,3,43,-1,33,1,37,-6,38,-11,42,-11,40,-12,35,-14,36,-15,35,-15,35,-24,32,-20,37,-28,27,-32,27,-31,31,-30,25,-32,26,-42,24,-35,23,-43,20,-43,17,-40,17,-43,15,-45,11,-45,10,-41,10,-51,12,-49,4,-54,0,0]",1
CSI_DATA,62035,1a:00:00:00:00:00,-39,11,1,0,1,1,1,0,0,0,1,-98,0,11,2,832896021,0,44,0,384,0,"[0,0,0,0,0,0,0,0,0,0,0,0,7,7,7,6,7,6,6,6,7,5,7,5,7,5,6,5,6,5,5,4,5,4,4,3,4,2,3,1,3,0,3,-1,3,-3,3,-4,4,-5,4,-6,5,-6,6,-7,6,-7,7,-8,7,-8,7,-8,0,0,8,-8,8,-9,8,-9,8,-9,9,-9,9,-9,10,-8,10,-7,9,-7,9,-7,9,-7,9,-7,8,-7,9,-7,9,-7,9,-7,9,-6,8,-6,8,-5,8,-4,7,-4,7,-4,6,-4,6,-4,6,-4,6,-4,0,0,0,0,0,0,0,0,0,0,0,0,0,0,-7,-56,1,-48,-8,-57,-13,-52,-10,-55,-9,-50,-12,-50,-12,-53,-12,-51,-6,-52,-8,-43,-13,-47,-9,-44,-14,-34,-13,-35,-11,-25,-13,-26,-13,-17,-17,-15,-21,-6,-26,-4,-31,0,-34,5,-42,8,-41,9,-51,10,-49,7,-53,6,-59,4,-59,6,-59,5,-61,5,-62,9,-62,10,-69,4,-71,5,-65,2,-68,-1,-67,-2,-70,-9,-65,-1,-62,-2,-58,0,-66,4,-64,0,-59,0,-59,-8,-62,-7,-56,-9,-50,-13,-50,-12,-47,-12,-42,-10,-41,-10,-43,-8,-41,-5,-38,-5,0,0,0,0,0,0,0,0,0,0,0,0,0,0,0,0,0,0,0,0,0,0,9,49,4,52,3,48,-2,55,-1,50,3,48,-1,52,0,53,-3,55,1,58,0,61,-9,65,-4,70,-8,63,-10,65,-12,60,-9,61,-13,65,-13,59,-17,62,-23,60,-16,59,-18,57,-17,46,-16,45,-9,40,-7,43,1,41,-3,42,6,42,5,39,7,38,8,44,10,38,13,38,15,37,20,33,21,34,23,32,25,29,30,29,30,27,32,27,39,22,36,21,36,22,43,23,39,21,40,17,38,17,37,11,44,7,45,8,49,3,57,0,55,-5,53,1,0,0]",1
CSI_DATA,62036,1a:00:00:00:00:00,-39,11,1,0,1,1,1,0,0,0,1,-98,0,11,2,832906045,0,44,0,384,0,"[0,0,0,0,0,0,0,0,0,0,0,0,-8,7,-8,7,-7,7,-7,6,-6,6,-6,6,-6,6,-6,6,-6,5,-5,5,-4,5,-4,5,-3,4,-2,3,-1,3,0,3,1,3,2,3,4,3,5,4,5,5,6,5,6,6,7,6,7,6,7,7,0,0,8,7,8,7,8,7,9,8,8,8,8,9,7,9,7,9,7,9,6,8,7,8,7,8,7,8,7,8,6,8,6,8,6,8,5,8,4,8,4,7,3,7,3,7,3,6,3,6,4,6,4,6,0,0,0,0,0,0,0,0,0,0,0,0,0,0,55,4,55,12,53,5,52,6,55,-1,48,0,55,-1,51,0,56,1,49,4,45,1,45,-1,36,-3,41,-1,35,-3,32,-4,26,-8,21,-8,22,-16,10,-18,9,-25,8,-26,-3,-31,-1,-38,4,-48,2,-46,4,-48,7,-55,4,-59,2,-63,6,-59,8,-60,6,-62,7,-63,8,-66,10,-67,4,-64,15,-66,17,-68,11,-60,19,-59,6,-60,19,-65,15,-64,13,-58,12,-61,17,-54,18,-57,18,-53,18,-43,21,-44,16,-44,21,-39,16,-40,15,-39,15,-40,17,-40,0,0,0,0,0,0,0,0,0,0,0,0,0,0,0,0,0,0,0,0,0,0,-50,1,-53,-4,-53,-10,-50,-11,-47,-12,-49,-6,-52,-8,-52,-8,-58,-12,-57,-13,-58,-16,-62,-13,-63,-18,-64,-18,-60,-25,-59,-18,-59,-20,-63,-29,-62,-22,-60,-31,-58,-32,-60,-32,-54,-29,-50,-21,-41,-22,-46,-16,-41,-13,-41,-14,-45,-9,-40,-2,-45,-4,-39,-2,-42,-1,-42,0,-46,4,-39,12,-38,12,-38,13,-40,13,-38,18,-33,24,-24,22,-32,29,-30,34,-32,32,-29,29,-31,38,-32,36,-28,32,-25,44,-20,34,-26,45,-24,46,-19,47,-21,47,-15,50,-10,53,0,0]",1
CSI_DATA,62037,1a:00:00:00:00:00,-38,11,1,0,1,1,1,0,0,0,1,-98,0,11,2,832926026,0,44,0,384,0,"[0,0,0,0,0,0,0,0,0,0,0,0,6,-9,6,-9,6,-9,5,-9,5,-8,5,-8,4,-8,5,-8,4,-7,4,-7,3,-6,3,-6,2,-5,1,-4,0,-4,-1,-4,-2,-4,-4,-3,-5,-3,-6,-4,-7,-4,-8,-5,-8,-6,-9,-6,-9,-6,-9,-7,0,0,-9,-7,-10,-7,-10,-7,-10,-8,-10,-8,-10,-8,-10,-9,-9,-9,-9,-9,-8,-9,-8,-8,-8,-8,-8,-8,-8,-8,-8,-8,-7,-8,-7,-8,-7,-7,-6,-8,-6,-7,-6,-7,-6,-7,-5,-6,-5,-6,-5,-6,-5,-6,0,0,0,0,0,0,0,0,0,0,0,0,0,0,-61,0,-58,3,-59,4,-55,9,-60,10,-50,7,-55,11,-53,9,-50,10,-46,17,-42,11,-46,10,-37,10,-36,10,-36,12,-35,16,-21,12,-21,15,-14,11,-4,17,-1,18,1,24,7,28,6,29,12,35,11,43,13,47,15,46,14,49,17,52,14,55,18,55,22,60,19,57,17,60,17,59,13,63,13,65,7,62,12,65,8,58,10,57,5,55,10,55,5,53,8,56,7,54,4,57,1,50,-1,47,-5,44,-1,46,-3,45,3,39,2,42,6,42,-2,40,0,0,0,0,0,0,0,0,0,0,0,0,0,0,0,0,0,0,0,0,0,0,47,-10,51,-6,52,-4,53,-2,48,-5,50,-4,49,3,56,2,58,-4,62,2,57,6,65,4,64,3,63,7,64,10,59,9,67,7,63,10,66,13,63,21,60,22,56,16,55,15,47,12,47,9,43,5,46,3,45,-1,45,-4,43,-8,43,-5,42,-8,40,-11,36,-9,40,-13,41,-21,37,-22,33,-25,28,-27,29,-27,22,-34,23,-31,20,-38,22,-41,20,-41,23,-39,16,-41,14,-45,19,-47,14,-50,11,-46,5,-53,6,-47,5,-48,2,-50,-4,-54,-5,-53,0,0]",1
CSI_DATA,62038,1a:00:00:00:00:00,-38,11,1,0,1,1,1,0,0,0,1,-98,0,11,2,832956011,0,44,0,384,0,"[0,0,0,0,0,0,0,0,0,0,0,0,-9,-7,-9,-6,-9,-6,-9,-6,-9,-5,-9,-5,-9,-5,-9,-5,-8,-5,-7,-4,-6,-4,-6,-3,-5,-3,-5,-2,-4,-1,-3,1,-3,2,-3,3,-3,4,-3,5,-3,6,-4,7,-5,8,-5,8,-6,9,-6,9,0,0,-6,9,-6,9,-7,10,-7,10,-7,10,-7,10,-8,9,-8,9,-8,9,-8,8,-7,8,-7,8,-7,7,-7,7,-7,7,-7,7,-7,7,-6,7,-6,6,-6,6,-6,5,-6,5,-6,5,-5,5,-6,5,-6,5,0,0,0,0,0,0,0,0,0,0,0,0,0,0,11,57,7,61,11,60,5,59,4,59,9,51,10,56,13,51,16,49,14,46,15,45,11,44,15,45,14,41,9,34,9,27,13,24,7,18,13,13,18,5,18,4,26,-4,26,-8,32,-13,36,-11,48,-16,52,-13,51,-13,55,-13,55,-14,59,-14,60,-11,63,-16,63,-14,62,-13,63,-13,66,-14,66,-7,64,0,64,1,62,0,58,-6,53,-4,58,-8,58,-5,55,-3,55,-3,51,-3,50,-1,46,3,44,2,47,0,43,5,40,1,39,0,42,5,40,6,0,0,0,0,0,0,0,0,0,0,0,0,0,0,0,0,0,0,0,0,0,0,-17,-46,-14,-46,-18,-47,-11,-48,-12,-50,-10,-51,-11,-51,-10,-55,-10,-60,-7,-62,-5,-63,-7,-61,1,-64,-2,-64,2,-62,3,-62,0,-64,2,-62,1,-61,8,-60,9,-61,3,-56,10,-53,3,-47,2,-44,-1,-44,-7,-41,-5,-41,-10,-43,-12,-43,-16,-37,-15,-38,-20,-35,-19,-37,-24,-36,-26,-32,-32,-34,-30,-30,-33,-27,-32,-23,-40,-23,-39,-22,-50,-20,-50,-22,-49,-17,-46,-14,-49,-16,-51,-18,-51,-15,-52,-13,-50,-8,-57,-4,-51,-6,-56,0,-52,1,-56,4,-60,3,0,0]",1
CSI_DATA,62039,1a:00:00:00:00:00,-38,11,1,0,1,1,1,0,0,0,1,-98,0,11,2,832966025,0,44,0,384,0,"[0,0,0,0,0,0,0,0,0,0,0,0,6,-10,5,-10,5,-10,4,-9,4,-10,4,-9,4,-9,4,-9,4,-8,3,-7,3,-7,2,-6,1,-5,0,-4,-1,-4,-2,-3,-3,-3,-4,-3,-6,-3,-7,-3,-8,-4,-9,-4,-10,-5,-10,-5,-10,-6,-10,-6,0,0,-11,-7,-11,-7,-11,-7,-11,-8,-11,-8,-11,-8,-10,-9,-10,-9,-9,-8,-9,-8,-9,-8,-9,-7,-8,-7,-9,-7,-8,-7,-8,-7,-8,-7,-8,-7,-7,-7,-6,-7,-6,-7,-6,-7,-6,-6,-6,-6,-6,-6,-6,-6,0,0,0,0,0,0,0,0,0,0,0,0,0,0,-63,10,-63,9,-62,14,-58,13,-56,15,-58,17,-58,17,-53,18,-51,19,-43,16,-48,17,-43,17,-44,22,-38,12,-33,12,-31,16,-19,12,-16,14,-11,14,-1,17,0,22,7,27,14,31,16,30,15,39,20,48,18,57,19,54,20,61,16,59,17,62,20,61,17,60,22,65,18,64,15,69,13,70,12,68,8,69,12,63,7,63,8,63,5,61,12,63,4,56,15,55,11,52,12,57,8,54,7,50,2,46,2,45,3,41,-3,42,3,47,2,41,3,41,0,0,0,0,0,0,0,0,0,0,0,0,0,0,0,0,0,0,0,0,0,0,48,-15,47,-17,50,-12,51,-12,48,-11,51,-10,51,-9,55,-10,55,-9,61,-11,61,-6,67,-3,68,-3,64,0,63,1,63,-4,61,0,68,1,64,3,64,-1,62,9,56,9,54,11,45,3,45,1,42,1,39,-6,40,-11,43,-11,38,-18,37,-17,34,-21,35,-16,33,-23,36,-25,32,-28,32,-35,28,-29,28,-33,25,-36,16,-38,14,-47,14,-47,14,-49,13,-45,11,-54,13,-52,6,-54,13,-55,16,-55,5,-55,-2,-54,-1,-51,-5,-54,-7,-61,-6,-64,-5,-61,0,0]",1
CSI_DATA,62040,1a:00:00:00:00:00,-38,11,1,0,1,1,1,0,0,0,1,-98,0,11,2,832976018,0,44,0,384,0,"[0,0,0,0,0,0,0,0,0,0,0,0,8,6,8,6,8,5,8,5,7,4,8,4,7,4,7,4,6,4,5,3,5,3,5,2,4,1,3,0,3,-1,2,-2,2,-3,2,-4,2,-6,2,-7,3,-8,4,-9,4,-9,5,-10,5,-10,6,-10,0,0,6,-10,6,-10,6,-11,6,-10,7,-11,8,-10,8,-10,8,-9,7,-9,7,-8,6,-8,6,-8,6,-8,6,-8,6,-8,6,-8,6,-8,6,-8,6,-7,6,-7,6,-6,5,-6,5,-6,5,-6,5,-6,5,-6,0,0,0,0,0,0,0,0,0,0,0,0,0,0,-6,-60,4,-63,-10,-56,-5,-58,-11,-58,-9,-55,-8,-54,-10,-48,-13,-48,-9,-52,-9,-47,-9,-44,-14,-42,-8,-36,-9,-38,-11,-31,-18,-21,-16,-20,-14,-13,-21,-6,-25,2,-27,6,-33,7,-33,8,-41,11,-55,15,-53,15,-57,11,-56,9,-58,10,-63,14,-65,12,-60,14,-67,11,-70,13,-66,3,-73,7,-65,0,-64,2,-65,4,-57,2,-60,2,-52,6,-56,7,-54,2,-53,6,-56,3,-55,4,-52,8,-54,3,-49,1,-46,-1,-43,1,-46,-4,-42,1,-42,-2,-40,-3,0,0,0,0,0,0,0,0,0,0,0,0,0,0,0,0,0,0,0,0,0,0,7,46,7,53,0,50,1,51,2,46,-4,51,-2,51,-6,51,-5,53,-7,54,-8,60,-12,60,-12,60,-11,57,-12,58,-13,57,-15,57,-14,61,-15,59,-22,55,-22,54,-21,51,-15,47,-14,41,-9,42,-3,40,-1,42,0,41,7,38,6,40,8,38,12,36,17,32,17,35,23,36,20,35,21,34,25,31,27,34,34,23,33,29,36,22,43,24,47,23,48,23,41,18,44,24,48,20,50,19,45,22,53,12,55,13,56,11,54,9,53,7,58,3,57,6,0,0]",1
CSI_DATA,62041,1a:00:00:00:00:00,-38,11,1,0,1,1,1,0,0,0,1,-98,0,11,2,832986029,0,44,0,384,0,"[0,0,0,0,0,0,0,0,0,0,0,0,-7,8,-6,8,-6,9,-5,8,-5,8,-5,8,-4,8,-5,7,-5,7,-4,6,-4,5,-3,5,-2,4,-1,3,0,3,1,2,3,2,4,2,5,2,7,2,8,3,9,3,9,4,10,5,10,5,10,5,0,0,10,6,11,6,10,6,11,6,10,6,10,7,10,7,9,7,8,7,8,7,8,6,8,6,8,5,8,5,8,5,8,5,8,5,7,5,7,5,6,5,6,5,6,5,6,5,5,5,5,5,5,5,0,0,0,0,0,0,0,0,0,0,0,0,0,0,57,-11,62,-1,55,0,53,-7,55,-10,49,-7,51,-7,49,-10,45,-7,46,-13,40,-13,43,-11,44,-13,37,-10,30,-11,27,-13,22,-15,14,-12,10,-17,2,-24,-3,-22,-10,-26,-12,-35,-11,-37,-14,-43,-14,-49,-15,-56,-16,-55,-10,-60,-16,-57,-9,-57,-14,-60,-12,-62,-15,-66,-11,-66,-15,-71,-6,-65,-4,-63,-4,-62,-6,-62,-10,-57,-5,-53,-8,-54,-9,-55,-12,-55,-11,-57,-10,-57,-5,-57,-3,-52,0,-45,-2,-51,1,-47,3,-47,4,-38,-1,-42,-4,-40,0,-41,0,0,0,0,0,0,0,0,0,0,0,0,0,0,0,0,0,0,0,0,0,0,-49,5,-52,4,-52,7,-55,0,-52,-1,-50,-2,-53,-3,-54,-5,-57,-2,-57,-4,-61,-7,-59,-12,-65,-9,-60,-12,-59,-15,-62,-15,-63,-8,-60,-11,-59,-11,-54,-14,-53,-16,-48,-17,-45,-15,-43,-9,-44,-10,-40,-2,-40,3,-42,2,-39,8,-41,6,-38,11,-43,14,-40,16,-34,19,-38,23,-34,23,-35,23,-38,26,-35,29,-34,32,-26,36,-25,36,-28,37,-25,39,-22,44,-18,50,-20,45,-21,42,-17,50,-23,52,-13,44,-15,51,-7,51,-4,48,-3,54,-2,55,0,59,0,0]",1
CSI_DATA,62042,1a:00:00:00:00:00,-38,11,1,0,1,1,1,0,0,0,1,-98,0,11,2,832996018,0,44,0,384,0,"[0,0,0,0,0,0,0,0,0,0,0,0,-9,-7,-9,-6,-9,-5,-9,-5,-9,-5,-9,-5,-8,-5,-8,-5,-7,-4,-7,-4,-6,-3,-6,-3,-5,-2,-4,-1,-4,0,-3,1,-3,3,-2,4,-3,5,-3,6,-4,7,-4,8,-5,9,-5,9,-5,10,-6,10,0,0,-6,10,-6,10,-6,10,-7,11,-7,10,-8,10,-8,9,-8,9,-7,8,-7,8,-6,8,-6,8,-5,8,-5,8,-6,9,-6,8,-6,8,-6,8,-6,7,-6,7,-6,6,-6,6,-5,6,-5,6,-5,6,-5,5,0,0,0,0,0,0,0,0,0,0,0,0,0,0,-9,55,-6,56,-4,54,-4,51,-2,55,-3,52,0,51,6,54,8,46,6,49,0,45,8,43,6,38,4,38,0,36,4,29,8,22,13,15,9,9,15,3,24,1,24,-1,30,-8,42,-10,45,-9,55,-10,52,-8,58,-9,58,-6,64,-9,64,-6,68,-5,66,-4,66,-2,66,-1,67,-5,65,-1,65,2,63,9,66,4,54,4,60,-3,54,-1,59,-3,54,2,55,-3,54,2,57,1,54,2,47,1,51,9,38,10,43,5,42,5,40,1,41,8,39,3,0,0,0,0,0,0,0,0,0,0,0,0,0,0,0,0,0,0,0,0,0,0,7,-49,7,-50,9,-50,12,-54,16,-53,18,-50,17,-54,19,-55,18,-58,18,-56,23,-55,23,-61,27,-61,26,-61,23,-55,28,-53,29,-55,25,-56,25,-60,35,-51,26,-51,25,-47,26,-44,19,-40,15,-41,12,-41,10,-46,7,-42,-1,-45,-4,-41,-1,-45,-7,-43,-7,-43,-10,-45,-13,-45,-19,-47,-17,-46,-21,-43,-17,-39,-26,-42,-31,-39,-28,-34,-33,-36,-39,-35,-40,-36,-35,-40,-43,-41,-39,-32,-41,-28,-41,-32,-41,-23,-50,-25,-45,-19,-51,-16,-49,-14,-61,-11,-54,-13,0,0]",1
CSI_DATA,62043,1a:00:00:00:00:00,-39,11,1,0,1,1,1,0,0,0,1,-98,0,11,2,833016028,0,44,0,384,0,"[0,0,0,0,0,0,0,0,0,0,0,0,8,5,8,5,8,4,8,4,8,4,8,4,7,4,7,3,7,3,6,3,5,2,5,2,4,1,3,0,2,-1,2,-2,1,-3,1,-5,1,-6,2,-7,2,-8,3,-9,3,-10,3,-10,4,-11,4,-11,0,0,4,-11,5,-11,5,-12,5,-12,5,-12,6,-11,6,-11,6,-10,6,-10,5,-9,5,-10,5,-9,4,-10,4,-10,4,-10,4,-10,5,-9,5,-9,5,-8,5,-8,5,-7,4,-7,4,-7,3,-7,4,-7,4,-7,0,0,0,0,0,0,0,0,0,0,0,0,0,0,4,-60,0,-59,-4,-55,-5,-61,-8,-57,-6,-50,-10,-58,-6,-50,-8,-51,-10,-40,-9,-50,-6,-46,-9,-43,-8,-40,-8,-34,-10,-26,-6,-23,-10,-19,-9,-10,-15,-2,-21,-2,-24,1,-27,11,-37,18,-41,11,-51,16,-52,11,-53,13,-55,14,-59,12,-64,15,-64,10,-67,12,-65,17,-62,10,-67,10,-67,10,-62,5,-63,2,-66,5,-59,6,-55,8,-51,6,-59,11,-53,8,-55,9,-56,9,-54,6,-52,5,-51,3,-52,-1,-44,-1,-44,-1,-39,-4,-38,-1,-38,-2,-42,-1,0,0,0,0,0,0,0,0,0,0,0,0,0,0,0,0,0,0,0,0,0,0,5,50,0,49,-1,53,-5,54,-7,53,-7,54,-5,53,-8,59,-8,61,-10,57,-13,63,-16,65,-16,63,-18,62,-15,61,-20,58,-14,55,-18,65,-18,57,-21,58,-23,52,-18,51,-15,48,-15,47,-7,41,-6,42,-5,44,-1,48,3,43,5,51,7,46,10,48,11,39,21,43,20,47,18,43,21,45,23,40,23,42,28,40,29,33,33,34,34,33,40,32,36,30,42,30,42,27,39,22,45,23,41,21,39,15,49,17,49,13,39,12,50,0,47,-1,55,2,0,0]",1
CSI_DATA,62044,1a:00:00:00:00:00,-39,11,1,0,1,1,1,0,0,0,1,-98,0,11,2,833026023,0,44,0,384,0,"[0,0,0,0,0,0,0,0,0,0,0,0,-6,8,-6,8,-5,7,-5,8,-5,7,-5,8,-5,7,-4,7,-4,6,-4,6,-3,5,-3,5,-2,4,-1,3,0,2,1,2,2,1,3,1,5,1,6,1,7,2,8,2,8,2,9,3,10,3,10,4,0,0,10,4,10,4,11,4,10,4,11,5,10,5,10,6,9,6,9,5,8,5,8,4,9,4,9,3,9,4,8,4,9,4,8,4,8,4,7,4,7,4,6,4,6,4,6,3,6,3,6,3,6,3,0,0,0,0,0,0,0,0,0,0,0,0,0,0,59,6,59,10,56,4,60,0,58,-1,55,6,55,-2,53,-3,50,-5,44,-7,48,-2,41,-6,39,-6,33,-7,31,-9,30,-8,25,-7,18,-10,11,-10,6,-18,5,-20,-9,-24,-7,-28,-13,-37,-17,-40,-10,-48,-12,-49,-10,-52,-8,-57,-8,-57,-11,-62,-9,-62,-10,-64,-9,-68,-6,-62,-4,-64,-10,-65,-1,-62,-3,-68,-5,-62,1,-55,-2,-53,1,-59,-10,-60,-5,-56,-7,-55,0,-56,-7,-52,0,-51,-1,-48,-1,-42,0,-44,2,-43,1,-44,2,-36,-1,-39,1,-37,0,0,0,0,0,0,0,0,0,0,0,0,0,0,0,0,0,0,0,0,0,0,-50,-8,-50,-11,-52,-9,-53,-20,-49,-12,-56,-15,-49,-22,-57,-16,-63,-18,-62,-18,-60,-21,-64,-24,-60,-29,-60,-23,-61,-30,-59,-23,-60,-26,-60,-25,-55,-29,-55,-27,-52,-30,-51,-33,-47,-30,-44,-26,-49,-19,-43,-14,-44,-14,-52,-7,-43,-4,-45,-5,-46,-1,-49,-1,-50,4,-49,9,-46,12,-47,18,-47,13,-45,15,-44,12,-38,20,-38,27,-37,24,-40,31,-35,33,-39,34,-37,27,-33,31,-25,35,-28,40,-20,45,-22,40,-21,47,-17,44,-10,43,-14,56,-8,55,-8,56,0,0]",1
CSI_DATA,62045,1a:00:00:00:00:00,-39,11,1,0,1,1,1,0,0,0,1,-98,0,11,2,833039000,0,44,0,384,0,"[0,0,0,0,0,0,0,0,0,0,0,0,-3,9,-3,9,-3,9,-2,9,-2,9,-2,8,-2,8,-2,8,-2,7,-2,7,-1,6,-1,5,-1,4,0,3,1,2,2,1,3,1,4,0,5,0,6,-1,7,0,8,-1,9,0,10,0,10,1,10,1,0,0,11,1,11,1,11,1,11,1,11,2,12,2,11,3,11,3,10,2,10,3,10,2,9,2,9,2,9,2,9,2,9,2,9,2,8,2,8,2,7,2,7,2,7,2,7,2,6,2,6,2,7,2,0,0,0,0,0,0,0,0,0,0,0,0,0,0,47,-40,44,-33,48,-41,44,-37,44,-41,43,-39,39,-34,33,-35,38,-38,35,-35,29,-37,33,-35,24,-28,23,-31,28,-24,21,-26,14,-23,8,-17,0,-20,-5,-17,-15,-16,-16,-17,-26,-13,-29,-23,-33,-22,-43,-25,-42,-29,-44,-38,-42,-35,-45,-38,-46,-44,-51,-41,-48,-41,-50,-40,-50,-42,-55,-46,-48,-44,-48,-48,-44,-47,-41,-44,-41,-42,-43,-40,-39,-43,-43,-39,-45,-41,-39,-36,-44,-40,-34,-39,-37,-38,-28,-38,-32,-38,-26,-37,-30,-30,-26,-35,-22,-30,-30,-31,-29,-33,0,0,0,0,0,0,0,0,0,0,0,0,0,0,0,0,0,0,0,0,0,0,-42,29,-43,28,-46,29,-48,30,-46,23,-49,27,-47,23,-50,32,-51,27,-55,30,-61,23,-61,24,-62,28,-63,23,-61,16,-59,22,-64,20,-60,21,-63,23,-61,23,-59,14,-53,18,-49,19,-54,18,-45,19,-45,25,-42,28,-41,28,-39,27,-36,32,-35,26,-35,31,-31,38,-28,34,-29,37,-27,34,-26,40,-24,36,-16,37,-9,38,-10,42,-1,44,-3,49,-1,45,-5,47,-4,52,6,51,6,44,6,50,11,44,12,47,19,45,24,47,25,44,30,46,33,44,34,44,0,0]",1
CSI_DATA,62046,1a:00:00:00:00:00,-39,11,1,0,1,1,1,0,0,0,1,-98,0,11,2,833046013,0,44,0,384,0,"[0,0,0,0,0,0,0,0,0,0,0,0,7,-8,7,-7,6,-7,6,-8,6,-7,6,-7,6,-7,5,-7,5,-6,5,-6,4,-5,3,-5,2,-4,1,-4,0,-4,-1,-3,-2,-3,-4,-3,-5,-4,-6,-4,-7,-5,-8,-6,-8,-7,-8,-7,-8,-8,-9,-8,0,0,-8,-8,-9,-9,-9,-9,-9,-9,-9,-9,-9,-10,-8,-10,-7,-10,-7,-9,-7,-9,-7,-9,-7,-9,-7,-8,-7,-8,-7,-8,-7,-8,-7,-8,-6,-8,-5,-8,-5,-8,-5,-8,-5,-7,-5,-7,-5,-6,-5,-7,-5,-7,0,0,0,0,0,0,0,0,0,0,0,0,0,0,-60,-8,-57,-13,-59,-5,-55,-10,-57,-3,-54,0,-55,-3,-54,-5,-54,-1,-53,-1,-46,-3,-45,0,-46,1,-39,-1,-31,6,-29,5,-21,6,-22,6,-14,8,-16,15,-3,18,0,20,3,28,1,36,1,44,3,47,2,50,3,52,4,61,1,58,3,57,-3,63,1,61,-4,64,-2,63,-2,60,-9,66,-10,68,-12,62,-10,62,-14,54,-8,53,-8,57,-1,59,-6,57,-6,57,-9,52,-13,56,-11,50,-16,47,-11,48,-14,40,-14,46,-13,40,-4,38,-9,37,-10,45,0,0,0,0,0,0,0,0,0,0,0,0,0,0,0,0,0,0,0,0,0,0,49,-4,54,3,54,2,51,4,55,4,57,7,51,8,53,11,60,10,64,7,65,15,63,16,66,16,64,20,67,19,56,22,64,25,60,20,63,24,60,22,55,27,56,29,54,20,50,15,49,17,44,10,49,10,52,9,47,3,45,-1,48,0,43,-2,40,-4,41,-8,42,-4,43,-11,43,-10,41,-15,40,-15,37,-24,37,-29,37,-32,32,-32,35,-34,33,-33,32,-35,33,-40,28,-34,26,-36,26,-45,28,-38,16,-45,15,-53,15,-47,13,-55,7,-57,8,-56,0,0]",1
CSI_DATA,62047,1a:00:00:00:00:00,-38,11,1,0,1,1,1,0,0,0,1,-98,0,11,2,833056036,0,44,0,384,0,"[0,0,0,0,0,0,0,0,0,0,0,0,5,7,5,7,5,6,5,6,5,6,5,6,5,6,5,6,4,5,4,5,4,4,3,3,3,3,2,2,2,0,2,-1,2,-2,3,-3,3,-4,4,-5,5,-6,5,-6,6,-7,7,-7,7,-7,7,-7,0,0,8,-7,8,-7,8,-8,8,-8,9,-8,9,-8,10,-7,9,-6,9,-6,8,-6,8,-6,8,-6,8,-6,8,-6,8,-6,8,-6,7,-5,8,-5,7,-5,7,-4,7,-4,6,-3,6,-4,5,-4,6,-4,6,-4,0,0,0,0,0,0,0,0,0,0,0,0,0,0,32,-55,23,-52,24,-55,21,-53,24,-50,17,-51,14,-49,13,-53,11,-48,13,-46,19,-46,5,-45,9,-38,8,-33,10,-33,2,-31,1,-31,-1,-14,-6,-18,-16,-14,-17,-12,-21,-10,-30,-5,-38,-7,-42,-3,-50,-9,-48,-11,-61,-11,-59,-15,-58,-18,-62,-19,-62,-21,-63,-14,-66,-13,-61,-21,-67,-17,-64,-23,-65,-25,-58,-25,-60,-25,-56,-24,-51,-23,-59,-28,-54,-21,-60,-24,-52,-22,-53,-25,-52,-25,-46,-26,-46,-27,-41,-28,-40,-23,-37,-21,-34,-23,-35,-18,-36,-20,-37,-21,0,0,0,0,0,0,0,0,0,0,0,0,0,0,0,0,0,0,0,0,0,0,-15,49,-23,52,-25,45,-26,45,-28,45,-29,44,-28,49,-27,52,-32,53,-33,54,-37,59,-41,58,-43,53,-49,55,-49,54,-45,47,-44,52,-41,54,-46,49,-47,47,-51,43,-47,41,-41,35,-36,41,-38,38,-32,39,-24,39,-27,41,-24,39,-20,40,-18,41,-15,43,-12,43,-10,40,-9,41,-7,48,-5,44,1,41,6,42,4,43,14,42,10,37,13,37,17,42,26,46,19,42,26,38,27,42,28,42,33,39,35,35,34,29,38,31,34,26,48,32,40,31,48,24,0,0]",1
CSI_DATA,62048,1a:00:00:00:00:00,-38,11,1,0,1,1,1,0,0,0,1,-98,0,11,2,833066578,0,44,0,384,0,"[0,0,0,0,0,0,0,0,0,0,0,0,-10,-3,-10,-3,-9,-2,-9,-2,-9,-2,-9,-2,-9,-2,-9,-2,-8,-2,-7,-2,-7,-2,-6,-1,-5,-1,-4,0,-3,1,-2,2,-2,3,-1,4,-1,5,0,6,-1,7,-1,8,-1,9,-1,10,-2,10,-2,10,0,0,-2,11,-2,11,-2,11,-2,12,-2,12,-3,12,-4,12,-4,11,-4,10,-4,10,-3,10,-3,9,-3,9,-3,9,-3,10,-3,9,-3,9,-3,9,-4,8,-4,7,-4,7,-3,7,-3,6,-3,6,-3,7,-3,6,0,0,0,0,0,0,0,0,0,0,0,0,0,0,18,50,23,49,19,46,21,42,27,47,26,40,21,40,25,40,29,36,30,36,29,31,29,37,26,38,22,29,18,25,20,17,16,17,16,11,15,3,16,-3,16,-9,17,-17,22,-21,22,-27,24,-28,31,-32,37,-34,39,-40,44,-36,41,-37,44,-38,48,-40,42,-42,43,-43,51,-41,53,-43,52,-41,52,-38,56,-33,53,-39,49,-32,43,-33,47,-31,51,-36,49,-33,46,-32,46,-35,45,-33,42,-27,40,-26,40,-20,43,-16,30,-19,34,-20,32,-21,36,-23,38,-17,0,0,0,0,0,0,0,0,0,0,0,0,0,0,0,0,0,0,0,0,0,0,-21,-43,-21,-46,-15,-51,-16,-51,-14,-52,-12,-50,-13,-54,-10,-54,-15,-56,-18,-61,-14,-67,-11,-67,-10,-69,-8,-66,-8,-67,-3,-66,-8,-69,-7,-65,-4,-64,-1,-65,3,-61,3,-62,1,-59,-1,-54,-5,-50,-10,-46,-8,-45,-12,-46,-16,-46,-19,-40,-23,-42,-27,-33,-27,-36,-23,-35,-31,-34,-31,-32,-31,-28,-34,-23,-37,-25,-33,-23,-38,-22,-43,-20,-41,-17,-46,-13,-48,-13,-46,-12,-49,-12,-47,-11,-51,-5,-52,-4,-44,0,-45,0,-51,6,-44,9,-53,15,-48,16,-50,16,0,0]",1
CSI_DATA,62049,1a:00:00:00:00:00,-38,11,1,0,1,1,1,0,0,0,1,-98,0,11,2,833086033,0,44,0,384,0,"[0,0,0,0,0,0,0,0,0,0,0,0,8,-4,8,-4,8,-4,8,-4,7,-4,7,-4,7,-4,7,-4,6,-4,5,-4,5,-4,4,-4,4,-3,3,-3,1,-4,0,-4,-1,-5,-2,-5,-3,-6,-3,-6,-4,-8,-4,-9,-4,-9,-4,-10,-4,-11,-4,-11,0,0,-3,-12,-3,-12,-4,-12,-3,-12,-3,-13,-3,-13,-2,-13,-1,-13,-1,-12,-1,-12,-1,-11,-1,-11,-1,-10,-1,-11,-1,-10,-1,-11,-1,-10,0,-10,0,-9,0,-9,0,-8,0,-8,0,-8,0,-7,0,-8,0,-7,0,0,0,0,0,0,0,0,0,0,0,0,0,0,-47,-38,-45,-37,-43,-34,-46,-29,-44,-26,-43,-25,-43,-24,-47,-26,-39,-24,-41,-22,-39,-18,-37,-18,-33,-21,-36,-13,-30,-12,-27,-8,-25,-7,-21,-2,-20,-3,-15,11,-14,20,-15,17,-16,27,-18,30,-22,38,-23,41,-22,47,-31,49,-29,51,-31,46,-34,51,-33,52,-36,46,-39,52,-40,52,-40,53,-35,49,-41,50,-46,47,-45,43,-39,46,-39,43,-42,38,-38,39,-38,42,-34,40,-41,35,-41,33,-41,33,-37,29,-35,27,-36,25,-31,25,-32,26,-30,20,-35,22,-30,25,0,0,0,0,0,0,0,0,0,0,0,0,0,0,0,0,0,0,0,0,0,0,43,16,45,21,40,22,43,28,40,29,43,29,42,26,44,29,49,31,54,30,52,40,50,38,53,40,50,40,50,43,43,41,48,46,46,42,49,44,42,48,35,44,39,48,36,39,33,38,34,31,33,27,36,24,41,25,35,17,44,18,36,18,41,14,45,15,43,9,46,11,41,7,44,6,43,-1,46,-2,44,-1,46,-9,47,-11,46,-11,46,-16,49,-13,41,-19,41,-16,44,-14,40,-17,37,-20,40,-24,40,-25,39,-27,34,-35,35,-34,40,-39,41,-42,0,0]",1
CSI_DATA,62050,1a:00:00:00:00:00,-38,11,1,0,1,1,1,0,0,0,1,-98,0,11,2,833096039,0,44,0,384,0,"[0,0,0,0,0,0,0,0,0,0,0,0,2,9,3,9,3,8,3,8,3,8,3,8,3,7,3,7,3,7,3,6,3,6,2,5,2,4,2,3,3,2,3,1,4,0,4,-1,5,-2,6,-3,7,-3,8,-3,9,-3,10,-3,11,-3,10,-3,0,0,11,-3,11,-3,11,-3,12,-2,12,-2,12,-2,12,-1,12,-1,11,0,11,0,10,-1,10,0,10,0,9,0,9,0,9,0,9,0,9,0,8,0,8,0,7,1,7,0,7,0,7,0,7,0,6,0,0,0,0,0,0,0,0,0,0,0,0,0,0,0,37,-52,36,-49,29,-49,29,-48,26,-44,30,-49,28,-44,22,-44,20,-42,21,-46,15,-39,20,-39,19,-45,10,-39,11,-37,7,-34,7,-27,2,-29,-4,-25,-6,-20,-14,-21,-22,-21,-27,-17,-35,-23,-41,-23,-42,-26,-45,-31,-46,-34,-52,-40,-50,-32,-49,-41,-53,-44,-50,-38,-55,-43,-49,-45,-48,-51,-51,-43,-48,-50,-44,-55,-43,-49,-40,-50,-38,-46,-38,-48,-40,-44,-40,-45,-37,-40,-32,-43,-31,-37,-26,-41,-30,-38,-25,-42,-20,-37,-18,-39,-22,-35,-19,-32,-23,-35,-18,-33,0,0,0,0,0,0,0,0,0,0,0,0,0,0,0,0,0,0,0,0,0,0,-8,47,-15,47,-14,45,-21,51,-20,48,-18,49,-15,50,-22,51,-22,56,-18,53,-23,53,-29,58,-32,56,-30,55,-34,57,-36,58,-36,58,-32,55,-38,54,-39,52,-39,54,-42,50,-39,42,-30,40,-30,42,-21,44,-23,45,-22,46,-13,43,-15,45,-11,42,-10,44,-5,45,-5,47,1,47,0,47,5,49,3,46,8,45,10,49,13,48,15,47,15,46,17,46,20,46,23,56,20,47,24,41,24,41,27,38,28,32,31,35,34,34,37,28,39,31,41,36,48,35,0,0]",1
CSI_DATA,62051,1a:00:00:00:00:00,-38,11,1,0,1,1,1,0,0,0,1,-98,0,11,2,833106035,0,44,0,384,0,"[0,0,0,0,0,0,0,0,0,0,0,0,-10,3,-9,3,-9,3,-9,3,-9,4,-8,3,-8,4,-8,3,-8,3,-7,3,-7,3,-6,3,-5,3,-4,3,-3,3,-2,3,-1,4,0,4,1,5,2,6,2,7,2,8,2,9,2,9,2,10,2,10,0,0,1,11,1,11,1,11,1,11,1,11,0,12,0,12,-1,11,-1,11,-1,10,-1,10,-1,9,-1,9,-1,9,-1,9,-1,9,-1,9,-1,8,-2,8,-2,7,-2,7,-2,7,-1,6,-1,6,-2,6,-2,6,0,0,0,0,0,0,0,0,0,0,0,0,0,0,44,31,49,35,43,31,47,35,51,30,44,22,46,25,43,20,46,20,42,17,42,14,42,16,42,12,40,15,38,13,33,9,27,5,26,3,23,-2,19,-9,16,-13,16,-20,19,-24,23,-32,26,-37,33,-41,38,-39,36,-48,39,-44,36,-49,40,-47,47,-46,41,-48,41,-47,47,-48,50,-49,50,-47,50,-40,54,-41,53,-39,50,-33,45,-35,45,-37,45,-36,43,-33,47,-34,39,-27,42,-32,40,-23,41,-23,44,-23,34,-23,39,-23,38,-17,29,-20,32,-22,34,-15,0,0,0,0,0,0,0,0,0,0,0,0,0,0,0,0,0,0,0,0,0,0,-48,-8,-49,-13,-50,-13,-48,-16,-49,-15,-50,-16,-46,-14,-56,-20,-55,-21,-56,-19,-53,-28,-57,-31,-58,-30,-58,-33,-56,-34,-57,-33,-56,-32,-59,-33,-55,-37,-51,-41,-46,-39,-51,-39,-43,-36,-43,-30,-39,-32,-42,-29,-39,-22,-45,-20,-44,-20,-46,-14,-42,-12,-41,-8,-41,-8,-45,-6,-45,-1,-48,-1,-46,-1,-44,3,-49,5,-45,15,-44,7,-45,18,-48,16,-48,23,-49,18,-44,11,-44,24,-41,20,-44,22,-38,28,-38,31,-33,35,-31,31,-32,35,-26,39,-31,42,-31,45,0,0]",1
CSI_DATA,62052,1a:00:00:00:00:00,-38,11,1,0,1,1,1,0,0,0,1,-98,0,11,2,833116041,0,44,0,384,0,"[0,0,0,0,0,0,0,0,0,0,0,0,-4,-10,-5,-10,-5,-9,-5,-9,-5,-9,-5,-9,-5,-9,-5,-8,-4,-8,-5,-8,-4,-7,-4,-6,-4,-5,-4,-4,-4,-3,-4,-2,-5,-1,-5,0,-6,1,-7,1,-8,2,-9,2,-10,1,-11,2,-11,1,-11,1,0,0,-12,1,-12,1,-12,1,-13,1,-13,1,-13,0,-13,-1,-13,-1,-12,-1,-11,-2,-11,-1,-11,-1,-10,-1,-11,-1,-10,-1,-10,-1,-10,-2,-10,-2,-9,-2,-8,-2,-8,-2,-8,-2,-8,-2,-7,-2,-7,-2,-7,-2,0,0,0,0,0,0,0,0,0,0,0,0,0,0,-30,50,-28,50,-29,49,-20,50,-20,51,-21,50,-20,49,-22,50,-18,48,-20,49,-19,49,-10,47,-10,45,-7,38,-12,36,-7,37,-4,28,-8,26,1,26,10,24,15,26,18,18,32,19,34,19,38,23,38,26,40,34,44,25,45,32,48,34,50,36,50,34,48,35,54,36,51,41,50,45,51,43,48,42,47,51,46,44,39,44,35,41,40,38,42,37,41,39,33,37,33,41,33,38,30,36,30,41,23,39,20,32,20,36,19,30,22,32,23,32,20,28,0,0,0,0,0,0,0,0,0,0,0,0,0,0,0,0,0,0,0,0,0,0,-2,-52,3,-52,4,-48,7,-57,8,-55,12,-53,9,-54,6,-53,13,-58,14,-61,17,-62,18,-64,24,-63,21,-63,27,-61,26,-56,28,-63,26,-59,25,-59,33,-56,38,-53,33,-52,32,-49,24,-43,21,-41,20,-40,14,-47,15,-40,8,-44,10,-43,7,-43,3,-47,2,-48,-5,-42,-4,-45,-4,-45,-9,-43,-11,-50,-14,-47,-14,-48,-19,-46,-19,-45,-21,-46,-22,-46,-25,-48,-31,-42,-28,-42,-29,-43,-26,-37,-26,-34,-29,-31,-39,-32,-40,-30,-37,-25,-43,-26,-51,-30,-50,-28,0,0]",1
CSI_DATA,62053,1a:00:00:00:00:00,-38,11,1,0,1,1,1,0,0,0,1,-97,0,11,2,833126326,0,44,0,384,0,"[0,0,0,0,0,0,0,0,0,0,0,0,10,1,10,0,10,0,10,0,9,0,9,0,9,-1,9,0,8,0,8,-1,8,0,7,-1,5,-1,5,-1,4,-2,3,-3,2,-4,2,-5,1,-6,1,-7,1,-8,1,-9,2,-10,2,-10,3,-10,3,-11,0,0,3,-11,3,-11,3,-12,3,-12,4,-12,4,-12,5,-12,5,-11,5,-10,5,-10,5,-10,5,-9,4,-9,4,-9,4,-9,5,-9,4,-8,5,-8,4,-8,5,-7,5,-7,4,-6,4,-6,4,-6,4,-6,4,-6,0,0,0,0,0,0,0,0,0,0,0,0,0,0,-40,-53,-30,-46,-35,-49,-35,-43,-36,-46,-37,-42,-39,-46,-42,-41,-37,-40,-39,-39,-34,-40,-36,-38,-35,-35,-37,-28,-31,-30,-30,-24,-27,-21,-22,-15,-21,-7,-21,-4,-26,3,-24,8,-31,15,-30,17,-33,24,-43,23,-47,21,-54,26,-51,27,-52,27,-53,28,-55,21,-55,26,-58,30,-58,26,-61,22,-62,20,-62,19,-62,16,-62,12,-62,12,-53,9,-54,9,-51,15,-54,12,-51,13,-56,8,-53,3,-47,8,-47,6,-44,1,-44,-2,-40,4,-38,3,-38,2,-42,5,-40,1,0,0,0,0,0,0,0,0,0,0,0,0,0,0,0,0,0,0,0,0,0,0,47,15,45,21,49,18,40,25,45,26,39,27,45,29,48,31,46,30,52,27,48,37,51,38,52,41,52,45,44,44,42,43,49,45,44,44,47,47,40,50,39,46,38,45,36,45,32,42,33,34,32,32,32,30,35,26,40,25,38,27,36,23,43,18,43,18,44,14,45,13,47,14,48,10,49,8,47,7,48,5,48,0,50,-2,49,-6,48,-4,48,-10,55,-3,47,-6,49,-10,47,-11,46,-15,43,-17,37,-22,42,-18,41,-26,42,-31,42,-36,50,-40,0,0]",1
CSI_DATA,62054,1a:00:00:00:00:00,-38,11,1,0,1,1,1,0,0,0,1,-97,0,11,2,833136459,0,44,0,384,0,"[0,0,0,0,0,0,0,0,0,0,0,0,-5,9,-5,8,-5,9,-4,8,-4,8,-4,8,-4,8,-4,8,-4,7,-4,7,-3,7,-3,6,-3,5,-2,4,-1,4,0,3,2,3,3,3,4,3,5,3,5,4,7,4,7,5,7,5,7,5,8,6,0,0,8,6,8,6,8,6,9,6,9,7,9,7,8,8,7,8,7,8,6,8,6,7,6,7,6,7,6,6,6,6,6,6,6,7,5,6,4,6,4,6,3,6,4,5,4,5,3,5,3,5,3,5,0,0,0,0,0,0,0,0,0,0,0,0,0,0,60,-11,54,-8,56,-12,55,-12,55,-17,51,-20,54,-15,50,-20,49,-19,43,-19,45,-18,44,-16,46,-19,38,-16,37,-18,31,-16,29,-13,24,-13,17,-14,12,-20,5,-24,1,-27,-2,-33,-4,-37,-2,-42,-7,-47,-6,-50,-8,-52,-5,-58,-9,-55,-6,-61,0,-58,-4,-60,-5,-62,0,-62,0,-65,4,-64,6,-61,9,-65,7,-62,15,-59,11,-60,11,-59,6,-58,10,-55,7,-53,12,-52,13,-48,9,-46,14,-44,14,-44,12,-36,10,-40,16,-37,10,-35,8,-37,10,-33,0,0,0,0,0,0,0,0,0,0,0,0,0,0,0,0,0,0,0,0,0,0,-30,43,-34,35,-37,35,-37,35,-38,33,-39,30,-41,31,-42,37,-47,36,-51,37,-54,32,-56,32,-60,35,-59,29,-61,29,-61,27,-61,28,-62,27,-59,25,-64,18,-60,17,-59,17,-55,18,-50,18,-48,17,-43,18,-45,22,-43,26,-44,25,-40,28,-34,29,-37,29,-33,33,-31,35,-33,38,-28,35,-32,44,-26,39,-21,43,-21,49,-20,43,-18,47,-17,51,-14,48,-14,46,-17,49,-18,43,-18,45,-10,47,-6,46,0,46,0,48,0,50,3,50,9,47,10,57,11,59,0,0]",1
CSI_DATA,62055,1a:00:00:00:00:00,-38,11,1,0,1,1,1,0,0,0,1,-97,0,11,2,833146043,0,44,0,384,0,"[0,0,0,0,0,0,0,0,0,0,0,0,-11,-2,-11,-1,-10,-1,-10,-1,-10,-1,-10,0,-10,-1,-10,-1,-9,-1,-9,-1,-8,-1,-8,-1,-7,0,-5,0,-5,1,-4,2,-3,2,-3,4,-2,5,-2,6,-2,7,-3,8,-3,8,-3,9,-4,9,-4,9,0,0,-4,10,-4,10,-4,10,-4,11,-4,10,-5,10,-6,10,-6,10,-6,9,-6,9,-6,9,-5,8,-5,8,-5,8,-6,8,-6,7,-5,7,-6,7,-6,6,-6,5,-6,5,-5,5,-5,5,-4,5,-4,5,-4,5,0,0,0,0,0,0,0,0,0,0,0,0,0,0,31,55,25,55,31,48,24,48,33,49,26,46,31,35,29,43,36,40,36,39,31,42,30,37,30,36,28,29,25,30,21,27,25,27,22,17,19,11,22,5,26,1,25,-5,30,-10,31,-19,33,-19,44,-19,43,-19,47,-21,49,-24,46,-24,48,-19,50,-24,51,-24,58,-27,55,-22,60,-26,60,-23,60,-18,59,-12,59,-6,57,-9,56,-13,54,-9,48,-13,54,-10,45,-10,51,-5,48,-6,47,-3,43,-4,44,4,40,3,39,2,37,1,37,-2,30,1,35,2,0,0,0,0,0,0,0,0,0,0,0,0,0,0,0,0,0,0,0,0,0,0,-42,-21,-44,-27,-44,-27,-45,-30,-41,-31,-44,-28,-40,-33,-45,-29,-46,-35,-50,-40,-45,-46,-47,-47,-47,-47,-46,-50,-45,-53,-42,-50,-45,-50,-43,-51,-41,-53,-38,-52,-34,-57,-38,-52,-29,-52,-32,-47,-33,-37,-33,-37,-39,-37,-36,-37,-34,-26,-39,-30,-41,-28,-44,-30,-42,-24,-45,-27,-45,-19,-49,-22,-46,-17,-46,-18,-51,-10,-52,-13,-53,-7,-49,-7,-52,-4,-54,-5,-52,-4,-50,3,-50,-1,-45,5,-49,6,-50,7,-48,12,-51,17,-44,17,-48,18,-49,29,-52,29,-53,22,0,0]",1
CSI_DATA,62056,1a:00:00:00:00:00,-38,11,1,0,1,1,1,0,0,0,1,-97,0,11,2,833166040,0,44,0,384,0,"[0,0,0,0,0,0,0,0,0,0,0,0,8,5,8,5,8,4,8,4,8,3,8,4,8,4,8,4,7,4,7,3,6,3,6,2,5,2,4,1,4,0,3,-1,3,-2,3,-4,3,-5,3,-6,4,-7,4,-7,5,-8,5,-8,6,-8,6,-9,0,0,6,-9,6,-9,6,-9,7,-9,7,-9,8,-9,8,-9,8,-8,8,-8,8,-7,7,-8,7,-7,7,-7,7,-7,7,-7,7,-6,7,-6,6,-6,6,-5,6,-5,6,-4,5,-4,5,-4,4,-4,5,-4,5,-4,0,0,0,0,0,0,0,0,0,0,0,0,0,0,3,-59,4,-56,-2,-58,-4,-57,-1,-54,-4,-56,-2,-51,-3,-50,-8,-56,-8,-51,-7,-49,-6,-49,-6,-50,-7,-45,-7,-39,-4,-33,-10,-34,-7,-26,-14,-21,-13,-18,-19,-8,-28,-10,-31,-3,-35,-1,-40,-2,-46,-2,-47,-1,-53,-4,-54,-6,-50,-5,-55,-7,-60,-7,-61,-6,-56,-8,-59,-10,-66,-6,-58,-10,-65,-12,-58,-17,-59,-15,-56,-20,-54,-19,-54,-18,-53,-16,-53,-19,-50,-15,-49,-17,-50,-17,-46,-17,-40,-20,-41,-20,-37,-15,-32,-15,-29,-16,-34,-13,-29,-17,-32,-18,0,0,0,0,0,0,0,0,0,0,0,0,0,0,0,0,0,0,0,0,0,0,13,48,16,48,10,49,12,47,12,49,12,51,9,52,12,56,12,59,14,58,7,65,4,64,8,70,3,68,0,71,-3,66,-5,69,1,61,0,69,-3,60,-9,61,-8,61,-7,53,-5,49,0,46,-1,48,4,48,6,53,8,47,8,43,8,41,10,44,15,42,20,44,19,41,22,40,22,35,26,35,28,39,26,31,35,28,33,27,37,31,43,28,42,31,42,24,44,26,40,28,44,24,42,20,45,17,46,12,46,14,48,10,49,7,52,3,61,9,0,0]",1
CSI_DATA,62057,1a:00:00:00:00:00,-38,11,1,0,1,1,1,0,0,0,1,-97,0,11,2,833176021,0,44,0,384,0,"[0,0,0,0,0,0,0,0,0,0,0,0,-7,8,-7,8,-6,8,-6,8,-5,8,-5,8,-5,8,-5,7,-5,7,-5,6,-4,6,-4,5,-3,5,-2,4,-1,4,0,3,1,3,2,3,4,3,5,4,5,4,6,5,7,6,7,6,7,7,7,7,0,0,7,7,8,7,8,7,8,8,8,8,8,9,7,9,7,9,6,9,6,8,6,8,6,8,6,8,6,7,5,8,5,8,5,7,4,7,4,7,3,7,3,6,3,6,3,6,3,5,3,5,3,5,0,0,0,0,0,0,0,0,0,0,0,0,0,0,57,5,59,3,58,-1,55,-2,58,-2,60,-1,53,-6,53,-4,51,-10,52,-8,47,-9,47,-11,44,-10,44,-7,43,-5,35,-6,32,-10,21,-15,18,-13,10,-12,10,-21,7,-28,1,-31,0,-35,-2,-40,-1,-47,4,-51,0,-51,6,-56,2,-55,1,-59,6,-60,7,-58,4,-60,2,-60,10,-64,15,-64,17,-64,19,-66,12,-60,16,-57,14,-59,14,-55,15,-56,14,-56,18,-52,17,-51,15,-49,19,-44,12,-43,20,-40,13,-39,14,-30,16,-35,15,-32,12,-33,14,-29,0,0,0,0,0,0,0,0,0,0,0,0,0,0,0,0,0,0,0,0,0,0,-50,18,-49,13,-50,16,-53,12,-50,13,-53,10,-54,11,-52,15,-55,14,-64,13,-62,7,-68,9,-69,5,-69,0,-66,1,-66,-1,-69,4,-65,-1,-66,-4,-67,-8,-64,-9,-60,-9,-53,-10,-54,-7,-50,-2,-47,7,-48,3,-49,5,-45,6,-44,5,-45,14,-44,16,-42,15,-40,15,-41,22,-42,21,-38,22,-35,25,-37,26,-31,30,-29,35,-32,30,-31,40,-29,41,-29,41,-27,41,-28,44,-22,41,-27,45,-20,39,-17,48,-15,46,-11,48,-5,49,-4,53,-6,52,-2,59,0,0]",1
CSI_DATA,62058,1a:00:00:00:00:00,-38,11,1,0,1,1,1,0,0,0,1,-97,0,11,2,833186026,0,44,0,384,0,"[0,0,0,0,0,0,0,0,0,0,0,0,-8,-8,-8,-7,-8,-7,-8,-7,-8,-7,-8,-6,-8,-6,-8,-6,-7,-6,-7,-5,-6,-5,-6,-4,-5,-4,-5,-3,-5,-2,-4,0,-4,1,-4,2,-5,3,-5,4,-6,5,-7,6,-8,6,-8,6,-9,6,-9,6,0,0,-9,7,-9,6,-10,7,-10,7,-10,7,-11,6,-11,6,-11,5,-11,5,-10,4,-10,5,-10,4,-10,4,-9,4,-9,4,-9,4,-9,3,-9,3,-9,3,-8,2,-8,2,-7,2,-7,2,-6,2,-7,2,-7,2,0,0,0,0,0,0,0,0,0,0,0,0,0,0,-9,56,-9,59,-10,57,-7,54,-5,55,-10,57,-6,55,-2,52,-1,54,1,49,-1,49,3,49,2,47,0,43,2,42,3,31,8,34,8,26,12,18,14,13,19,11,23,8,28,5,38,9,44,5,46,6,52,7,54,11,53,11,57,12,56,10,58,15,57,12,58,14,63,17,61,15,60,22,63,23,56,25,60,25,53,27,52,20,50,19,50,23,45,23,48,22,47,27,44,27,40,24,33,22,39,28,33,23,33,25,28,20,26,19,32,16,30,20,0,0,0,0,0,0,0,0,0,0,0,0,0,0,0,0,0,0,0,0,0,0,-8,-51,-10,-50,-9,-52,-3,-50,-4,-52,-5,-53,-6,-50,-6,-53,-5,-61,-6,-64,-1,-62,-3,-68,0,-68,4,-68,14,-67,10,-63,7,-65,11,-65,13,-65,18,-65,22,-60,21,-61,19,-51,14,-48,8,-46,4,-50,-1,-48,0,-47,-1,-46,-1,-46,-11,-43,-13,-43,-15,-42,-9,-46,-13,-44,-16,-41,-15,-41,-21,-40,-25,-38,-25,-37,-28,-36,-29,-31,-33,-33,-39,-32,-37,-35,-32,-36,-37,-29,-40,-27,-41,-28,-42,-28,-45,-16,-49,-20,-47,-16,-48,-15,-55,-10,-54,-13,-55,-11,0,0]",1
CSI_DATA,62059,1a:00:00:00:00:00,-38,11,1,0,1,1,1,0,0,0,1,-97,0,11,2,833216044,0,44,0,384,0,"[0,0,0,0,0,0,0,0,0,0,0,0,-9,5,-8,5,-8,5,-8,5,-8,5,-8,5,-7,5,-7,5,-7,5,-6,5,-5,4,-5,4,-4,4,-3,4,-2,4,-1,4,0,4,1,4,2,5,2,6,3,7,3,7,3,8,4,9,4,9,4,9,0,0,3,10,4,10,4,10,4,11,4,11,3,11,2,11,2,11,1,11,1,10,1,10,1,9,2,9,2,9,1,9,1,9,1,9,0,8,0,8,0,7,0,7,0,7,0,6,0,6,0,6,0,6,0,0,0,0,0,0,0,0,0,0,0,0,0,0,49,21,54,13,56,15,50,10,55,12,47,11,47,7,46,7,47,7,43,9,46,4,45,8,43,3,42,4,37,2,35,-1,28,-2,25,-10,21,-8,20,-13,14,-22,12,-25,11,-32,11,-39,12,-36,21,-46,19,-46,19,-50,21,-50,23,-48,23,-53,27,-52,23,-51,28,-52,27,-56,33,-58,34,-53,38,-53,37,-56,37,-49,36,-48,33,-44,33,-44,29,-49,32,-41,30,-44,31,-39,31,-34,33,-37,33,-28,34,-31,29,-27,28,-28,26,-25,23,-28,27,-24,27,-25,0,0,0,0,0,0,0,0,0,0,0,0,0,0,0,0,0,0,0,0,0,0,-45,14,-49,9,-51,9,-48,6,-49,6,-44,6,-54,4,-54,4,-60,5,-60,2,-64,1,-63,2,-69,-1,-68,-4,-66,-10,-64,-8,-66,-4,-64,-12,-66,-13,-62,-17,-58,-17,-58,-21,-55,-16,-51,-13,-50,-9,-51,-5,-47,-5,-45,-2,-47,0,-48,0,-50,2,-49,6,-47,7,-49,6,-47,10,-43,10,-44,15,-39,12,-40,19,-43,16,-34,25,-34,26,-35,28,-38,30,-37,34,-35,29,-34,31,-38,34,-31,35,-27,36,-25,36,-20,36,-22,42,-20,41,-20,49,-18,53,-16,47,0,0]",1
CSI_DATA,62060,1a:00:00:00:00:00,-38,11,1,0,1,1,1,0,0,0,1,-97,0,11,2,833226042,0,44,0,384,0,"[0,0,0,0,0,0,0,0,0,0,0,0,-5,-10,-5,-9,-6,-9,-5,-9,-6,-9,-5,-8,-5,-8,-5,-8,-5,-7,-5,-7,-5,-6,-5,-5,-4,-5,-4,-4,-4,-3,-5,-2,-5,0,-5,0,-6,1,-7,2,-8,2,-9,3,-10,2,-10,3,-10,2,-10,2,0,0,-11,2,-11,3,-12,3,-12,3,-12,2,-13,2,-13,1,-12,0,-12,0,-11,0,-11,1,-11,0,-10,0,-10,0,-10,0,-10,0,-10,0,-9,0,-9,-1,-8,-1,-8,-1,-8,-1,-8,-1,-7,0,-8,0,-7,0,0,0,0,0,0,0,0,0,0,0,0,0,0,0,-26,55,-19,55,-17,54,-15,54,-15,53,-18,53,-14,47,-14,44,-11,43,-9,50,-11,45,-15,49,-8,42,-8,40,-4,36,-2,33,2,28,1,27,7,25,6,19,20,20,22,15,27,12,34,17,40,16,45,18,42,19,49,23,43,27,48,23,53,23,51,26,55,28,53,31,52,28,58,36,51,36,49,38,48,42,48,38,42,39,43,36,40,35,41,29,40,32,39,33,37,35,36,33,31,30,27,35,25,32,27,31,25,27,26,31,28,26,24,27,27,26,0,0,0,0,0,0,0,0,0,0,0,0,0,0,0,0,0,0,0,0,0,0,-6,-48,-1,-52,2,-51,3,-54,1,-53,-1,-52,3,-54,2,-52,5,-58,1,-62,9,-63,10,-64,10,-63,14,-69,18,-64,16,-62,20,-63,22,-67,22,-59,24,-63,28,-56,27,-53,26,-52,20,-51,18,-47,17,-52,8,-48,7,-49,8,-45,6,-51,1,-45,2,-50,-6,-48,-7,-47,-8,-44,-6,-43,-11,-42,-12,-43,-9,-45,-15,-41,-19,-41,-25,-39,-28,-42,-26,-41,-27,-41,-33,-41,-30,-40,-29,-40,-31,-36,-28,-31,-35,-27,-38,-25,-36,-24,-46,-22,-44,-18,-50,-19,-52,-21,0,0]",1
CSI_DATA,62061,1a:00:00:00:00:00,-38,11,1,0,1,1,1,0,0,0,1,-97,0,11,2,833256026,0,44,0,384,0,"[0,0,0,0,0,0,0,0,0,0,0,0,-10,5,-9,4,-9,5,-9,5,-9,5,-9,5,-8,4,-8,4,-7,4,-7,4,-6,4,-6,4,-5,3,-4,3,-3,3,-2,4,-1,4,0,4,1,5,2,6,2,7,2,8,2,8,2,9,2,9,2,9,0,0,2,10,2,10,2,10,2,11,2,11,2,11,1,11,0,11,0,11,0,10,0,10,0,10,0,9,0,9,0,9,0,9,-1,9,-1,8,-1,8,-1,7,-2,7,-1,7,-1,7,-1,6,-1,6,-1,6,0,0,0,0,0,0,0,0,0,0,0,0,0,0,57,16,56,18,55,14,49,15,55,14,49,11,53,12,47,18,51,9,47,10,44,8,44,5,41,3,38,7,40,1,36,3,28,-3,26,-1,26,-4,21,-14,17,-16,13,-22,19,-28,18,-29,19,-35,19,-43,21,-43,25,-48,28,-49,23,-50,27,-47,28,-51,31,-55,30,-52,31,-51,32,-53,36,-52,40,-48,42,-45,40,-49,37,-44,34,-40,35,-40,35,-43,35,-40,32,-38,37,-36,37,-36,37,-35,29,-30,30,-25,34,-26,33,-25,32,-24,32,-26,23,-24,30,-22,0,0,0,0,0,0,0,0,0,0,0,0,0,0,0,0,0,0,0,0,0,0,-48,17,-52,16,-47,11,-50,11,-54,7,-52,9,-53,8,-58,12,-61,10,-62,7,-66,2,-67,-2,-71,-7,-67,-3,-67,-6,-64,-5,-70,-7,-66,-7,-67,-10,-66,-18,-64,-21,-60,-15,-54,-15,-54,-13,-52,-11,-53,-4,-52,-3,-47,-2,-48,1,-48,0,-49,2,-50,1,-46,5,-49,8,-42,12,-48,13,-43,16,-45,17,-42,18,-43,25,-37,25,-38,22,-36,23,-40,28,-37,30,-42,29,-36,31,-32,32,-32,34,-31,37,-24,38,-25,39,-19,39,-19,41,-17,48,-15,57,-20,57,0,0]",1
CSI_DATA,62062,1a:00:00:00:00:00,-38,11,1,0,1,1,1,0,0,0,1,-97,0,11,2,833266046,0,44,0,384,0,"[0,0,0,0,0,0,0,0,0,0,0,0,-5,-10,-5,-10,-5,-10,-5,-9,-5,-9,-5,-8,-4,-8,-4,-8,-4,-8,-5,-7,-4,-7,-4,-6,-4,-5,-4,-4,-4,-3,-4,-2,-5,-1,-5,0,-6,1,-7,1,-8,1,-9,2,-9,2,-10,2,-10,2,-10,2,0,0,-11,2,-11,2,-11,2,-12,2,-12,2,-13,1,-12,0,-12,0,-12,0,-11,0,-11,0,-11,0,-11,0,-10,0,-11,0,-10,-1,-10,-1,-9,-1,-9,-1,-9,-1,-8,-2,-8,-2,-7,-1,-7,-1,-7,-1,-7,-1,0,0,0,0,0,0,0,0,0,0,0,0,0,0,-25,51,-29,56,-22,52,-24,60,-19,57,-21,52,-22,52,-19,49,-16,48,-12,48,-13,42,-9,47,-9,41,-9,38,-7,37,-2,40,-3,33,-3,26,4,23,12,22,17,21,15,17,24,14,30,16,33,21,38,20,42,23,46,25,48,25,48,25,52,25,54,27,49,27,50,34,51,30,57,32,48,35,49,37,47,39,47,39,43,37,43,35,44,34,42,35,42,37,41,34,35,40,38,33,36,34,33,31,27,35,26,30,25,31,24,31,24,24,23,27,23,25,0,0,0,0,0,0,0,0,0,0,0,0,0,0,0,0,0,0,0,0,0,0,-12,-47,-11,-48,-3,-51,1,-53,-2,-53,-7,-54,-1,-50,-1,-55,-3,-62,-1,-64,6,-72,1,-67,7,-70,9,-69,13,-69,15,-63,14,-64,19,-62,18,-71,21,-61,21,-62,22,-56,16,-56,15,-51,14,-49,10,-54,6,-51,6,-51,4,-50,-3,-52,-1,-46,-3,-50,-4,-51,-8,-47,-5,-47,-11,-50,-11,-46,-14,-43,-15,-45,-17,-42,-21,-42,-23,-38,-26,-41,-33,-44,-32,-39,-25,-39,-29,-40,-30,-34,-33,-34,-34,-28,-34,-29,-44,-25,-48,-28,-45,-23,-49,-24,-52,-21,-57,-24,0,0]",1
CSI_DATA,62063,1a:00:00:00:00:00,-37,11,1,0,1,1,1,0,0,0,1,-97,0,11,2,833286017,0,44,0,384,0,"[0,0,0,0,0,0,0,0,0,0,0,0,6,8,5,8,5,8,5,7,5,7,5,6,5,6,5,6,5,6,4,5,4,5,4,4,4,3,4,2,4,1,4,0,4,-1,5,-2,5,-2,6,-3,7,-3,8,-4,8,-4,9,-4,9,-4,9,-4,0,0,10,-3,10,-3,10,-4,11,-4,11,-3,11,-2,11,-2,11,-1,11,-1,10,-1,10,-2,10,-1,10,-1,9,-1,9,-1,9,-1,9,0,9,0,8,0,8,1,7,1,7,1,7,1,6,0,6,1,6,1,0,0,0,0,0,0,0,0,0,0,0,0,0,0,22,-57,14,-54,20,-55,16,-63,10,-57,15,-55,15,-54,10,-53,11,-51,11,-51,10,-49,8,-44,4,-41,1,-37,2,-36,-3,-33,-1,-32,-3,-26,-9,-26,-14,-23,-20,-18,-24,-21,-30,-19,-35,-16,-37,-20,-43,-24,-43,-22,-47,-27,-45,-28,-47,-29,-51,-31,-44,-38,-44,-30,-54,-35,-47,-34,-53,-38,-50,-40,-50,-38,-45,-46,-46,-43,-38,-39,-40,-40,-36,-38,-39,-39,-37,-39,-38,-37,-34,-38,-32,-40,-29,-39,-26,-35,-26,-37,-23,-37,-23,-31,-20,-33,-17,-32,-20,-33,-19,-34,0,0,0,0,0,0,0,0,0,0,0,0,0,0,0,0,0,0,0,0,0,0,23,40,21,42,21,47,21,47,17,49,19,48,14,50,16,53,18,54,17,57,15,60,8,66,6,66,10,66,4,67,4,61,4,66,-1,68,-1,65,-5,62,-9,58,-6,59,-9,53,-4,56,-3,47,3,46,3,50,4,47,9,45,10,45,9,45,13,45,16,45,14,44,17,45,16,41,20,42,19,42,23,38,27,40,26,38,26,33,32,37,34,32,33,30,32,31,33,28,35,30,33,30,37,23,34,22,44,22,42,15,41,14,50,14,54,13,57,13,0,0]",1
CSI_DATA,62064,1a:00:00:00:00:00,-37,11,1,0,1,1,1,0,0,0,1,-97,0,11,2,833296027,0,44,0,384,0,"[0,0,0,0,0,0,0,0,0,0,0,0,-9,5,-9,5,-9,5,-8,5,-8,5,-8,5,-7,5,-7,5,-7,5,-6,5,-6,4,-5,4,-4,4,-3,4,-2,4,-1,4,0,4,1,5,2,5,3,6,3,7,3,8,3,9,3,9,3,10,3,10,0,0,3,10,4,10,4,10,4,11,3,11,3,11,2,11,2,11,2,11,1,10,1,10,2,10,2,10,2,9,1,9,1,9,1,9,0,9,0,9,0,8,-1,8,0,7,0,7,0,7,-1,7,-1,6,0,0,0,0,0,0,0,0,0,0,0,0,0,0,59,21,51,26,54,18,54,17,47,16,53,15,48,15,48,15,51,12,49,8,46,8,45,5,41,6,40,6,36,7,32,3,29,-1,29,-7,25,-14,16,-13,18,-20,14,-26,16,-30,17,-31,16,-42,22,-45,26,-50,26,-48,31,-49,26,-51,26,-52,33,-57,29,-48,33,-54,32,-48,36,-55,37,-52,38,-53,40,-49,38,-50,38,-44,37,-41,35,-45,32,-46,36,-50,34,-38,36,-37,36,-40,33,-36,35,-32,35,-31,33,-28,31,-26,28,-25,30,-24,26,-22,32,-19,0,0,0,0,0,0,0,0,0,0,0,0,0,0,0,0,0,0,0,0,0,0,-51,9,-52,5,-51,0,-53,0,-50,1,-53,1,-52,0,-57,4,-60,0,-59,-3,-60,-6,-66,-9,-67,-13,-64,-8,-67,-16,-60,-15,-65,-15,-62,-14,-65,-18,-59,-22,-62,-20,-57,-26,-50,-19,-48,-20,-47,-16,-43,-8,-45,-7,-48,-3,-49,-5,-47,1,-48,1,-47,2,-43,8,-47,5,-46,14,-46,10,-45,12,-46,12,-46,16,-46,17,-42,25,-38,25,-41,25,-40,28,-41,27,-31,33,-34,30,-33,36,-32,30,-32,34,-30,34,-22,37,-27,43,-26,42,-24,50,-15,54,-26,52,0,0]",1
CSI_DATA,62065,1a:00:00:00:00:00,-37,11,1,0,1,1,1,0,0,0,1,-97,0,11,2,833306023,0,44,0,384,0,"[0,0,0,0,0,0,0,0,0,0,0,0,-6,-9,-6,-9,-6,-9,-6,-9,-6,-8,-6,-8,-6,-8,-6,-7,-5,-7,-5,-6,-5,-6,-5,-5,-4,-4,-5,-3,-5,-2,-5,-1,-5,0,-6,1,-6,2,-7,2,-8,3,-9,3,-9,3,-10,4,-10,3,-11,3,0,0,-11,3,-11,3,-12,3,-12,3,-12,3,-13,2,-13,2,-13,1,-12,1,-11,1,-11,1,-11,1,-11,1,-11,1,-10,1,-11,0,-10,0,-10,0,-10,-1,-9,-1,-9,-1,-8,-1,-8,-1,-7,-1,-8,-1,-8,-1,0,0,0,0,0,0,0,0,0,0,0,0,0,0,-29,57,-24,53,-23,55,-25,53,-27,58,-17,51,-19,48,-18,50,-21,48,-17,46,-15,47,-17,41,-15,39,-10,38,-7,34,-6,37,2,33,7,24,7,23,14,20,18,19,25,21,29,18,35,19,37,25,44,28,43,27,51,29,48,31,50,35,52,31,55,38,48,34,56,34,53,38,54,37,48,39,52,45,44,43,47,46,40,43,45,37,43,37,47,39,45,43,39,38,39,39,38,40,32,39,29,36,28,40,26,38,26,34,21,32,21,30,22,33,21,33,0,0,0,0,0,0,0,0,0,0,0,0,0,0,0,0,0,0,0,0,0,0,-6,-52,-3,-55,0,-52,6,-53,5,-51,4,-48,6,-52,3,-55,7,-59,9,-62,10,-68,11,-65,15,-68,19,-67,20,-62,23,-60,21,-62,20,-64,18,-58,25,-59,27,-56,27,-52,22,-51,21,-48,17,-44,10,-49,11,-48,9,-49,7,-42,0,-48,2,-45,0,-46,-3,-48,-5,-46,-7,-44,-9,-50,-14,-43,-19,-47,-21,-46,-19,-43,-21,-45,-22,-40,-25,-44,-29,-42,-28,-38,-26,-47,-26,-40,-26,-41,-33,-37,-34,-37,-40,-26,-41,-28,-44,-26,-46,-29,-53,-23,-53,-27,-54,-27,0,0]",1
CSI_DATA,62066,1a:00:00:00:00:00,-37,11,1,0,1,1,1,0,0,0,1,-97,0,11,2,833326025,0,44,0,384,0,"[0,0,0,0,0,0,0,0,0,0,0,0,6,8,6,7,6,7,6,7,6,7,6,6,6,6,6,5,5,5,5,5,5,4,4,3,4,2,4,2,4,0,4,-1,4,-2,4,-3,5,-4,6,-5,6,-5,7,-6,8,-6,9,-6,9,-6,9,-6,0,0,9,-6,10,-6,10,-6,10,-6,10,-6,11,-6,11,-5,11,-5,10,-4,10,-4,10,-4,10,-4,9,-4,9,-4,9,-4,9,-3,9,-3,8,-3,8,-2,8,-2,8,-2,7,-2,7,-2,6,-2,6,-2,6,-1,0,0,0,0,0,0,0,0,0,0,0,0,0,0,16,-66,13,-60,13,-58,11,-58,15,-58,13,-54,11,-55,11,-51,13,-51,4,-46,7,-46,7,-48,2,-46,6,-42,3,-37,0,-32,-4,-29,-4,-26,-9,-23,-17,-22,-21,-18,-29,-17,-32,-14,-36,-13,-42,-18,-48,-20,-51,-19,-51,-25,-50,-26,-52,-26,-54,-26,-54,-31,-57,-28,-53,-27,-59,-32,-55,-36,-55,-35,-54,-37,-53,-39,-51,-40,-49,-38,-47,-35,-47,-38,-51,-35,-45,-33,-39,-34,-41,-42,-38,-36,-40,-34,-30,-38,-33,-37,-31,-33,-30,-31,-25,-32,-27,-31,-25,-31,-28,-32,0,0,0,0,0,0,0,0,0,0,0,0,0,0,0,0,0,0,0,0,0,0,14,54,8,53,6,49,1,55,5,52,3,51,4,50,3,54,4,61,2,62,-4,67,-6,67,-7,67,-11,69,-14,70,-15,67,-12,65,-14,65,-20,65,-22,62,-22,56,-18,55,-21,55,-16,46,-14,46,-10,51,-10,45,-5,46,-2,47,-1,45,1,45,3,47,8,40,11,43,14,39,13,42,17,41,16,40,12,39,23,40,22,37,25,39,30,40,32,39,29,39,36,33,34,27,34,30,35,28,37,21,37,27,43,22,48,19,43,16,45,17,51,13,57,15,0,0]",1
CSI_DATA,62067,1a:00:00:00:00:00,-37,11,1,0,1,1,1,0,0,0,1,-97,0,11,2,833336021,0,44,0,384,0,"[0,0,0,0,0,0,0,0,0,0,0,0,-9,6,-9,6,-8,6,-8,6,-8,5,-8,6,-7,5,-7,5,-7,5,-6,5,-5,4,-5,4,-4,4,-3,4,-2,4,-1,4,0,4,1,5,3,5,3,6,3,7,4,8,4,8,4,9,4,10,4,10,0,0,4,10,4,10,4,11,4,11,4,11,3,12,3,12,2,11,2,11,2,11,2,10,2,10,2,10,2,10,1,10,1,10,1,9,0,9,0,9,0,8,-1,8,-1,7,0,7,0,7,0,7,0,7,0,0,0,0,0,0,0,0,0,0,0,0,0,0,51,27,50,22,54,20,54,17,47,16,55,20,46,14,49,19,44,11,45,13,41,10,41,10,39,6,37,-1,33,4,31,0,28,-3,28,-3,24,-9,20,-15,17,-19,21,-23,14,-29,19,-35,20,-38,24,-43,24,-40,30,-45,29,-47,29,-52,31,-50,32,-51,34,-46,34,-55,33,-54,39,-50,40,-50,41,-52,44,-47,39,-45,39,-42,39,-46,40,-41,38,-44,39,-38,37,-38,38,-36,37,-34,37,-30,38,-30,35,-27,32,-23,34,-25,30,-23,36,-24,30,-22,30,-20,0,0,0,0,0,0,0,0,0,0,0,0,0,0,0,0,0,0,0,0,0,0,-51,8,-51,1,-49,-2,-55,-3,-50,-4,-50,-3,-52,-2,-54,0,-62,-4,-62,-4,-62,-10,-64,-14,-67,-13,-66,-19,-63,-21,-60,-21,-64,-21,-60,-18,-64,-26,-56,-26,-53,-26,-52,-24,-48,-22,-47,-20,-44,-16,-46,-14,-43,-12,-43,-10,-46,-7,-50,-5,-43,-3,-42,-3,-42,1,-45,2,-42,8,-43,6,-45,10,-44,11,-41,11,-41,19,-41,18,-34,20,-38,20,-38,28,-39,25,-38,21,-38,28,-35,25,-33,29,-28,32,-26,34,-23,35,-25,40,-24,38,-20,45,-21,52,-17,51,0,0]",1
CSI_DATA,62068,1a:00:00:00:00:00,-37,11,1,0,1,1,1,0,0,0,1,-97,0,11,2,833346204,0,44,0,384,0,"[0,0,0,0,0,0,0,0,0,0,0,0,-6,-10,-6,-10,-5,-9,-5,-9,-6,-9,-5,-8,-5,-8,-5,-8,-5,-7,-5,-7,-5,-6,-5,-5,-5,-5,-4,-4,-5,-2,-5,-1,-5,0,-6,1,-7,1,-8,2,-8,2,-9,3,-10,2,-11,2,-11,3,-11,2,0,0,-12,3,-12,3,-12,3,-12,3,-13,3,-13,2,-13,1,-12,1,-12,1,-12,1,-11,1,-11,1,-11,1,-11,1,-11,1,-11,0,-11,0,-10,0,-10,-1,-9,-1,-9,-2,-8,-1,-8,-1,-8,-1,-8,-1,-7,-1,0,0,0,0,0,0,0,0,0,0,0,0,0,0,-21,54,-22,48,-22,48,-22,48,-20,47,-22,54,-18,45,-17,51,-15,43,-17,45,-13,42,-14,41,-11,39,-9,35,-6,31,-5,34,2,32,4,25,7,22,11,17,19,21,21,21,29,21,34,19,33,21,39,25,42,30,45,36,41,35,46,37,47,35,45,38,44,37,50,38,49,39,49,43,48,39,48,45,44,45,41,43,38,41,38,42,38,42,42,42,37,40,37,39,34,44,33,36,32,43,25,41,22,40,22,39,20,34,20,34,20,30,20,32,18,31,0,0,0,0,0,0,0,0,0,0,0,0,0,0,0,0,0,0,0,0,0,0,-4,-52,-3,-53,-1,-51,4,-56,4,-48,3,-52,2,-49,4,-54,4,-57,6,-58,12,-63,13,-65,15,-65,19,-64,25,-63,20,-58,21,-62,27,-56,23,-59,27,-58,28,-55,28,-51,25,-46,23,-46,17,-42,17,-44,7,-42,11,-43,6,-44,6,-44,0,-42,4,-45,0,-42,-6,-47,-8,-47,-6,-47,-8,-45,-9,-46,-12,-47,-11,-41,-16,-42,-20,-39,-23,-43,-25,-38,-24,-42,-24,-37,-28,-37,-24,-36,-26,-31,-27,-32,-33,-29,-36,-25,-38,-25,-41,-19,-40,-26,-49,-20,-55,-24,0,0]",1
CSI_DATA,62069,1a:00:00:00:00:00,-37,11,1,0,1,1,1,0,0,0,1,-97,0,11,2,833356018,0,44,0,384,0,"[0,0,0,0,0,0,0,0,0,0,0,0,6,-9,6,-9,5,-9,5,-8,5,-8,4,-8,4,-8,4,-8,4,-7,3,-7,3,-7,2,-6,1,-6,0,-5,-1,-5,-2,-5,-3,-5,-4,-5,-5,-5,-6,-6,-6,-7,-7,-7,-7,-8,-8,-8,-8,-9,-8,-9,0,0,-8,-9,-8,-9,-8,-9,-9,-10,-8,-10,-8,-10,-7,-11,-7,-11,-7,-11,-6,-10,-7,-10,-7,-10,-7,-10,-6,-10,-6,-10,-6,-10,-5,-10,-5,-9,-4,-9,-4,-9,-3,-8,-3,-8,-3,-8,-3,-7,-3,-7,-3,-7,0,0,0,0,0,0,0,0,0,0,0,0,0,0,-56,-5,-60,-2,-60,-2,-56,1,-55,3,-52,1,-55,4,-56,3,-48,4,-46,2,-43,6,-46,7,-42,6,-40,9,-37,8,-35,8,-31,13,-23,16,-22,18,-15,23,-12,27,-8,32,-10,37,-6,42,-6,43,-10,51,-13,55,-11,56,-10,56,-12,53,-11,57,-16,62,-15,60,-12,59,-12,61,-15,59,-18,64,-18,62,-22,58,-18,60,-23,53,-16,54,-19,57,-16,54,-22,56,-24,53,-25,48,-26,56,-25,44,-26,44,-26,41,-23,33,-24,36,-24,33,-20,31,-19,31,-21,31,0,0,0,0,0,0,0,0,0,0,0,0,0,0,0,0,0,0,0,0,0,0,45,-20,47,-17,52,-15,49,-11,50,-15,49,-15,48,-12,52,-14,56,-16,60,-13,60,-10,64,-10,65,-8,66,-5,65,-2,63,2,63,0,65,-2,63,1,60,3,62,5,57,4,52,4,50,1,43,-1,43,-10,44,-6,48,-8,42,-7,43,-14,47,-15,43,-17,40,-15,42,-14,44,-22,41,-24,36,-25,37,-27,34,-31,31,-31,31,-32,32,-30,27,-33,28,-39,29,-33,32,-31,21,-38,23,-33,21,-37,21,-39,12,-43,7,-43,10,-48,7,-48,4,-55,0,-51,5,-55,0,0]",1
CSI_DATA,62070,1a:00:00:00:00:00,-37,11,1,0,1,1,1,0,0,0,1,-97,0,11,2,833366041,0,44,0,384,0,"[0,0,0,0,0,0,0,0,0,0,0,0,7,6,7,6,7,6,7,6,7,6,7,5,6,5,6,5,5,4,6,4,5,3,5,2,4,2,4,1,4,0,4,-1,4,-3,4,-3,5,-5,6,-5,6,-6,7,-6,8,-6,8,-7,8,-6,8,-7,0,0,9,-7,9,-7,10,-7,10,-7,10,-7,11,-7,11,-6,10,-5,10,-5,10,-5,10,-6,10,-5,9,-5,10,-5,9,-4,10,-4,9,-3,9,-3,9,-3,8,-2,8,-2,7,-2,7,-2,6,-2,7,-2,6,-2,0,0,0,0,0,0,0,0,0,0,0,0,0,0,11,-56,8,-56,12,-55,8,-57,8,-56,8,-53,6,-52,10,-49,6,-48,7,-53,-1,-44,3,-44,-2,-44,0,-38,-4,-34,-6,-30,-9,-31,-10,-25,-15,-22,-19,-18,-25,-13,-27,-15,-38,-12,-42,-11,-43,-12,-49,-14,-52,-20,-56,-24,-52,-17,-57,-20,-55,-22,-61,-26,-55,-18,-59,-23,-57,-27,-64,-30,-59,-27,-62,-30,-59,-32,-55,-33,-52,-31,-55,-28,-52,-29,-55,-31,-50,-33,-47,-33,-45,-40,-47,-35,-41,-37,-36,-32,-37,-36,-36,-32,-32,-27,-29,-28,-29,-31,-28,-30,-30,-30,0,0,0,0,0,0,0,0,0,0,0,0,0,0,0,0,0,0,0,0,0,0,11,46,9,53,6,50,1,51,2,51,5,51,1,53,6,54,6,59,5,57,0,64,1,62,0,66,-4,66,-8,61,-11,57,-11,65,-14,63,-12,62,-17,63,-17,57,-19,54,-14,52,-9,50,-7,45,-5,41,-1,44,-2,46,1,43,7,44,6,41,11,45,10,40,13,46,12,41,15,45,13,41,18,40,21,39,26,38,24,31,26,36,34,36,29,35,31,40,31,32,28,32,30,27,33,29,32,24,36,16,43,15,41,15,35,14,49,8,49,10,57,2,0,0]",1
CSI_DATA,62071,1a:00:00:00:00:00,-37,11,1,0,1,1,1,0,0,0,1,-97,0,11,2,833376025,0,44,0,384,0,"[0,0,0,0,0,0,0,0,0,0,0,0,-7,8,-7,8,-6,8,-6,7,-6,7,-6,7,-5,7,-5,7,-5,6,-4,6,-4,6,-3,5,-2,5,-1,4,-1,4,1,4,2,4,3,4,4,5,5,5,5,6,6,7,6,8,6,8,6,8,6,8,0,0,6,9,7,8,7,8,7,9,7,9,7,10,6,10,6,10,5,10,5,9,6,9,5,9,5,9,5,9,4,9,4,9,4,9,3,9,3,8,2,8,2,7,2,7,2,7,2,6,2,6,2,6,0,0,0,0,0,0,0,0,0,0,0,0,0,0,58,-13,56,-13,56,-11,56,-10,58,-10,59,-10,55,-12,53,-9,47,-14,48,-12,41,-12,42,-11,36,-13,35,-15,34,-13,28,-12,28,-12,19,-18,18,-20,12,-23,10,-30,-1,-29,0,-41,-4,-42,0,-50,-4,-53,2,-56,6,-60,-2,-60,5,-59,6,-59,5,-63,3,-62,5,-66,3,-61,8,-69,7,-65,12,-70,12,-67,13,-64,8,-59,13,-61,13,-60,10,-60,13,-59,15,-54,17,-59,20,-56,14,-49,20,-48,20,-43,18,-39,15,-44,15,-39,15,-39,15,-35,16,-39,0,0,0,0,0,0,0,0,0,0,0,0,0,0,0,0,0,0,0,0,0,0,-46,22,-50,20,-51,18,-47,15,-46,11,-49,13,-49,18,-50,19,-56,20,-55,18,-65,12,-66,9,-67,8,-71,7,-66,6,-60,4,-68,3,-64,4,-63,5,-62,-4,-62,-4,-58,-2,-54,0,-50,-1,-46,2,-47,7,-47,9,-45,11,-44,12,-45,17,-40,20,-48,18,-42,23,-40,22,-40,25,-40,27,-38,26,-33,26,-39,28,-34,34,-28,35,-26,32,-26,37,-23,36,-29,36,-25,41,-21,38,-21,41,-16,43,-13,38,-11,41,-8,40,0,50,6,46,4,54,3,56,4,50,0,0]",1
CSI_DATA,62072,1a:00:00:00:00:00,-37,11,1,0,1,1,1,0,0,0,1,-97,0,11,2,833386033,0,44,0,384,0,"[0,0,0,0,0,0,0,0,0,0,0,0,-10,-7,-9,-6,-9,-6,-9,-6,-9,-6,-9,-5,-9,-5,-8,-5,-8,-5,-8,-4,-7,-4,-7,-3,-6,-2,-6,-1,-5,0,-5,1,-5,2,-6,3,-6,4,-7,5,-7,6,-8,6,-9,6,-9,6,-9,6,-9,6,0,0,-10,7,-10,7,-10,7,-10,7,-10,7,-11,7,-11,6,-11,6,-11,5,-11,5,-10,6,-10,5,-10,5,-10,5,-11,5,-10,4,-10,3,-10,3,-10,3,-9,2,-9,2,-8,2,-8,2,-7,2,-7,2,-7,2,0,0,0,0,0,0,0,0,0,0,0,0,0,0,5,57,8,58,9,56,10,54,5,55,15,55,9,50,5,46,13,49,13,46,10,49,16,42,11,44,11,36,9,37,12,30,11,27,13,23,19,17,27,9,25,9,32,7,36,2,40,4,45,4,51,8,49,7,53,9,54,10,59,5,56,9,60,10,56,10,59,9,65,15,61,13,62,12,61,17,61,16,59,18,57,24,59,20,54,20,58,19,53,19,54,18,51,24,46,24,44,26,39,26,39,25,35,26,32,19,33,22,27,20,29,18,29,22,0,0,0,0,0,0,0,0,0,0,0,0,0,0,0,0,0,0,0,0,0,0,-28,-38,-27,-40,-27,-43,-23,-46,-23,-43,-25,-42,-21,-46,-26,-47,-28,-53,-24,-52,-21,-57,-19,-61,-17,-60,-18,-63,-12,-62,-11,-59,-11,-59,-13,-62,-10,-58,-9,-59,-6,-55,-6,-54,-4,-48,-4,-47,-6,-43,-14,-46,-14,-42,-19,-41,-19,-39,-18,-39,-23,-40,-25,-39,-22,-34,-27,-40,-30,-35,-31,-37,-29,-37,-28,-29,-30,-32,-32,-29,-33,-28,-36,-23,-38,-23,-45,-21,-41,-22,-38,-22,-35,-20,-40,-15,-43,-15,-40,-8,-38,-5,-40,-3,-44,1,-43,4,-50,7,-49,11,-54,6,0,0]",1
CSI_DATA,62073,1a:00:00:00:00:00,-37,11,1,0,1,1,1,0,0,0,1,-97,0,11,2,833406023,0,44,0,384,0,"[0,0,0,0,0,0,0,0,0,0,0,0,9,5,9,4,9,4,9,4,8,4,8,3,8,3,8,3,7,3,7,3,7,2,6,2,5,1,5,0,4,-1,4,-2,4,-3,4,-4,4,-5,5,-6,5,-7,6,-7,7,-8,7,-8,7,-8,7,-8,0,0,8,-8,8,-8,8,-9,8,-9,9,-9,9,-8,10,-8,10,-7,10,-7,9,-7,9,-7,9,-6,9,-6,9,-6,9,-6,9,-6,9,-5,8,-5,8,-4,7,-4,7,-3,6,-3,6,-3,6,-3,6,-3,6,-3,0,0,0,0,0,0,0,0,0,0,0,0,0,0,-14,-63,-20,-64,-13,-57,-14,-62,-17,-56,-16,-57,-12,-57,-18,-55,-14,-53,-18,-48,-12,-42,-17,-45,-17,-46,-16,-43,-14,-39,-15,-33,-21,-34,-22,-23,-21,-20,-26,-15,-29,-8,-36,-5,-36,-3,-42,0,-49,-3,-48,-3,-58,-4,-54,-4,-57,-7,-63,-4,-63,-6,-62,-5,-61,-6,-67,-4,-67,-8,-67,-10,-66,-13,-67,-13,-65,-14,-67,-18,-61,-19,-60,-15,-57,-18,-60,-14,-59,-18,-53,-16,-52,-20,-52,-24,-51,-18,-45,-21,-38,-23,-40,-21,-37,-20,-40,-20,-34,-19,-34,-16,-37,-17,0,0,0,0,0,0,0,0,0,0,0,0,0,0,0,0,0,0,0,0,0,0,32,43,26,41,24,42,20,47,24,47,18,43,19,44,25,44,22,49,24,51,19,60,15,58,19,61,16,58,11,61,15,57,13,59,12,59,11,56,7,55,0,57,6,57,2,50,5,43,8,44,15,40,11,40,16,40,20,37,22,39,23,38,25,36,24,37,25,36,29,41,35,35,34,33,27,29,32,24,35,25,35,25,38,19,44,22,42,19,39,16,44,25,43,14,40,12,40,14,39,9,40,0,40,-1,45,-6,45,-7,51,-11,54,-10,59,-11,0,0]",1
CSI_DATA,62074,1a:00:00:00:00:00,-37,11,1,0,1,1,1,0,0,0,1,-97,0,11,2,833416038,0,44,0,384,0,"[0,0,0,0,0,0,0,0,0,0,0,0,-6,9,-6,9,-6,9,-6,9,-5,8,-5,8,-5,8,-5,8,-5,7,-4,7,-4,6,-3,6,-2,5,-1,5,0,5,1,5,2,4,3,5,4,5,5,6,5,6,6,7,6,8,6,8,6,8,6,8,0,0,7,9,7,9,7,9,7,10,7,10,7,11,6,11,5,11,5,11,4,10,5,10,4,10,4,10,4,9,4,9,3,9,3,9,3,8,2,8,2,8,2,7,1,7,1,7,2,6,1,7,1,6,0,0,0,0,0,0,0,0,0,0,0,0,0,0,67,-13,61,-10,57,-3,63,-9,60,-8,61,-7,55,-9,56,-11,54,-4,51,-12,48,-7,47,-9,44,-11,36,-9,38,-13,36,-15,25,-17,22,-19,15,-19,16,-24,15,-26,13,-34,9,-38,9,-41,8,-44,8,-49,12,-54,12,-57,11,-54,10,-59,14,-61,16,-65,18,-60,12,-63,12,-62,20,-66,22,-70,25,-63,24,-61,27,-64,27,-54,23,-54,23,-57,19,-58,25,-50,28,-52,30,-49,30,-50,26,-45,27,-40,24,-36,27,-36,24,-29,25,-33,17,-31,20,-32,25,-32,0,0,0,0,0,0,0,0,0,0,0,0,0,0,0,0,0,0,0,0,0,0,-40,31,-47,25,-39,22,-44,22,-43,21,-45,21,-48,22,-51,24,-51,20,-50,26,-56,21,-54,18,-58,21,-60,18,-58,13,-56,10,-57,9,-62,11,-59,12,-58,9,-55,8,-57,3,-50,3,-45,6,-40,11,-42,15,-41,16,-41,17,-39,22,-41,24,-41,22,-41,27,-36,32,-39,27,-37,26,-35,24,-37,29,-34,30,-31,33,-31,34,-25,37,-24,35,-22,40,-23,42,-20,40,-19,40,-18,40,-18,41,-19,43,-5,39,-6,42,-3,43,-1,45,0,49,6,52,7,60,7,59,0,0]",1
CSI_DATA,62075,1a:00:00:00:00:00,-37,11,1,0,1,1,1,0,0,0,1,-97,0,11,2,833426012,0,44,0,384,0,"[0,0,0,0,0,0,0,0,0,0,0,0,-11,-5,-10,-5,-10,-5,-10,-4,-10,-4,-9,-4,-9,-4,-9,-4,-8,-4,-8,-3,-8,-3,-7,-2,-6,-1,-6,-1,-5,0,-5,2,-5,3,-5,3,-5,5,-5,5,-6,6,-7,7,-7,7,-7,7,-8,8,-8,8,0,0,-8,8,-8,8,-8,8,-9,9,-9,8,-10,8,-10,8,-10,7,-10,7,-10,6,-9,6,-9,6,-9,6,-9,5,-9,6,-9,5,-9,5,-8,4,-9,4,-8,3,-8,3,-7,3,-7,3,-6,3,-7,3,-7,3,0,0,0,0,0,0,0,0,0,0,0,0,0,0,21,56,16,59,19,52,18,52,25,50,19,56,19,53,20,47,23,46,22,49,18,44,22,41,18,42,20,37,15,30,16,29,24,24,21,20,20,12,23,8,29,5,32,-1,33,-3,37,-7,42,-12,50,-12,51,-9,58,-13,52,-6,54,-9,56,-10,60,-10,64,-10,61,-14,61,-10,66,-6,65,-10,71,-5,62,4,65,4,59,4,63,0,61,2,56,-1,56,2,55,-1,54,8,57,3,50,9,48,12,47,9,37,8,38,6,37,8,35,7,36,5,41,7,0,0,0,0,0,0,0,0,0,0,0,0,0,0,0,0,0,0,0,0,0,0,-28,-39,-25,-43,-23,-44,-20,-51,-20,-44,-21,-45,-19,-43,-22,-47,-22,-49,-21,-51,-21,-53,-19,-55,-20,-61,-18,-55,-16,-60,-16,-55,-12,-59,-18,-58,-17,-61,-11,-56,-8,-53,-12,-53,-12,-45,-13,-43,-11,-42,-19,-41,-18,-41,-20,-37,-28,-38,-33,-34,-30,-38,-32,-38,-32,-33,-28,-37,-32,-31,-32,-30,-33,-31,-36,-26,-34,-27,-37,-23,-38,-22,-35,-18,-46,-19,-42,-19,-42,-15,-44,-17,-46,-11,-42,-9,-43,-9,-40,-1,-41,-3,-44,5,-45,8,-45,11,-50,17,-55,19,-52,16,0,0]",1
CSI_DATA,62076,1a:00:00:00:00:00,-37,11,1,0,1,1,1,0,0,0,1,-97,0,11,2,833446022,0,44,0,384,0,"[0,0,0,0,0,0,0,0,0,0,0,0,9,5,9,5,8,4,9,5,8,4,8,4,8,4,7,3,7,3,6,2,6,2,5,1,4,1,4,0,3,-1,3,-2,3,-3,3,-5,3,-6,3,-7,4,-8,4,-8,5,-9,5,-9,5,-9,5,-10,0,0,6,-10,6,-10,6,-11,7,-11,7,-11,8,-11,8,-10,8,-10,8,-9,8,-9,7,-9,7,-8,7,-8,7,-8,7,-8,7,-8,7,-7,7,-7,6,-6,6,-6,6,-6,6,-5,5,-5,5,-5,5,-5,5,-5,0,0,0,0,0,0,0,0,0,0,0,0,0,0,-12,-63,-5,-59,-10,-56,-9,-56,-8,-59,-14,-55,-9,-54,-11,-56,-10,-53,-10,-51,-15,-45,-9,-42,-14,-43,-10,-38,-15,-33,-12,-32,-14,-29,-17,-23,-23,-15,-17,-8,-26,-2,-28,-1,-33,5,-41,4,-42,9,-51,8,-49,8,-60,11,-57,10,-60,9,-62,13,-67,10,-62,11,-65,11,-66,5,-67,6,-67,5,-72,0,-69,0,-69,-2,-63,-6,-59,-5,-63,-4,-61,-2,-60,-5,-61,-5,-56,-4,-56,-5,-49,-7,-49,-8,-52,-9,-46,-6,-45,-9,-42,-8,-41,-7,-40,-5,-42,-10,0,0,0,0,0,0,0,0,0,0,0,0,0,0,0,0,0,0,0,0,0,0,22,47,12,48,12,51,8,51,12,48,7,46,6,47,10,55,10,57,12,56,4,56,4,65,4,59,3,66,0,60,-3,60,-3,58,2,59,0,57,-3,61,-1,61,-4,55,-4,52,0,44,3,45,9,46,7,45,9,45,14,43,18,44,16,41,19,41,21,41,27,44,25,39,25,36,24,37,27,37,33,33,32,28,35,27,34,26,35,29,41,25,43,23,46,15,45,18,40,13,44,12,48,14,46,10,49,2,50,4,52,0,53,-10,59,-9,63,-9,0,0]",1
CSI_DATA,62077,1a:00:00:00:00:00,-37,11,1,0,1,1,1,0,0,0,1,-97,0,11,2,833456020,0,44,0,384,0,"[0,0,0,0,0,0,0,0,0,0,0,0,-6,9,-6,8,-6,8,-6,8,-5,8,-5,8,-5,7,-5,7,-4,6,-4,6,-3,6,-3,5,-2,4,-1,4,0,3,1,3,2,3,3,3,5,3,6,3,7,4,7,4,8,5,9,5,9,5,9,5,0,0,9,6,10,6,10,6,10,6,10,7,10,7,10,8,9,8,8,8,8,8,8,7,8,7,8,7,7,7,7,7,7,7,7,7,6,7,6,6,5,6,5,6,5,6,5,5,5,5,5,5,4,5,0,0,0,0,0,0,0,0,0,0,0,0,0,0,57,-16,60,-13,59,-14,52,-16,54,-16,54,-22,50,-10,57,-16,47,-18,47,-17,45,-21,39,-18,38,-16,31,-15,30,-14,27,-15,20,-18,19,-16,11,-21,4,-22,-1,-24,-2,-28,-12,-38,-10,-40,-15,-40,-18,-42,-16,-52,-16,-53,-18,-55,-20,-58,-18,-61,-15,-61,-15,-62,-16,-67,-18,-68,-15,-70,-13,-70,-10,-73,-4,-67,-8,-67,-7,-65,-1,-65,-2,-62,-4,-64,-1,-61,-5,-56,0,-54,-1,-58,3,-56,5,-47,-2,-49,3,-48,3,-44,3,-43,-1,-44,5,-36,1,-44,0,0,0,0,0,0,0,0,0,0,0,0,0,0,0,0,0,0,0,0,0,0,-45,24,-46,18,-51,14,-52,16,-47,14,-49,13,-47,17,-49,17,-54,16,-55,20,-59,16,-66,14,-65,14,-64,13,-63,6,-61,9,-60,6,-63,6,-62,10,-61,10,-55,4,-58,3,-49,7,-45,3,-48,8,-49,11,-42,15,-44,17,-42,22,-40,20,-42,25,-45,27,-40,26,-41,24,-34,30,-40,28,-34,33,-34,29,-32,35,-26,37,-26,40,-20,35,-27,43,-23,46,-16,44,-19,48,-15,47,-15,46,-12,46,-7,45,-5,43,-4,43,1,47,9,47,6,55,14,59,16,64,0,0]",1
CSI_DATA,62078,1a:00:00:00:00:00,-37,11,1,0,1,1,1,0,0,0,1,-97,0,11,2,833476039,0,44,0,384,0,"[0,0,0,0,0,0,0,0,0,0,0,0,9,-6,8,-6,8,-6,8,-6,7,-6,7,-6,7,-6,6,-6,6,-5,5,-5,5,-5,4,-4,3,-4,2,-4,0,-4,-1,-4,-2,-4,-3,-4,-4,-5,-5,-5,-6,-6,-6,-7,-7,-8,-7,-8,-7,-9,-7,-9,0,0,-7,-10,-8,-10,-8,-10,-8,-11,-8,-11,-7,-12,-7,-12,-6,-11,-6,-11,-6,-11,-6,-11,-6,-10,-6,-10,-5,-10,-5,-10,-5,-10,-5,-10,-4,-9,-4,-9,-3,-9,-3,-9,-3,-8,-3,-8,-3,-8,-3,-8,-3,-8,0,0,0,0,0,0,0,0,0,0,0,0,0,0,-63,-24,-61,-21,-62,-20,-58,-19,-58,-11,-58,-16,-52,-12,-55,-13,-51,-12,-55,-12,-47,-13,-45,-8,-44,-9,-43,-5,-35,-5,-32,-3,-30,-3,-20,7,-16,7,-12,11,-5,19,-11,26,-4,35,-3,35,-10,40,-6,48,-4,49,-7,55,-5,60,-9,60,-7,61,-7,60,-9,61,-6,66,-8,66,-11,69,-16,67,-19,67,-20,66,-16,62,-17,58,-15,59,-16,58,-11,59,-14,61,-13,58,-19,56,-16,55,-19,49,-20,49,-16,45,-14,44,-22,39,-14,43,-11,38,-12,40,-13,40,0,0,0,0,0,0,0,0,0,0,0,0,0,0,0,0,0,0,0,0,0,0,47,9,48,17,46,16,48,24,45,18,47,17,42,20,46,21,52,21,54,24,60,27,60,29,59,35,56,35,54,34,51,30,56,30,53,30,56,30,49,35,48,39,49,29,47,29,43,26,42,20,46,18,45,14,46,14,44,7,48,6,46,6,49,2,46,6,50,3,48,-1,46,-4,42,-8,47,-12,45,-15,42,-16,46,-19,40,-20,43,-25,39,-30,40,-28,41,-39,41,-32,37,-35,32,-34,31,-36,28,-40,27,-45,24,-43,19,-50,19,-54,25,-58,18,-55,0,0]",1
CSI_DATA,62079,1a:00:00:00:00:00,-37,11,1,0,1,1,1,0,0,0,1,-97,0,11,2,833496032,0,44,0,384,0,"[0,0,0,0,0,0,0,0,0,0,0,0,-10,3,-10,3,-10,3,-9,3,-9,3,-9,3,-8,3,-8,3,-7,2,-7,3,-6,3,-5,2,-4,2,-3,2,-2,2,-1,3,0,3,1,4,2,5,3,5,3,6,4,7,4,8,4,9,4,9,4,9,0,0,4,10,4,10,4,10,5,11,4,11,4,11,3,11,3,11,2,11,3,10,3,10,3,10,3,9,3,9,3,10,2,9,2,9,2,9,1,9,1,8,1,8,1,7,1,7,1,7,1,7,1,7,0,0,0,0,0,0,0,0,0,0,0,0,0,0,50,28,56,33,51,32,44,29,51,29,43,30,48,30,48,27,42,17,40,18,40,18,37,19,38,14,35,14,30,10,26,7,27,5,21,3,20,-5,13,-9,13,-18,9,-27,11,-33,10,-35,17,-44,16,-45,19,-52,23,-50,19,-53,22,-51,24,-57,30,-58,26,-60,26,-65,29,-59,25,-61,31,-60,31,-59,35,-58,33,-53,33,-55,33,-51,32,-51,31,-55,29,-51,31,-49,31,-48,31,-47,30,-41,26,-37,31,-44,23,-39,25,-40,26,-36,27,-37,24,-29,26,-31,0,0,0,0,0,0,0,0,0,0,0,0,0,0,0,0,0,0,0,0,0,0,-43,-20,-45,-27,-40,-26,-43,-28,-41,-24,-37,-28,-44,-29,-47,-29,-52,-29,-49,-33,-51,-38,-50,-46,-54,-46,-49,-46,-46,-48,-43,-46,-49,-47,-45,-44,-47,-47,-45,-44,-45,-47,-39,-46,-39,-45,-36,-37,-37,-32,-40,-32,-43,-29,-42,-27,-45,-23,-43,-21,-46,-19,-42,-16,-47,-17,-48,-12,-44,-9,-47,-8,-46,-6,-47,-5,-50,-2,-49,-1,-46,3,-44,9,-44,10,-52,14,-47,15,-42,15,-48,15,-38,18,-45,22,-41,24,-38,26,-36,30,-32,32,-31,40,-34,47,-33,44,-41,46,0,0]",1
CSI_DATA,62080,1a:00:00:00:00:00,-37,11,1,0,1,1,1,0,0,0,1,-97,0,11,2,833507168,0,44,0,384,0,"[0,0,0,0,0,0,0,0,0,0,0,0,10,-3,9,-3,9,-3,9,-3,9,-3,8,-3,7,-3,7,-3,7,-3,6,-3,5,-3,4,-3,3,-3,2,-3,1,-3,0,-4,-1,-5,-2,-5,-3,-6,-3,-7,-4,-8,-4,-9,-4,-10,-4,-11,-4,-11,-4,-11,0,0,-4,-12,-4,-12,-4,-12,-4,-13,-4,-12,-3,-13,-2,-13,-2,-12,-2,-12,-2,-12,-2,-11,-2,-11,-2,-11,-2,-11,-2,-11,-2,-11,-2,-10,-1,-10,-1,-10,-1,-9,0,-9,-1,-9,-1,-8,-1,-8,0,-8,0,-8,0,0,0,0,0,0,0,0,0,0,0,0,0,0,-51,-35,-51,-30,-56,-31,-56,-30,-49,-28,-50,-26,-49,-28,-51,-23,-44,-23,-47,-18,-42,-21,-42,-15,-40,-13,-38,-15,-28,-9,-32,-6,-27,-4,-21,-1,-17,7,-17,12,-13,20,-12,22,-11,34,-11,36,-21,40,-19,49,-20,47,-23,50,-30,51,-28,54,-25,57,-29,56,-32,53,-31,63,-33,60,-32,61,-37,61,-37,55,-39,58,-35,52,-42,46,-35,53,-32,48,-31,50,-30,47,-34,47,-37,48,-33,40,-35,37,-30,38,-30,35,-34,29,-32,34,-32,30,-31,30,-27,32,-30,31,0,0,0,0,0,0,0,0,0,0,0,0,0,0,0,0,0,0,0,0,0,0,43,9,46,19,43,19,46,23,43,22,46,23,45,17,49,22,51,27,51,21,56,32,56,34,54,37,54,37,51,40,47,36,50,37,51,36,49,38,47,38,46,37,44,38,41,34,42,33,42,25,43,19,38,22,41,25,44,17,48,17,43,16,50,11,45,10,47,7,45,6,47,5,44,0,48,-2,46,-4,46,-6,50,-10,46,-10,47,-11,43,-24,50,-19,42,-14,47,-21,41,-22,39,-29,40,-26,36,-32,31,-34,34,-36,29,-40,29,-43,27,-50,29,-44,0,0]",1
CSI_DATA,62081,1a:00:00:00:00:00,-37,11,1,0,1,1,1,0,0,0,1,-97,0,11,2,833526015,0,44,0,384,0,"[0,0,0,0,0,0,0,0,0,0,0,0,2,9,3,9,3,9,3,8,3,8,2,8,3,7,3,7,2,7,2,6,2,5,2,4,2,3,2,2,3,1,3,0,4,-1,5,-2,6,-2,7,-3,8,-3,9,-2,9,-2,10,-2,11,-2,10,-2,0,0,11,-2,11,-2,11,-2,11,-2,12,-2,12,-1,12,0,11,0,11,0,10,0,10,0,10,0,10,0,10,0,9,0,9,0,9,0,9,1,8,0,8,1,8,1,7,1,7,1,7,1,7,1,6,1,0,0,0,0,0,0,0,0,0,0,0,0,0,0,40,-56,35,-46,33,-44,36,-46,39,-47,34,-45,35,-42,30,-40,32,-42,25,-45,22,-41,25,-39,20,-40,17,-37,15,-31,11,-30,5,-21,2,-26,-5,-22,-12,-21,-16,-22,-25,-25,-27,-21,-33,-30,-37,-31,-42,-34,-40,-40,-44,-40,-41,-42,-46,-43,-43,-50,-42,-50,-44,-50,-44,-48,-44,-54,-44,-54,-40,-57,-37,-53,-39,-55,-37,-55,-31,-52,-33,-52,-34,-50,-34,-50,-30,-54,-30,-49,-24,-49,-24,-49,-24,-48,-20,-45,-25,-47,-18,-40,-17,-40,-14,-40,-14,-39,-14,-40,-15,-39,0,0,0,0,0,0,0,0,0,0,0,0,0,0,0,0,0,0,0,0,0,0,-9,52,-14,49,-16,47,-24,47,-17,48,-15,47,-15,47,-22,52,-21,53,-23,53,-30,59,-34,60,-35,58,-38,57,-43,52,-33,49,-38,55,-40,50,-42,49,-39,45,-42,46,-39,42,-38,38,-35,35,-31,35,-26,42,-22,43,-27,43,-20,38,-19,42,-17,40,-13,42,-10,44,-14,45,-5,40,-4,45,-6,38,-1,43,4,42,5,43,6,43,10,42,12,44,13,47,16,46,18,40,16,44,19,38,17,42,25,38,25,40,28,37,35,38,33,30,36,29,45,33,45,33,0,0]",1
CSI_DATA,62082,1a:00:00:00:00:00,-37,11,1,0,1,1,1,0,0,0,1,-97,0,11,2,833536038,0,44,0,384,0,"[0,0,0,0,0,0,0,0,0,0,0,0,-11,0,-11,1,-10,1,-10,1,-10,1,-9,1,-9,1,-9,1,-8,1,-7,1,-7,1,-6,1,-5,2,-4,2,-3,3,-2,4,-1,5,-1,6,-1,7,0,8,-1,9,-1,9,-1,10,-2,11,-2,11,-2,11,0,0,-3,12,-2,11,-3,12,-3,12,-3,12,-4,12,-4,12,-4,11,-4,11,-4,10,-4,10,-4,9,-4,9,-4,9,-4,9,-4,9,-4,9,-4,8,-5,7,-4,7,-5,7,-4,6,-4,6,-4,6,-4,6,-4,6,0,0,0,0,0,0,0,0,0,0,0,0,0,0,39,43,37,40,44,39,43,40,40,36,38,37,36,35,41,41,34,33,35,32,35,23,33,28,36,21,31,16,30,18,27,16,23,5,23,9,25,0,22,-6,25,-13,26,-18,28,-26,37,-30,37,-35,44,-33,43,-36,45,-41,53,-38,49,-40,55,-34,60,-32,54,-33,57,-38,57,-32,61,-33,61,-31,62,-29,61,-30,62,-27,56,-26,56,-23,55,-21,57,-26,51,-21,53,-16,48,-17,52,-17,50,-15,46,-10,44,-9,40,-7,41,-13,43,-7,36,-9,37,-11,41,-9,0,0,0,0,0,0,0,0,0,0,0,0,0,0,0,0,0,0,0,0,0,0,-45,-14,-48,-17,-47,-21,-50,-25,-41,-23,-47,-23,-44,-25,-48,-27,-56,-28,-54,-26,-49,-32,-52,-39,-52,-41,-48,-40,-50,-46,-46,-46,-46,-43,-45,-48,-46,-42,-39,-45,-40,-45,-43,-47,-36,-39,-42,-39,-33,-32,-37,-32,-34,-27,-42,-29,-40,-26,-43,-25,-37,-21,-44,-19,-39,-19,-43,-16,-43,-17,-41,-13,-47,-10,-44,-5,-46,-4,-44,-1,-49,2,-42,5,-47,6,-52,3,-50,6,-45,7,-45,7,-43,12,-42,15,-38,15,-38,22,-43,22,-39,30,-33,30,-37,33,-41,37,-41,36,0,0]",1
CSI_DATA,62083,1a:00:00:00:00:00,-37,11,1,0,1,1,1,0,0,0,1,-97,0,11,2,833566039,0,44,0,384,0,"[0,0,0,0,0,0,0,0,0,0,0,0,0,11,0,11,0,10,0,10,0,9,0,9,0,9,1,8,0,8,1,7,1,7,1,6,1,5,2,4,2,4,3,3,4,2,5,1,6,1,7,1,8,1,9,2,10,2,10,2,11,3,11,3,0,0,11,3,11,3,11,3,11,3,12,4,11,5,11,5,11,5,10,5,10,5,10,5,9,5,9,5,9,5,8,5,8,5,8,5,7,5,7,5,6,5,6,5,6,5,6,4,6,4,6,4,6,4,0,0,0,0,0,0,0,0,0,0,0,0,0,0,48,-51,42,-48,43,-48,41,-45,38,-48,40,-43,35,-47,34,-47,35,-43,33,-43,33,-41,32,-38,26,-39,24,-37,19,-33,20,-29,10,-30,9,-30,7,-30,-6,-22,-13,-32,-17,-28,-21,-31,-27,-32,-30,-40,-32,-43,-33,-48,-37,-50,-33,-53,-39,-57,-33,-54,-32,-59,-33,-57,-37,-53,-35,-59,-32,-66,-30,-63,-28,-64,-30,-66,-27,-62,-20,-58,-27,-55,-25,-57,-28,-54,-23,-54,-24,-55,-20,-55,-18,-52,-14,-53,-10,-51,-12,-50,-12,-47,-14,-43,-7,-37,-12,-41,-11,-44,-8,-42,0,0,0,0,0,0,0,0,0,0,0,0,0,0,0,0,0,0,0,0,0,0,-16,45,-19,46,-21,49,-27,45,-26,46,-26,41,-24,40,-25,48,-29,47,-31,50,-32,56,-37,53,-39,49,-45,45,-47,51,-41,46,-43,49,-38,47,-44,42,-44,43,-44,40,-43,38,-37,36,-35,37,-32,34,-28,39,-24,32,-27,36,-24,33,-22,40,-17,38,-20,42,-19,40,-15,43,-12,40,-8,44,-3,46,-7,41,2,43,1,47,2,42,9,39,9,42,12,40,15,46,6,42,12,42,13,41,17,41,21,37,25,33,32,32,36,38,34,35,43,40,43,39,47,37,0,0]",1
CSI_DATA,62084,1a:00:00:00:00:00,-37,11,1,0,1,1,1,0,0,0,1,-97,0,11,2,833576041,0,44,0,384,0,"[0,0,0,0,0,0,0,0,0,0,0,0,-12,0,-12,0,-11,1,-11,0,-11,1,-10,1,-10,1,-10,1,-9,1,-9,1,-8,1,-7,1,-6,1,-6,2,-5,2,-4,3,-3,4,-2,5,-2,6,-2,7,-2,8,-2,9,-2,10,-3,10,-3,11,-3,11,0,0,-4,11,-3,11,-4,11,-4,12,-4,12,-5,12,-5,11,-5,11,-6,11,-5,10,-5,10,-5,10,-5,9,-5,9,-5,9,-6,9,-5,8,-5,8,-5,7,-5,7,-5,7,-5,6,-5,6,-4,6,-5,6,-5,6,0,0,0,0,0,0,0,0,0,0,0,0,0,0,37,55,32,49,36,49,36,50,36,54,37,50,34,46,35,50,30,44,30,38,31,37,29,37,32,34,26,30,32,29,24,24,30,21,26,13,30,12,23,5,29,-3,32,-9,39,-14,38,-14,42,-16,49,-23,56,-17,55,-19,59,-17,58,-19,59,-19,68,-18,62,-19,69,-19,66,-19,65,-17,69,-11,67,-6,69,-5,69,-6,61,-5,66,-9,63,-4,60,-7,60,-5,51,-2,57,4,57,1,54,2,46,2,45,7,44,3,47,2,44,5,40,6,44,2,42,5,0,0,0,0,0,0,0,0,0,0,0,0,0,0,0,0,0,0,0,0,0,0,-48,-25,-48,-28,-45,-29,-40,-32,-38,-30,-39,-29,-40,-35,-38,-29,-51,-38,-44,-38,-50,-42,-46,-43,-44,-47,-41,-49,-44,-48,-38,-46,-42,-50,-39,-47,-40,-54,-34,-53,-31,-48,-34,-48,-28,-42,-34,-39,-33,-40,-31,-39,-34,-34,-38,-35,-32,-32,-35,-26,-40,-29,-38,-26,-39,-24,-37,-21,-42,-21,-42,-18,-37,-17,-45,-15,-46,-13,-44,-6,-44,-5,-41,-3,-46,-2,-47,-1,-46,-2,-49,6,-46,5,-44,6,-47,9,-41,7,-45,15,-38,21,-48,24,-42,26,-42,31,-48,37,-48,37,0,0]",1
CSI_DATA,62085,1a:00:00:00:00:00,-37,11,1,0,1,1,1,0,0,0,1,-97,0,11,2,833586032,0,44,0,384,0,"[0,0,0,0,0,0,0,0,0,0,0,0,-1,-12,-1,-12,-1,-11,-1,-11,-1,-11,-1,-11,-1,-10,-1,-10,-1,-9,-2,-8,-2,-8,-2,-8,-2,-7,-2,-6,-3,-5,-4,-4,-5,-3,-6,-3,-7,-2,-8,-2,-9,-2,-10,-3,-10,-3,-11,-4,-11,-4,-11,-4,0,0,-12,-4,-12,-4,-12,-5,-12,-5,-12,-5,-12,-6,-12,-6,-12,-6,-11,-7,-11,-6,-10,-6,-10,-6,-10,-6,-10,-6,-9,-6,-9,-6,-9,-6,-8,-6,-8,-6,-7,-6,-7,-6,-7,-6,-6,-5,-6,-5,-7,-6,-6,-6,0,0,0,0,0,0,0,0,0,0,0,0,0,0,-52,38,-57,34,-48,34,-52,35,-51,38,-50,34,-51,33,-41,31,-45,30,-36,32,-43,35,-33,32,-36,29,-34,30,-33,30,-22,29,-20,24,-14,25,-10,24,-4,26,3,25,7,31,15,32,18,35,17,41,19,44,22,48,16,55,20,57,25,59,12,59,20,60,18,58,22,54,25,63,20,63,19,62,14,64,11,64,11,64,8,65,8,60,6,59,9,56,10,57,6,56,4,53,1,59,0,51,1,47,-2,50,-3,44,1,43,-2,42,-2,37,-3,43,-4,42,0,0,0,0,0,0,0,0,0,0,0,0,0,0,0,0,0,0,0,0,0,0,22,-43,27,-42,27,-37,33,-41,32,-36,31,-37,31,-42,30,-42,33,-45,39,-46,40,-44,45,-43,50,-43,49,-37,51,-38,48,-37,47,-35,46,-40,45,-35,46,-31,47,-30,48,-34,42,-30,39,-30,38,-25,34,-32,34,-33,29,-32,29,-34,29,-34,29,-35,23,-33,20,-38,20,-38,19,-40,18,-39,17,-39,12,-42,11,-41,11,-42,4,-44,-2,-41,4,-43,-2,-44,-2,-46,-3,-48,1,-46,-6,-40,-13,-45,-14,-43,-16,-40,-18,-40,-22,-44,-29,-46,-35,-41,-35,-48,-36,-52,0,0]",1
CSI_DATA,62086,1a:00:00:00:00:00,-37,11,1,0,1,1,1,0,0,0,1,-97,0,11,2,833596013,0,44,0,384,0,"[0,0,0,0,0,0,0,0,0,0,0,0,11,-1,10,-1,10,-1,10,-1,10,-1,9,-1,9,-1,9,-1,8,-2,8,-2,7,-2,7,-2,6,-2,4,-2,4,-3,3,-4,2,-5,1,-6,1,-7,1,-8,1,-9,1,-10,2,-10,2,-11,2,-11,2,-11,0,0,3,-12,2,-12,2,-12,3,-13,3,-12,4,-13,5,-12,5,-12,5,-12,5,-11,4,-11,5,-11,4,-10,4,-10,5,-10,5,-10,5,-10,5,-9,5,-9,5,-8,5,-7,4,-7,4,-7,4,-7,4,-7,4,-7,0,0,0,0,0,0,0,0,0,0,0,0,0,0,-40,-46,-43,-50,-42,-46,-43,-49,-44,-42,-40,-42,-41,-42,-37,-43,-37,-37,-39,-40,-36,-38,-37,-35,-36,-29,-33,-28,-31,-25,-33,-22,-28,-21,-31,-11,-28,-4,-20,-3,-30,4,-27,7,-31,17,-34,16,-39,24,-45,26,-45,28,-50,31,-55,26,-53,32,-54,28,-56,32,-57,33,-57,31,-62,35,-61,33,-65,27,-64,27,-65,23,-68,22,-62,20,-61,20,-61,19,-59,20,-60,22,-60,17,-58,14,-59,17,-51,11,-55,13,-49,7,-51,3,-47,7,-43,5,-44,11,-44,5,-43,9,0,0,0,0,0,0,0,0,0,0,0,0,0,0,0,0,0,0,0,0,0,0,46,20,45,26,40,27,43,29,42,25,42,26,44,28,47,31,49,35,48,35,51,39,48,44,51,45,45,46,45,45,40,43,41,47,41,47,45,45,33,44,33,46,36,45,30,42,31,38,35,36,32,33,38,34,38,30,40,29,42,25,38,19,36,24,42,21,39,14,43,13,39,12,41,16,45,8,43,11,48,1,46,3,43,-4,48,-3,50,-9,47,-8,41,-14,44,-10,49,-10,42,-17,44,-20,42,-19,41,-27,44,-25,44,-31,38,-37,41,-40,41,-40,0,0]",1
CSI_DATA,62087,1a:00:00:00:00:00,-37,11,1,0,1,1,1,0,0,0,1,-97,0,11,2,833606046,0,44,0,384,0,"[0,0,0,0,0,0,0,0,0,0,0,0,0,10,0,10,0,10,0,10,0,9,0,9,1,9,0,8,0,8,1,7,1,7,1,6,1,5,1,4,2,4,3,2,4,2,5,1,5,1,7,1,8,1,9,1,9,1,10,1,10,2,10,2,0,0,10,2,11,2,11,2,12,2,12,2,12,3,12,4,11,4,10,4,10,4,10,4,10,4,10,4,10,4,9,4,9,4,8,4,8,4,8,4,7,4,6,4,6,4,6,4,6,3,6,4,6,4,0,0,0,0,0,0,0,0,0,0,0,0,0,0,45,-35,42,-32,45,-35,46,-40,50,-37,47,-41,40,-36,39,-36,39,-41,38,-38,35,-36,34,-32,34,-34,27,-30,22,-29,20,-28,17,-30,12,-31,6,-24,1,-24,-5,-28,-16,-30,-16,-32,-23,-38,-19,-39,-27,-46,-32,-47,-26,-46,-27,-50,-30,-51,-30,-55,-31,-56,-24,-54,-27,-57,-30,-62,-29,-62,-24,-63,-19,-64,-21,-69,-20,-69,-15,-60,-18,-61,-18,-63,-15,-61,-17,-57,-17,-55,-11,-56,-11,-54,-12,-50,-6,-52,-5,-50,-2,-46,-1,-49,-4,-46,-6,-39,-2,-42,-1,-44,0,0,0,0,0,0,0,0,0,0,0,0,0,0,0,0,0,0,0,0,0,0,-23,40,-23,41,-23,40,-27,37,-28,40,-28,37,-29,40,-29,45,-37,46,-35,48,-37,45,-45,50,-44,45,-48,43,-50,44,-47,40,-45,39,-49,41,-45,40,-50,35,-44,34,-48,31,-45,33,-39,30,-37,27,-34,38,-32,33,-31,40,-28,31,-26,42,-24,40,-23,37,-25,42,-24,37,-16,37,-18,43,-15,43,-13,48,-13,46,-5,47,-6,44,-1,41,-2,46,7,48,3,41,1,49,6,47,7,42,14,41,12,43,17,40,16,44,18,45,27,40,33,46,29,45,26,49,0,0]",1
CSI_DATA,62088,1a:00:00:00:00:00,-37,11,1,0,1,1,1,0,0,0,1,-97,0,11,2,833616064,0,44,0,384,0,"[0,0,0,0,0,0,0,0,0,0,0,0,-11,0,-11,1,-11,1,-11,1,-10,1,-10,1,-10,1,-9,1,-9,1,-8,1,-8,1,-7,1,-6,1,-5,2,-4,2,-3,3,-2,4,-2,5,-1,5,-1,7,-1,8,-1,8,-1,9,-1,10,-2,10,-2,10,0,0,-2,11,-2,11,-2,11,-2,12,-3,12,-3,12,-4,12,-4,11,-4,11,-4,11,-4,10,-4,10,-4,10,-4,10,-4,9,-4,9,-5,9,-4,8,-5,8,-4,7,-5,7,-4,7,-4,6,-4,6,-4,6,-4,6,0,0,0,0,0,0,0,0,0,0,0,0,0,0,40,43,43,41,43,42,42,39,46,44,45,39,42,41,43,33,39,33,38,32,40,29,37,30,33,30,30,21,34,21,28,20,28,13,24,8,24,2,22,-6,26,-9,20,-10,24,-22,30,-25,32,-29,35,-30,39,-33,47,-33,49,-33,46,-37,47,-38,51,-41,50,-39,50,-42,52,-39,55,-41,61,-37,59,-34,62,-33,59,-33,58,-30,55,-30,52,-26,54,-28,54,-28,50,-26,53,-24,50,-19,51,-17,44,-17,47,-19,45,-12,43,-14,39,-14,38,-11,41,-11,40,-11,0,0,0,0,0,0,0,0,0,0,0,0,0,0,0,0,0,0,0,0,0,0,-42,-23,-42,-28,-40,-28,-40,-27,-40,-30,-43,-30,-42,-30,-41,-32,-49,-36,-45,-38,-43,-47,-45,-45,-46,-45,-44,-46,-42,-48,-36,-43,-39,-50,-34,-44,-38,-52,-36,-51,-35,-51,-33,-43,-31,-45,-32,-42,-34,-35,-32,-32,-35,-31,-39,-33,-41,-30,-42,-25,-42,-26,-46,-21,-42,-20,-42,-19,-45,-19,-44,-14,-45,-10,-46,-10,-45,-11,-48,-6,-47,-4,-47,1,-49,3,-49,0,-49,8,-46,4,-45,6,-45,9,-45,15,-44,19,-41,16,-37,21,-39,25,-42,28,-38,32,-45,36,-39,38,0,0]",1
CSI_DATA,62089,1a:00:00:00:00:00,-37,11,1,0,1,1,1,0,0,0,1,-97,0,11,2,833636019,0,44,0,384,0,"[0,0,0,0,0,0,0,0,0,0,0,0,9,-6,9,-6,9,-6,9,-6,8,-6,8,-6,8,-6,7,-5,7,-5,7,-5,6,-5,5,-5,4,-4,3,-5,2,-4,1,-5,0,-5,-1,-6,-2,-7,-2,-8,-3,-8,-3,-9,-3,-10,-3,-11,-3,-11,-3,-11,0,0,-3,-12,-3,-12,-3,-12,-2,-13,-2,-13,-2,-13,-1,-13,-1,-13,0,-13,0,-12,0,-12,0,-12,0,-11,0,-11,0,-11,0,-10,1,-10,1,-9,1,-9,1,-8,1,-8,1,-8,0,-8,0,-7,1,-7,0,-7,0,0,0,0,0,0,0,0,0,0,0,0,0,0,-61,-21,-64,-20,-65,-19,-61,-20,-60,-18,-56,-14,-54,-18,-55,-18,-58,-16,-54,-12,-50,-12,-49,-12,-49,-12,-42,-11,-41,-10,-36,-8,-36,-4,-30,5,-25,3,-23,15,-22,21,-23,24,-22,27,-21,32,-25,38,-25,42,-33,47,-29,46,-36,48,-33,52,-37,48,-39,50,-35,49,-38,52,-41,51,-41,52,-46,51,-50,50,-50,43,-50,44,-47,40,-47,38,-48,35,-44,39,-47,35,-47,40,-46,29,-45,32,-39,27,-39,26,-39,22,-40,21,-34,22,-30,20,-31,20,-34,21,-32,20,0,0,0,0,0,0,0,0,0,0,0,0,0,0,0,0,0,0,0,0,0,0,45,-8,48,-6,46,-3,47,-2,51,-3,51,1,44,0,53,0,59,0,59,3,61,10,64,11,61,13,62,15,63,11,57,18,56,16,62,16,58,18,58,18,55,21,50,22,48,18,45,16,45,18,44,9,43,5,45,5,46,-2,44,-3,46,-6,46,0,45,-6,44,-7,43,-8,44,-12,39,-16,41,-14,43,-15,42,-21,42,-24,39,-23,36,-31,39,-29,37,-34,40,-25,36,-30,36,-29,36,-37,31,-38,29,-36,28,-42,24,-41,22,-42,17,-52,20,-58,19,-53,0,0]",1
CSI_DATA,62090,1a:00:00:00:00:00,-37,11,1,0,1,1,1,0,0,0,1,-97,0,11,2,833646043,0,44,0,384,0,"[0,0,0,0,0,0,0,0,0,0,0,0,5,9,5,8,5,8,5,8,5,8,5,8,4,8,4,7,4,7,4,7,4,6,4,5,3,4,3,3,4,2,4,1,5,0,5,0,6,-1,7,-2,8,-2,8,-2,10,-2,10,-2,10,-2,10,-2,0,0,11,-2,11,-2,11,-2,12,-2,11,-1,12,-1,12,0,11,0,11,0,10,1,10,0,10,1,10,1,9,1,9,1,9,1,9,1,8,1,7,1,7,2,7,2,6,1,6,1,5,1,6,1,6,1,0,0,0,0,0,0,0,0,0,0,0,0,0,0,14,-61,18,-60,18,-61,15,-58,18,-61,18,-55,18,-57,13,-54,9,-57,11,-54,7,-50,3,-49,4,-51,3,-44,6,-44,3,-40,2,-33,-8,-31,-10,-30,-12,-28,-20,-21,-26,-21,-34,-21,-40,-21,-42,-24,-48,-24,-48,-30,-50,-33,-52,-34,-51,-37,-55,-36,-58,-39,-54,-38,-55,-37,-54,-40,-54,-40,-54,-46,-52,-47,-52,-46,-48,-45,-45,-45,-41,-45,-41,-43,-43,-43,-39,-45,-39,-44,-33,-40,-34,-40,-28,-39,-28,-38,-26,-38,-25,-33,-21,-31,-24,-34,-23,-28,-23,-29,-24,-32,0,0,0,0,0,0,0,0,0,0,0,0,0,0,0,0,0,0,0,0,0,0,3,50,-2,54,1,51,-3,52,-2,50,-4,51,-3,49,-6,56,-6,59,-4,58,-12,58,-14,65,-18,64,-19,60,-21,58,-21,57,-20,61,-20,59,-21,57,-23,56,-24,51,-23,56,-20,47,-20,51,-16,44,-13,44,-11,45,-12,48,-8,43,-5,46,0,46,-1,45,4,44,3,45,6,42,8,42,9,43,14,39,12,42,15,38,20,35,24,38,29,36,30,34,27,39,27,31,30,30,35,32,33,30,33,27,35,27,42,22,45,20,42,18,50,20,54,23,55,12,0,0]",1
CSI_DATA,62091,1a:00:00:00:00:00,-37,11,1,0,1,1,1,0,0,0,1,-97,0,11,2,833656031,0,44,0,384,0,"[0,0,0,0,0,0,0,0,0,0,0,0,-10,5,-10,5,-10,5,-10,5,-10,5,-9,5,-9,5,-9,4,-8,4,-8,4,-7,4,-6,3,-6,3,-5,3,-3,4,-2,4,-1,5,-1,5,0,6,1,7,1,8,1,9,1,10,1,10,0,11,0,11,0,0,0,11,0,11,0,12,0,12,-1,12,-1,12,-2,12,-2,12,-3,11,-3,11,-3,10,-3,10,-3,10,-3,10,-3,9,-3,9,-3,9,-3,8,-3,7,-3,7,-3,7,-3,6,-3,6,-2,6,-2,6,-2,6,0,0,0,0,0,0,0,0,0,0,0,0,0,0,61,23,53,26,60,24,58,19,61,24,58,24,55,17,54,18,54,18,51,17,49,15,51,16,46,12,42,12,37,9,37,6,30,-1,32,-1,31,-4,26,-11,24,-15,21,-23,25,-29,23,-33,29,-37,33,-45,33,-42,39,-42,39,-46,40,-45,41,-45,43,-50,44,-48,43,-48,44,-46,50,-51,50,-46,55,-45,56,-39,51,-38,49,-33,47,-39,49,-36,46,-38,47,-31,44,-32,51,-27,47,-24,41,-22,38,-21,39,-17,36,-22,35,-15,31,-21,32,-18,29,-16,35,-16,0,0,0,0,0,0,0,0,0,0,0,0,0,0,0,0,0,0,0,0,0,0,-49,6,-51,3,-51,1,-54,-2,-50,-1,-53,-3,-51,-6,-56,-2,-58,-6,-62,-6,-63,-13,-63,-14,-65,-20,-66,-22,-67,-22,-60,-22,-66,-16,-60,-21,-60,-23,-56,-26,-51,-28,-54,-26,-49,-24,-48,-20,-48,-20,-46,-13,-46,-13,-44,-12,-41,-9,-47,-7,-45,-7,-50,-4,-43,0,-45,-1,-44,6,-39,6,-38,7,-41,7,-40,11,-38,16,-41,18,-40,22,-39,22,-41,31,-37,27,-43,31,-36,30,-35,29,-31,34,-27,31,-26,34,-24,41,-24,41,-26,42,-28,51,-21,58,-24,51,0,0]",1
CSI_DATA,62092,1a:00:00:00:00:00,-37,11,1,0,1,1,1,0,0,0,1,-97,0,11,2,833676043,0,44,0,384,0,"[0,0,0,0,0,0,0,0,0,0,0,0,9,-7,9,-7,8,-7,8,-7,8,-6,8,-7,7,-6,7,-6,7,-6,6,-6,6,-6,5,-5,4,-5,3,-5,3,-5,1,-5,0,-5,-1,-6,-2,-7,-2,-7,-3,-8,-3,-9,-3,-10,-3,-11,-3,-11,-3,-11,0,0,-2,-12,-3,-12,-3,-12,-2,-12,-2,-13,-2,-13,-1,-13,-1,-12,0,-12,0,-12,0,-12,0,-11,0,-11,0,-11,0,-11,1,-11,1,-10,1,-10,1,-9,1,-8,1,-8,1,-8,1,-8,1,-8,1,-8,1,-7,0,0,0,0,0,0,0,0,0,0,0,0,0,0,-62,-13,-58,-8,-61,-7,-59,-7,-61,-5,-61,-11,-59,-9,-57,-5,-53,-6,-50,-1,-51,-4,-51,-4,-49,0,-44,2,-39,-2,-37,-1,-38,3,-32,5,-25,7,-27,16,-24,23,-21,22,-17,33,-18,36,-18,41,-20,45,-23,49,-26,47,-28,50,-25,46,-27,51,-28,51,-29,53,-30,56,-28,56,-33,57,-37,57,-36,54,-41,55,-38,50,-40,50,-39,50,-38,44,-37,46,-37,44,-36,44,-39,41,-36,38,-37,34,-33,32,-37,30,-36,29,-31,29,-30,27,-30,25,-29,25,-31,28,0,0,0,0,0,0,0,0,0,0,0,0,0,0,0,0,0,0,0,0,0,0,44,-23,49,-21,50,-21,50,-15,51,-16,47,-16,51,-16,54,-15,59,-19,57,-16,63,-5,65,-5,69,0,68,-3,62,1,58,4,64,3,63,4,66,1,60,6,61,8,55,11,54,9,46,10,48,3,43,-1,38,-5,45,-6,43,-7,47,-7,45,-13,46,-13,41,-13,39,-14,41,-16,39,-19,39,-21,39,-23,33,-23,38,-27,34,-32,32,-32,33,-32,27,-35,31,-33,28,-44,29,-36,26,-32,22,-45,17,-43,22,-43,13,-46,15,-47,7,-50,10,-57,8,-53,6,-65,0,0]",1
CSI_DATA,62093,1a:00:00:00:00:00,-37,11,1,0,1,1,1,0,0,0,1,-97,0,11,2,833698600,0,44,0,384,0,"[0,0,0,0,0,0,0,0,0,0,0,0,9,-5,9,-5,9,-5,9,-5,8,-5,9,-5,8,-5,8,-5,8,-4,7,-4,7,-4,6,-4,5,-4,4,-4,4,-4,3,-5,2,-5,1,-5,0,-7,-1,-7,-1,-8,-1,-9,-1,-10,-1,-11,0,-11,0,-11,0,0,0,-11,0,-11,0,-12,0,-12,0,-12,1,-13,1,-12,2,-12,2,-12,2,-11,2,-11,2,-11,2,-11,2,-11,2,-10,3,-10,3,-10,3,-9,3,-9,3,-8,3,-8,3,-8,3,-7,3,-7,3,-7,3,-7,0,0,0,0,0,0,0,0,0,0,0,0,0,0,-53,-36,-50,-33,-50,-25,-57,-25,-52,-29,-54,-24,-46,-25,-47,-25,-49,-28,-48,-19,-47,-18,-46,-20,-45,-18,-43,-14,-39,-14,-36,-16,-32,-11,-36,-6,-32,-5,-30,3,-31,4,-28,10,-26,15,-31,19,-31,22,-30,30,-35,30,-41,29,-42,26,-46,36,-44,33,-46,31,-45,30,-45,34,-47,31,-51,34,-53,36,-54,30,-55,27,-54,29,-55,24,-55,23,-51,19,-48,25,-51,26,-51,19,-47,16,-49,18,-49,9,-47,9,-44,10,-41,4,-42,5,-40,5,-36,5,-40,2,-40,4,0,0,0,0,0,0,0,0,0,0,0,0,0,0,0,0,0,0,0,0,0,0,41,-14,46,-19,44,-11,47,-5,48,-12,46,-12,46,-11,50,-10,57,-13,56,-9,63,-2,59,-1,62,0,62,5,60,6,59,7,63,9,62,10,60,7,55,10,56,12,56,13,49,10,49,15,43,7,45,5,45,4,46,1,45,-1,50,-6,49,-5,43,-6,44,-9,43,-10,49,-9,45,-9,45,-14,47,-15,42,-19,43,-18,42,-24,38,-27,39,-24,40,-30,41,-33,41,-26,42,-33,39,-29,29,-34,33,-29,29,-31,27,-39,29,-40,28,-43,30,-45,22,-50,28,-50,0,0]",1
CSI_DATA,62094,1a:00:00:00:00:00,-37,11,1,0,1,1,1,0,0,0,1,-97,0,11,2,833716043,0,44,0,384,0,"[0,0,0,0,0,0,0,0,0,0,0,0,6,-10,6,-10,5,-9,5,-10,5,-10,5,-9,5,-9,5,-9,4,-9,4,-8,4,-8,3,-8,3,-7,2,-6,1,-6,0,-5,-1,-5,-2,-5,-4,-5,-4,-6,-5,-6,-6,-7,-6,-8,-6,-8,-6,-9,-6,-9,0,0,-7,-9,-7,-9,-7,-9,-7,-10,-7,-10,-7,-11,-6,-11,-6,-11,-6,-11,-5,-11,-5,-10,-5,-10,-5,-10,-5,-10,-4,-10,-4,-10,-4,-10,-3,-9,-3,-9,-2,-9,-2,-8,-2,-8,-2,-8,-2,-7,-2,-7,-2,-7,0,0,0,0,0,0,0,0,0,0,0,0,0,0,-67,0,-67,6,-61,0,-64,6,-62,4,-60,5,-62,6,-64,3,-55,9,-52,9,-53,8,-50,15,-50,8,-47,5,-43,6,-39,9,-37,10,-29,16,-29,12,-17,18,-18,22,-14,28,-11,28,-8,33,-9,38,-7,47,-13,47,-13,53,-18,50,-12,52,-17,54,-18,64,-14,57,-13,56,-12,55,-18,59,-17,59,-21,62,-25,64,-26,61,-27,57,-25,53,-24,55,-24,52,-27,53,-23,49,-29,49,-27,43,-28,40,-27,41,-29,37,-27,35,-26,31,-26,30,-26,28,-21,27,-21,24,0,0,0,0,0,0,0,0,0,0,0,0,0,0,0,0,0,0,0,0,0,0,36,-31,43,-29,37,-26,39,-22,40,-27,43,-23,41,-23,48,-25,49,-26,51,-30,52,-27,59,-25,60,-24,59,-23,66,-18,64,-18,60,-20,62,-16,63,-12,60,-6,62,-13,59,-10,53,-12,50,-9,51,-13,47,-17,45,-20,49,-14,49,-22,45,-22,43,-25,45,-28,38,-29,38,-24,41,-30,36,-30,36,-33,30,-34,35,-39,30,-36,25,-37,24,-40,25,-41,26,-47,24,-47,19,-42,19,-44,20,-43,18,-48,16,-48,16,-49,7,-51,8,-47,1,-51,1,-58,0,-56,-2,-64,0,0]",1
CSI_DATA,62095,1a:00:00:00:00:00,-37,11,1,0,1,1,1,0,0,0,1,-97,0,11,2,833726897,0,44,0,384,0,"[0,0,0,0,0,0,0,0,0,0,0,0,-2,10,-2,11,-2,10,-2,10,-2,10,-2,10,-2,10,-2,9,-2,9,-1,8,-1,8,-1,7,-1,6,0,6,0,5,1,4,2,3,3,3,4,3,5,3,6,3,7,3,8,4,8,4,9,4,9,4,0,0,9,5,9,5,10,5,10,5,10,6,10,6,9,7,9,7,8,7,8,7,8,6,8,6,8,6,7,6,7,6,7,6,6,6,6,6,5,6,4,6,4,6,4,5,4,5,4,4,4,4,4,4,0,0,0,0,0,0,0,0,0,0,0,0,0,0,55,-33,45,-33,46,-39,49,-39,44,-35,44,-36,44,-34,48,-36,41,-35,43,-38,43,-35,40,-32,35,-32,31,-28,32,-31,25,-24,26,-26,20,-22,15,-26,6,-21,1,-25,-1,-27,-8,-30,-14,-31,-9,-38,-16,-44,-17,-49,-15,-51,-21,-49,-17,-52,-16,-55,-16,-57,-19,-49,-24,-55,-18,-58,-23,-63,-17,-61,-12,-66,-12,-60,-11,-62,-2,-55,-11,-58,-10,-57,-10,-59,-7,-56,-7,-55,1,-52,-3,-53,-1,-47,1,-43,4,-41,6,-41,3,-38,3,-39,0,-35,4,-32,3,-33,0,0,0,0,0,0,0,0,0,0,0,0,0,0,0,0,0,0,0,0,0,0,-18,40,-25,38,-23,42,-27,41,-27,40,-27,37,-30,42,-30,44,-30,46,-31,44,-39,45,-47,47,-46,48,-44,49,-51,44,-48,40,-51,43,-48,38,-51,40,-49,35,-53,36,-49,30,-46,29,-41,30,-35,32,-36,35,-36,35,-35,36,-29,38,-34,35,-30,35,-28,36,-26,40,-24,36,-19,42,-19,42,-19,42,-14,47,-13,42,-10,42,-4,41,0,43,-1,47,1,47,2,49,-4,49,5,46,5,46,5,45,10,48,9,53,19,45,19,46,22,43,26,41,30,44,31,51,0,0]",1
CSI_DATA,62096,1a:00:00:00:00:00,-37,11,1,0,1,1,1,0,0,0,1,-97,0,11,2,833746013,0,44,0,384,0,"[0,0,0,0,0,0,0,0,0,0,0,0,-10,-5,-10,-5,-10,-5,-10,-4,-10,-4,-10,-4,-9,-4,-9,-4,-9,-4,-8,-3,-8,-3,-7,-3,-7,-2,-6,-1,-6,-1,-5,1,-4,2,-4,3,-5,4,-5,5,-5,6,-6,6,-7,7,-7,7,-8,7,-8,7,0,0,-8,8,-8,8,-8,7,-9,8,-9,8,-9,8,-10,7,-9,6,-9,7,-9,6,-9,6,-9,6,-9,6,-8,5,-9,5,-9,5,-9,5,-8,4,-8,4,-8,3,-8,3,-7,3,-7,3,-6,2,-7,3,-6,2,0,0,0,0,0,0,0,0,0,0,0,0,0,0,11,58,14,50,13,54,7,58,15,52,15,55,18,53,18,50,15,49,15,50,19,47,14,46,17,43,15,39,14,36,14,36,12,29,15,24,17,19,20,14,26,8,27,4,34,0,33,-2,38,4,45,-1,48,0,54,-1,55,0,57,-1,58,3,57,3,56,-1,61,2,58,-2,62,5,62,6,63,8,60,10,55,13,56,15,55,11,53,13,52,7,50,12,48,8,53,14,49,15,44,17,41,19,40,16,34,17,37,14,32,16,35,15,34,14,33,16,0,0,0,0,0,0,0,0,0,0,0,0,0,0,0,0,0,0,0,0,0,0,-35,-32,-33,-37,-34,-40,-32,-43,-27,-41,-30,-41,-32,-40,-32,-45,-36,-49,-35,-52,-30,-60,-29,-62,-29,-60,-27,-62,-17,-63,-22,-59,-26,-62,-21,-56,-18,-61,-13,-57,-8,-60,-16,-56,-9,-53,-13,-48,-14,-44,-21,-44,-18,-47,-22,-44,-24,-42,-23,-43,-27,-35,-30,-36,-29,-37,-29,-35,-33,-34,-32,-35,-35,-29,-38,-26,-36,-23,-38,-20,-41,-19,-43,-17,-48,-15,-44,-16,-50,-17,-49,-10,-45,-16,-49,-16,-52,-11,-45,-10,-46,-7,-49,1,-48,-1,-50,4,-50,7,-53,7,-52,5,0,0]",1
CSI_DATA,62097,1a:00:00:00:00:00,-37,11,1,0,1,1,1,0,0,0,1,-97,0,11,2,833756181,0,44,0,384,0,"[0,0,0,0,0,0,0,0,0,0,0,0,8,-8,7,-7,7,-7,7,-7,7,-7,6,-7,6,-7,6,-7,6,-6,5,-6,5,-6,4,-6,3,-5,2,-5,1,-5,0,-5,-1,-5,-2,-5,-3,-6,-4,-7,-4,-8,-4,-9,-5,-9,-5,-10,-5,-10,-5,-10,0,0,-4,-11,-5,-11,-5,-11,-5,-12,-4,-12,-4,-12,-3,-12,-3,-12,-2,-12,-2,-11,-3,-11,-3,-11,-3,-11,-3,-11,-2,-10,-2,-10,-2,-10,-1,-10,-1,-9,0,-9,0,-8,0,-8,-1,-8,-1,-7,-1,-7,-1,-7,0,0,0,0,0,0,0,0,0,0,0,0,0,0,-57,-16,-57,-11,-56,-10,-56,-8,-57,-6,-57,-4,-58,-6,-55,-7,-48,-6,-45,-2,-49,-2,-46,-4,-43,0,-41,-6,-38,0,-38,-2,-30,1,-28,3,-26,12,-20,15,-17,20,-15,22,-15,29,-11,34,-13,40,-18,42,-20,46,-22,49,-29,48,-23,52,-25,53,-27,53,-27,51,-25,56,-27,56,-33,54,-30,50,-36,54,-32,48,-34,50,-34,47,-35,44,-34,48,-33,45,-32,44,-32,45,-34,36,-36,38,-33,34,-30,31,-36,32,-31,29,-31,27,-30,27,-26,25,-26,26,-31,26,0,0,0,0,0,0,0,0,0,0,0,0,0,0,0,0,0,0,0,0,0,0,46,-21,48,-17,47,-13,52,-11,47,-10,50,-11,49,-11,54,-12,58,-13,63,-10,65,-3,62,-1,67,0,67,6,62,7,62,7,61,7,62,2,60,5,58,6,59,6,61,9,56,8,52,6,46,0,50,-2,51,0,45,-5,49,-4,48,-6,45,-7,47,-11,42,-15,46,-13,47,-17,40,-17,40,-21,33,-22,40,-26,41,-27,38,-28,34,-32,34,-32,34,-36,31,-38,37,-40,32,-40,30,-41,26,-44,27,-43,29,-40,20,-46,27,-45,18,-49,15,-55,15,-51,14,-60,0,0]",1
CSI_DATA,62098,1a:00:00:00:00:00,-37,11,1,0,1,1,1,0,0,0,1,-97,0,11,2,833766031,0,44,0,384,0,"[0,0,0,0,0,0,0,0,0,0,0,0,8,6,8,6,8,6,8,5,8,5,8,5,7,5,7,5,6,4,6,4,6,3,6,3,5,2,5,1,4,0,4,-1,4,-2,4,-3,4,-4,5,-5,6,-6,6,-6,7,-7,8,-7,8,-7,8,-7,0,0,9,-7,9,-7,9,-8,9,-7,9,-7,10,-7,10,-6,10,-6,10,-6,10,-5,9,-5,9,-5,9,-5,9,-5,9,-5,9,-5,8,-4,8,-4,8,-3,8,-3,8,-3,7,-2,7,-3,6,-3,6,-3,6,-2,0,0,0,0,0,0,0,0,0,0,0,0,0,0,0,-67,-1,-58,0,-62,-3,-58,-1,-54,-2,-59,-6,-55,-8,-56,-4,-52,-9,-57,-8,-44,-8,-47,-7,-46,-6,-37,-11,-38,-12,-34,-13,-34,-10,-29,-16,-23,-18,-12,-23,-12,-30,-10,-31,-8,-41,-4,-39,-5,-46,-6,-50,-8,-53,-13,-51,-14,-57,-13,-56,-12,-58,-17,-57,-13,-65,-11,-60,-14,-60,-22,-60,-23,-60,-25,-57,-27,-52,-30,-56,-27,-55,-21,-52,-24,-51,-20,-53,-25,-49,-25,-51,-27,-45,-26,-43,-29,-39,-29,-36,-32,-36,-28,-36,-24,-30,-21,-29,-26,-31,-23,-34,-24,0,0,0,0,0,0,0,0,0,0,0,0,0,0,0,0,0,0,0,0,0,0,33,37,30,41,28,43,27,47,26,46,24,47,25,44,23,49,27,54,25,55,26,59,21,60,18,63,21,61,20,62,12,54,14,64,15,57,13,63,11,58,11,59,8,57,6,53,13,48,16,48,16,47,15,40,15,48,19,41,21,43,20,42,25,42,27,37,26,41,30,37,29,37,32,35,36,34,36,32,37,26,40,27,39,22,41,22,43,23,50,20,44,27,37,19,46,24,41,23,43,12,52,12,48,6,48,9,50,7,52,3,61,-3,52,1,0,0]",1
CSI_DATA,62099,1a:00:00:00:00:00,-38,11,1,0,1,1,1,0,0,0,1,-97,0,11,2,833786024,0,44,0,384,0,"[0,0,0,0,0,0,0,0,0,0,0,0,-9,-8,-9,-7,-8,-7,-8,-7,-8,-6,-8,-6,-8,-6,-8,-6,-8,-6,-8,-5,-7,-5,-7,-4,-6,-4,-6,-3,-6,-2,-6,-1,-6,0,-6,2,-6,2,-7,3,-8,4,-9,4,-10,4,-10,4,-10,4,-10,4,0,0,-11,4,-11,4,-11,4,-11,5,-12,4,-12,4,-13,3,-12,3,-12,2,-12,2,-11,2,-11,2,-11,2,-11,2,-11,1,-11,1,-10,0,-10,0,-10,0,-9,0,-9,-1,-8,-1,-8,-1,-7,0,-8,0,-8,-1,0,0,0,0,0,0,0,0,0,0,0,0,0,0,0,61,0,60,1,59,-1,55,5,57,5,54,0,52,6,52,6,46,8,48,7,50,12,46,13,41,12,42,8,42,7,37,12,31,13,26,18,24,24,20,27,20,27,10,36,11,40,10,44,9,51,8,51,12,54,15,50,13,55,16,58,16,60,19,55,16,60,14,58,23,60,26,62,19,66,21,59,28,57,29,51,30,48,31,53,29,54,25,52,29,47,30,46,31,45,29,39,31,35,29,32,30,31,28,28,28,28,25,27,24,29,24,33,29,0,0,0,0,0,0,0,0,0,0,0,0,0,0,0,0,0,0,0,0,0,0,-38,-38,-32,-39,-27,-41,-29,-48,-26,-45,-26,-47,-26,-43,-26,-49,-31,-53,-27,-50,-21,-56,-27,-58,-27,-61,-20,-64,-17,-65,-17,-61,-19,-63,-14,-63,-18,-65,-9,-59,-12,-61,-10,-60,-12,-54,-9,-50,-9,-49,-13,-51,-17,-41,-15,-45,-19,-43,-26,-45,-23,-41,-26,-42,-23,-35,-30,-42,-31,-33,-30,-35,-30,-36,-30,-36,-34,-30,-35,-28,-40,-29,-44,-18,-42,-23,-44,-27,-47,-22,-42,-26,-46,-19,-43,-19,-49,-14,-43,-13,-49,-7,-53,-8,-50,-7,-48,2,-51,0,-60,5,-55,-1,0,0]",1
CSI_DATA,62100,1a:00:00:00:00:00,-37,11,1,0,1,1,1,0,0,0,1,-97,0,11,2,833796011,0,44,0,384,0,"[0,0,0,0,0,0,0,0,0,0,0,0,5,-9,5,-9,4,-9,4,-9,4,-9,4,-9,4,-9,3,-9,3,-8,3,-8,3,-8,2,-7,2,-7,1,-6,0,-6,-1,-6,-2,-5,-3,-5,-4,-6,-5,-6,-6,-7,-6,-8,-7,-8,-7,-9,-7,-9,-7,-9,0,0,-7,-10,-7,-10,-7,-10,-7,-10,-8,-11,-7,-11,-6,-12,-6,-11,-5,-12,-5,-11,-5,-11,-5,-11,-5,-10,-4,-10,-4,-10,-3,-10,-3,-10,-3,-10,-2,-9,-2,-9,-2,-8,-2,-8,-2,-8,-2,-7,-2,-7,-2,-7,0,0,0,0,0,0,0,0,0,0,0,0,0,0,-59,9,-58,6,-52,13,-56,10,-55,14,-53,9,-53,15,-50,7,-47,14,-42,13,-47,12,-42,20,-46,16,-41,17,-38,15,-31,12,-31,17,-29,19,-23,20,-18,28,-13,24,-7,29,-8,35,-6,41,-2,48,-6,48,-7,53,-5,55,-8,57,-6,61,-7,59,-6,58,-5,56,-9,59,-7,64,-12,63,-14,65,-15,64,-14,62,-21,62,-20,58,-20,59,-21,57,-15,52,-20,53,-24,53,-24,50,-26,49,-24,41,-23,37,-27,40,-26,36,-23,32,-18,37,-20,28,-18,34,-20,32,0,0,0,0,0,0,0,0,0,0,0,0,0,0,0,0,0,0,0,0,0,0,37,-33,38,-27,40,-31,42,-26,41,-29,44,-28,42,-27,40,-29,53,-29,49,-31,52,-27,59,-23,57,-27,60,-19,59,-20,58,-20,56,-21,63,-21,57,-20,57,-14,60,-13,55,-11,52,-13,47,-11,46,-11,37,-18,40,-20,39,-18,41,-22,40,-25,38,-27,42,-25,35,-28,37,-29,34,-33,31,-30,32,-31,31,-33,28,-34,24,-37,18,-39,19,-42,21,-38,16,-46,22,-45,13,-38,10,-44,10,-44,9,-44,7,-48,12,-43,-1,-46,2,-52,-5,-52,-7,-51,-8,-55,-9,-60,0,0]",1
CSI_DATA,62101,1a:00:00:00:00:00,-38,11,1,0,1,1,1,0,0,0,1,-97,0,11,2,833806027,0,44,0,384,0,"[0,0,0,0,0,0,0,0,0,0,0,0,9,5,8,5,8,5,8,4,8,4,8,4,8,4,8,3,7,3,7,3,7,3,6,2,6,2,5,1,5,0,4,-1,4,-2,4,-3,4,-4,5,-6,6,-6,7,-7,7,-7,8,-7,8,-7,8,-7,0,0,9,-7,9,-7,9,-8,9,-8,10,-8,10,-8,10,-7,10,-6,10,-6,10,-6,10,-6,9,-5,9,-5,9,-5,9,-5,9,-4,9,-4,8,-4,8,-3,8,-3,8,-3,7,-2,6,-3,6,-2,6,-3,6,-2,0,0,0,0,0,0,0,0,0,0,0,0,0,0,3,-59,5,-55,-3,-51,0,-57,-3,-55,2,-49,-4,-54,-6,-53,-12,-48,-5,-55,-6,-52,-6,-49,-9,-44,-8,-42,-7,-38,-9,-38,-11,-37,-15,-27,-11,-24,-21,-17,-26,-14,-32,-14,-33,-8,-36,-6,-43,-10,-50,-14,-52,-11,-54,-18,-57,-15,-54,-20,-58,-16,-59,-17,-60,-17,-63,-14,-61,-16,-65,-21,-61,-21,-62,-29,-62,-26,-61,-29,-59,-29,-56,-30,-59,-26,-52,-28,-52,-29,-49,-28,-49,-28,-47,-29,-41,-30,-41,-26,-40,-28,-35,-27,-27,-23,-29,-23,-31,-21,-30,-24,-32,-24,0,0,0,0,0,0,0,0,0,0,0,0,0,0,0,0,0,0,0,0,0,0,21,46,19,46,14,48,13,48,12,51,12,45,13,45,10,47,19,53,13,56,9,58,11,64,7,61,4,62,-1,61,0,58,5,61,2,65,2,61,2,57,-4,55,-1,56,-7,48,-1,49,7,41,8,46,6,46,13,44,16,48,17,40,13,45,17,46,18,42,17,46,23,40,22,43,23,39,27,34,25,36,30,30,33,29,32,29,38,25,36,25,42,24,41,26,44,22,44,19,44,21,44,18,47,16,47,14,51,8,52,9,53,1,53,6,57,0,0,0]",1
CSI_DATA,62102,1a:00:00:00:00:00,-38,11,1,0,1,1,1,0,0,0,1,-97,0,11,2,833816206,0,44,0,384,0,"[0,0,0,0,0,0,0,0,0,0,0,0,-9,6,-9,6,-8,6,-9,6,-8,6,-8,6,-8,6,-8,5,-7,5,-7,5,-6,5,-6,4,-5,4,-4,4,-3,4,-1,4,0,5,1,5,2,6,2,7,3,7,3,8,3,9,3,9,3,10,3,10,0,0,2,11,3,10,3,11,3,11,3,11,2,11,2,11,1,12,1,11,1,11,1,10,1,10,1,10,1,10,0,10,0,10,0,9,0,9,-1,8,-1,8,-1,8,-1,7,-1,7,0,7,-1,7,-1,7,0,0,0,0,0,0,0,0,0,0,0,0,0,0,57,21,50,16,56,17,55,14,57,17,52,12,49,9,53,11,46,3,52,12,44,4,48,3,44,7,42,3,40,3,39,1,29,0,30,-5,27,-10,22,-10,17,-18,16,-24,19,-32,17,-35,20,-41,22,-45,26,-47,26,-48,28,-50,29,-50,31,-49,32,-49,32,-45,26,-57,29,-53,37,-56,36,-52,40,-51,44,-54,39,-52,38,-46,37,-45,39,-45,36,-44,40,-46,40,-42,41,-37,38,-33,38,-33,39,-31,36,-27,28,-27,28,-30,31,-25,28,-25,33,-27,32,-23,0,0,0,0,0,0,0,0,0,0,0,0,0,0,0,0,0,0,0,0,0,0,-49,12,-52,5,-45,2,-49,2,-47,1,-51,-4,-49,5,-52,2,-56,1,-61,2,-62,-9,-62,-5,-61,-6,-61,-10,-64,-16,-54,-14,-60,-12,-58,-13,-61,-11,-53,-15,-55,-12,-51,-16,-49,-12,-46,-9,-48,-3,-48,0,-47,-4,-50,3,-49,2,-52,1,-49,7,-54,10,-46,7,-44,9,-45,11,-48,15,-42,12,-45,14,-43,15,-37,19,-39,25,-33,27,-37,31,-38,33,-38,36,-39,27,-36,27,-33,37,-34,41,-31,40,-28,38,-25,42,-23,46,-22,48,-25,49,-17,50,-22,52,0,0]",1
CSI_DATA,62103,1a:00:00:00:00:00,-38,11,1,0,1,1,1,0,0,0,1,-97,0,11,2,833826031,0,44,0,384,0,"[0,0,0,0,0,0,0,0,0,0,0,0,-10,-6,-10,-6,-9,-6,-9,-6,-9,-5,-9,-5,-9,-5,-8,-5,-8,-5,-8,-4,-8,-4,-7,-3,-6,-3,-6,-2,-5,-1,-5,1,-5,2,-5,3,-6,4,-6,5,-7,5,-8,6,-9,6,-9,6,-10,6,-10,6,0,0,-10,6,-10,6,-10,7,-10,7,-11,7,-11,6,-11,6,-12,5,-11,5,-11,5,-10,5,-10,4,-10,4,-10,4,-10,4,-10,4,-10,3,-9,3,-9,2,-9,2,-9,2,-8,2,-8,2,-8,2,-8,2,-8,2,0,0,0,0,0,0,0,0,0,0,0,0,0,0,-3,57,5,61,3,56,0,51,3,53,7,52,6,55,3,50,4,51,9,50,10,49,10,42,4,46,5,43,9,39,10,35,11,31,14,23,9,23,15,15,23,13,30,10,35,8,43,7,45,9,52,8,51,14,53,11,54,16,54,13,53,16,58,19,54,16,60,13,57,14,61,18,61,16,56,21,57,29,56,24,55,19,52,21,51,26,51,21,50,27,50,25,43,25,48,27,41,29,36,26,39,24,33,26,36,23,35,25,34,22,32,23,31,27,0,0,0,0,0,0,0,0,0,0,0,0,0,0,0,0,0,0,0,0,0,0,-27,-37,-26,-41,-30,-43,-21,-38,-24,-36,-20,-39,-27,-40,-26,-46,-29,-48,-28,-54,-24,-54,-16,-59,-16,-62,-15,-61,-13,-61,-15,-58,-16,-55,-13,-63,-12,-57,-9,-56,-12,-52,-15,-55,-12,-51,-13,-46,-10,-47,-16,-43,-22,-45,-21,-45,-24,-45,-25,-44,-23,-45,-25,-41,-26,-43,-25,-41,-29,-39,-32,-36,-25,-34,-33,-30,-35,-29,-31,-26,-32,-27,-43,-20,-44,-20,-44,-21,-47,-25,-49,-18,-47,-21,-49,-21,-48,-15,-44,-14,-50,-13,-51,-8,-51,-10,-50,-7,-59,-6,-57,0,-58,1,0,0]",1
CSI_DATA,62104,1a:00:00:00:00:00,-38,11,1,0,1,1,1,0,0,0,1,-97,0,11,2,833836027,0,44,0,384,0,"[0,0,0,0,0,0,0,0,0,0,0,0,4,-9,4,-9,4,-9,4,-9,3,-9,3,-9,3,-9,3,-8,3,-8,2,-8,2,-7,1,-7,1,-6,0,-6,-1,-5,-2,-5,-3,-5,-4,-5,-5,-5,-6,-6,-7,-7,-7,-7,-7,-8,-7,-9,-7,-9,-7,-9,0,0,-7,-9,-7,-9,-7,-9,-8,-9,-8,-10,-7,-10,-7,-11,-6,-11,-6,-10,-5,-10,-6,-10,-6,-10,-5,-10,-5,-10,-4,-10,-4,-10,-4,-9,-3,-9,-3,-9,-3,-8,-2,-8,-2,-8,-3,-7,-3,-7,-2,-7,-2,-7,0,0,0,0,0,0,0,0,0,0,0,0,0,0,-56,1,-58,4,-52,6,-53,9,-60,14,-56,5,-54,6,-51,9,-55,9,-49,8,-47,9,-42,10,-47,15,-39,11,-38,10,-37,12,-31,20,-25,16,-20,17,-17,21,-16,23,-12,29,-4,34,-4,40,-6,44,-7,51,-10,53,-11,51,-18,55,-10,50,-14,55,-11,55,-13,59,-13,58,-14,59,-14,60,-18,58,-18,65,-22,64,-21,61,-22,52,-18,56,-25,58,-21,56,-23,53,-21,54,-24,55,-31,50,-28,44,-24,44,-26,42,-22,37,-23,32,-23,36,-22,33,-21,36,-19,29,0,0,0,0,0,0,0,0,0,0,0,0,0,0,0,0,0,0,0,0,0,0,39,-25,37,-28,39,-23,41,-22,39,-20,40,-23,37,-18,41,-23,47,-26,48,-29,53,-22,57,-23,59,-20,56,-17,56,-17,56,-13,58,-12,57,-19,58,-17,57,-13,53,-11,52,-10,51,-11,44,-13,44,-13,38,-19,41,-23,41,-23,41,-23,43,-21,35,-24,37,-26,39,-23,37,-27,38,-31,33,-29,31,-28,31,-36,30,-38,28,-36,27,-39,20,-44,18,-43,20,-48,18,-46,24,-47,19,-49,20,-50,13,-47,12,-51,11,-52,4,-49,2,-55,6,-50,3,-52,-1,-57,1,-57,0,0]",1
CSI_DATA,62105,1a:00:00:00:00:00,-38,11,1,0,1,1,1,0,0,0,1,-97,0,11,2,833846059,0,44,0,384,0,"[0,0,0,0,0,0,0,0,0,0,0,0,9,3,9,3,8,3,9,3,8,2,9,2,8,2,8,2,7,2,7,2,7,1,6,1,5,1,5,0,4,-1,4,-2,4,-3,4,-4,4,-6,4,-6,5,-7,6,-8,6,-8,7,-8,7,-8,7,-8,0,0,7,-8,8,-8,8,-8,8,-8,8,-8,9,-8,9,-8,9,-7,9,-7,9,-6,8,-7,8,-6,8,-6,8,-6,8,-5,8,-5,8,-5,8,-5,7,-4,7,-3,7,-3,6,-3,6,-3,5,-3,6,-3,6,-3,0,0,0,0,0,0,0,0,0,0,0,0,0,0,-9,-60,-18,-54,-15,-53,-16,-52,-11,-51,-20,-52,-14,-48,-21,-51,-16,-51,-22,-48,-19,-42,-17,-46,-19,-44,-19,-38,-18,-37,-22,-33,-19,-28,-23,-23,-19,-17,-24,-14,-32,-10,-28,-5,-39,-3,-38,4,-48,-2,-52,6,-55,1,-60,-1,-63,-7,-59,-5,-58,-7,-67,-2,-58,-2,-58,-3,-64,-4,-69,-5,-64,-8,-69,-8,-66,-12,-63,-10,-58,-15,-55,-9,-60,-15,-54,-12,-58,-14,-55,-16,-55,-18,-54,-17,-46,-17,-45,-21,-41,-19,-40,-14,-37,-19,-40,-13,-35,-13,-36,-20,-36,-19,0,0,0,0,0,0,0,0,0,0,0,0,0,0,0,0,0,0,0,0,0,0,32,33,30,33,28,35,26,40,25,35,24,37,28,34,26,39,36,40,33,44,27,50,29,52,29,50,28,52,25,57,23,50,25,52,23,53,26,49,19,52,17,52,19,50,18,44,19,41,18,40,23,38,25,42,32,35,29,36,31,38,27,35,35,35,31,28,38,31,34,35,38,31,34,26,39,25,38,22,40,23,42,15,44,13,50,15,48,16,48,13,48,8,50,9,50,9,45,3,45,4,48,0,45,-2,54,-2,52,-6,56,-5,51,-11,61,-13,0,0]",1
CSI_DATA,62106,1a:00:00:00:00:00,-38,11,1,0,1,1,1,0,0,0,1,-97,0,11,2,833859471,0,44,0,384,0,"[0,0,0,0,0,0,0,0,0,0,0,0,10,4,11,3,10,3,10,3,10,3,10,3,10,3,9,3,9,3,8,2,8,2,7,2,6,1,6,0,5,-1,4,-2,4,-3,4,-4,4,-6,5,-6,6,-7,7,-8,7,-8,8,-8,8,-8,8,-8,0,0,9,-8,9,-8,9,-9,9,-9,10,-8,10,-8,11,-7,10,-7,11,-7,10,-6,10,-6,9,-6,9,-6,9,-6,9,-5,9,-5,9,-4,9,-4,8,-4,8,-3,8,-3,7,-3,7,-3,6,-4,7,-3,7,-3,0,0,0,0,0,0,0,0,0,0,0,0,0,0,-10,-65,-9,-62,-16,-57,-16,-62,-17,-56,-10,-60,-14,-55,-20,-55,-15,-53,-17,-55,-15,-50,-13,-54,-15,-45,-15,-47,-16,-39,-13,-38,-18,-31,-16,-29,-18,-24,-22,-15,-29,-12,-38,-10,-36,-3,-44,-7,-50,-6,-57,-9,-57,-12,-58,-5,-57,-9,-60,-8,-61,-7,-64,-16,-56,-12,-64,-10,-66,-12,-65,-10,-63,-16,-65,-18,-67,-23,-62,-23,-58,-22,-56,-19,-57,-21,-55,-21,-59,-24,-52,-24,-49,-22,-50,-23,-47,-29,-41,-26,-41,-27,-38,-27,-38,-20,-33,-19,-35,-20,-37,-16,-37,-22,0,0,0,0,0,0,0,0,0,0,0,0,0,0,0,0,0,0,0,0,0,0,41,30,32,39,28,40,34,35,28,39,31,35,22,37,32,43,30,44,36,43,33,47,31,53,29,52,26,53,26,56,25,45,26,54,22,52,23,51,17,52,15,55,19,52,17,46,17,46,19,43,24,39,24,38,27,39,31,36,30,35,30,38,32,34,34,34,31,32,38,30,32,29,36,31,40,23,38,25,40,21,40,15,42,11,42,13,43,8,50,8,55,15,48,13,49,7,48,6,48,0,54,4,53,-3,55,6,50,-6,52,-11,64,-10,58,-15,0,0]",1
CSI_DATA,62107,1a:00:00:00:00:00,-38,11,1,0,1,1,1,0,0,0,1,-97,0,11,2,833866018,0,44,0,384,0,"[0,0,0,0,0,0,0,0,0,0,0,0,-12,-1,-11,0,-11,0,-11,0,-11,0,-11,0,-10,0,-10,0,-10,-1,-9,0,-9,0,-8,0,-7,0,-6,1,-5,1,-4,2,-4,3,-3,4,-3,6,-3,6,-3,7,-4,8,-4,9,-5,9,-5,9,-5,9,0,0,-5,10,-5,10,-5,10,-6,10,-6,10,-6,10,-7,10,-7,9,-7,9,-7,8,-7,8,-6,8,-6,8,-6,8,-7,8,-7,7,-7,7,-6,6,-7,6,-6,5,-6,5,-6,5,-5,5,-5,5,-5,5,-6,5,0,0,0,0,0,0,0,0,0,0,0,0,0,0,30,57,25,57,29,52,35,51,35,48,33,47,34,50,31,45,33,46,34,41,27,43,28,42,30,41,32,32,22,26,24,28,31,26,29,18,28,12,24,9,28,3,32,-1,39,-9,41,-7,46,-12,56,-9,53,-10,56,-7,57,-10,61,-9,57,-13,67,-10,59,-7,64,-9,61,-10,67,-6,67,-11,65,-4,66,-4,65,5,64,2,59,1,57,-1,59,0,63,1,56,6,55,3,55,6,51,8,44,13,53,8,42,10,46,7,39,6,39,5,42,7,41,8,0,0,0,0,0,0,0,0,0,0,0,0,0,0,0,0,0,0,0,0,0,0,-46,-25,-43,-25,-43,-28,-44,-33,-38,-30,-40,-27,-41,-32,-45,-30,-45,-35,-50,-34,-46,-38,-43,-43,-45,-44,-40,-45,-41,-48,-34,-43,-38,-46,-39,-48,-37,-43,-29,-49,-31,-49,-30,-52,-30,-43,-30,-40,-30,-36,-33,-33,-35,-31,-35,-27,-40,-29,-38,-25,-40,-27,-40,-24,-37,-21,-37,-21,-46,-21,-40,-18,-39,-13,-42,-16,-45,-14,-46,-2,-44,-2,-44,1,-48,-2,-52,3,-47,2,-49,2,-52,7,-49,3,-54,10,-53,11,-45,13,-51,23,-50,19,-52,21,-53,27,-53,24,-54,31,0,0]",1
CSI_DATA,62108,1a:00:00:00:00:00,-38,11,1,0,1,1,1,0,0,0,1,-97,0,11,2,833876027,0,44,0,384,0,"[0,0,0,0,0,0,0,0,0,0,0,0,-1,-13,-1,-12,-1,-12,-1,-12,-2,-12,-1,-11,-1,-11,-1,-11,-1,-10,-1,-10,-1,-9,-1,-8,-2,-7,-2,-6,-3,-5,-4,-4,-5,-3,-6,-3,-7,-3,-9,-3,-9,-3,-10,-3,-11,-4,-11,-4,-11,-5,-11,-5,0,0,-11,-5,-12,-5,-12,-4,-13,-5,-13,-5,-13,-6,-12,-6,-12,-6,-11,-6,-11,-6,-11,-6,-11,-6,-10,-6,-10,-6,-10,-6,-9,-6,-9,-7,-9,-6,-8,-6,-8,-6,-7,-6,-7,-6,-8,-6,-7,-5,-7,-5,-7,-6,0,0,0,0,0,0,0,0,0,0,0,0,0,0,-45,53,-38,43,-37,51,-34,46,-44,47,-35,47,-40,45,-36,47,-38,45,-32,50,-33,44,-31,39,-28,44,-27,37,-23,37,-22,34,-18,30,-11,26,-10,24,0,28,12,26,12,24,22,32,18,33,29,42,30,41,29,50,27,47,29,50,29,50,28,52,35,57,27,54,36,53,40,50,34,57,30,57,24,58,23,62,26,60,18,61,19,59,17,59,23,54,20,56,21,55,17,54,15,53,16,49,15,50,10,49,10,44,6,41,11,37,9,37,10,42,8,41,0,0,0,0,0,0,0,0,0,0,0,0,0,0,0,0,0,0,0,0,0,0,13,-43,15,-47,16,-47,20,-48,16,-46,18,-42,19,-44,19,-46,20,-53,21,-53,25,-55,33,-53,31,-54,34,-52,32,-45,36,-51,31,-47,37,-50,37,-46,40,-42,41,-36,34,-35,34,-37,36,-34,25,-33,19,-39,17,-40,21,-38,14,-38,12,-41,7,-38,12,-44,10,-41,6,-43,6,-47,6,-47,-5,-42,-1,-43,-1,-44,-10,-40,-7,-39,-16,-41,-19,-40,-18,-48,-19,-43,-24,-47,-15,-45,-27,-45,-25,-50,-26,-43,-30,-40,-32,-38,-33,-38,-40,-35,-42,-37,-47,-40,-53,-43,0,0]",1
CSI_DATA,62109,1a:00:00:00:00:00,-38,11,1,0,1,1,1,0,0,0,1,-97,0,11,2,833896018,0,44,0,384,0,"[0,0,0,0,0,0,0,0,0,0,0,0,3,10,3,9,3,9,3,9,3,9,3,8,3,8,3,7,3,7,3,6,3,6,3,5,3,4,3,3,3,2,4,1,5,0,5,-1,6,-1,7,-2,8,-1,10,-2,10,-1,10,-1,11,0,11,-1,0,0,11,-1,11,0,11,0,12,0,12,0,12,0,12,1,12,1,11,1,11,1,11,1,11,2,10,2,10,2,10,2,10,2,10,2,9,2,8,2,8,2,7,2,7,2,7,2,7,2,7,2,7,2,0,0,0,0,0,0,0,0,0,0,0,0,0,0,39,-51,37,-56,26,-47,31,-49,35,-54,29,-48,33,-47,25,-43,22,-50,19,-46,19,-44,16,-44,18,-43,13,-33,15,-36,7,-29,6,-28,-1,-24,-6,-32,-15,-22,-22,-24,-20,-26,-29,-30,-34,-23,-35,-32,-43,-35,-44,-37,-45,-38,-38,-46,-42,-49,-46,-44,-46,-45,-43,-48,-46,-44,-50,-54,-46,-50,-48,-46,-44,-55,-43,-55,-42,-58,-37,-51,-41,-53,-35,-52,-41,-46,-39,-52,-36,-51,-31,-49,-30,-51,-27,-50,-28,-48,-20,-47,-24,-45,-18,-40,-20,-41,-21,-37,-17,-41,-21,-37,0,0,0,0,0,0,0,0,0,0,0,0,0,0,0,0,0,0,0,0,0,0,-10,51,-11,50,-18,51,-22,49,-19,46,-21,43,-19,47,-15,51,-25,55,-21,58,-26,56,-29,60,-28,59,-32,50,-35,54,-35,54,-33,49,-32,48,-32,45,-39,41,-33,44,-31,44,-32,40,-27,40,-26,43,-18,42,-17,44,-20,42,-16,39,-12,45,-9,38,-7,38,-7,41,-6,41,-7,39,-2,41,0,40,-2,41,4,40,8,39,12,36,20,41,21,38,21,47,19,40,28,43,26,40,27,43,29,42,27,42,32,37,35,35,34,31,41,35,48,36,48,30,55,33,0,0]",1
CSI_DATA,62110,1a:00:00:00:00:00,-38,11,1,0,1,1,1,0,0,0,1,-97,0,11,2,833906014,0,44,0,384,0,"[0,0,0,0,0,0,0,0,0,0,0,0,-10,2,-10,3,-9,3,-9,3,-9,3,-9,3,-8,3,-8,3,-8,3,-7,3,-6,3,-5,3,-4,3,-4,3,-2,3,-1,4,-1,5,0,5,1,6,1,8,1,8,1,9,1,10,1,10,1,11,0,11,0,0,0,11,0,11,0,11,0,12,0,12,0,12,-1,12,-1,12,-2,11,-2,11,-1,11,-2,11,-2,10,-1,11,-2,10,-2,10,-3,10,-3,9,-3,8,-3,8,-3,7,-3,7,-2,7,-2,7,-2,7,-3,7,0,0,0,0,0,0,0,0,0,0,0,0,0,0,53,33,48,28,47,34,51,23,44,26,45,27,42,27,48,24,42,19,45,23,45,17,42,21,40,11,35,14,36,12,33,6,27,1,28,-2,28,-8,23,-15,23,-19,21,-23,21,-30,29,-37,31,-37,33,-38,38,-38,44,-45,44,-45,43,-44,44,-46,48,-45,44,-43,48,-47,44,-40,50,-51,51,-45,58,-42,57,-43,56,-39,49,-35,54,-40,52,-31,53,-38,55,-38,46,-35,55,-32,52,-27,53,-21,46,-22,45,-19,45,-18,36,-13,39,-16,40,-18,35,-18,40,-17,0,0,0,0,0,0,0,0,0,0,0,0,0,0,0,0,0,0,0,0,0,0,-54,-1,-46,-8,-49,-9,-48,-15,-46,-18,-44,-15,-52,-12,-53,-13,-55,-11,-55,-16,-58,-23,-54,-28,-59,-28,-52,-31,-54,-29,-50,-30,-54,-27,-53,-26,-50,-28,-57,-26,-49,-26,-50,-27,-43,-24,-46,-20,-43,-20,-46,-15,-42,-15,-44,-16,-47,-13,-48,-5,-46,-9,-48,-9,-45,-7,-45,-4,-42,-3,-38,1,-47,3,-43,4,-43,9,-38,11,-40,14,-36,21,-43,23,-47,26,-44,26,-48,25,-41,30,-39,25,-43,28,-38,33,-38,37,-36,36,-30,42,-32,39,-32,44,-35,47,-34,48,0,0]",1
CSI_DATA,62111,1a:00:00:00:00:00,-38,11,1,0,1,1,1,0,0,0,1,-97,0,11,2,833916019,0,44,0,384,0,"[0,0,0,0,0,0,0,0,0,0,0,0,-6,-10,-6,-9,-6,-9,-6,-9,-6,-8,-6,-8,-6,-8,-6,-7,-5,-7,-5,-6,-5,-6,-5,-5,-5,-4,-5,-3,-5,-2,-5,-1,-6,0,-6,1,-7,2,-8,3,-9,3,-10,3,-11,3,-11,3,-12,3,-12,3,0,0,-12,3,-13,3,-12,3,-13,3,-13,3,-13,2,-14,2,-13,1,-13,1,-12,1,-12,1,-12,1,-12,1,-12,1,-12,0,-11,0,-11,0,-10,0,-10,-1,-9,-1,-9,-1,-8,-1,-8,-1,-8,-1,-8,-1,-9,-1,0,0,0,0,0,0,0,0,0,0,0,0,0,0,-18,60,-17,51,-13,57,-7,52,-11,55,-13,54,-12,51,-3,50,-4,50,-5,51,-1,45,-3,48,0,41,-1,37,-1,35,3,32,5,34,15,23,13,23,17,16,26,14,33,9,36,12,43,11,49,13,53,15,54,19,56,14,60,17,58,28,62,27,65,25,60,23,60,24,59,27,66,29,63,27,63,29,62,31,65,32,58,27,51,33,51,36,57,31,57,33,51,32,54,35,44,35,43,35,35,33,35,30,37,31,32,29,31,26,30,26,36,27,31,24,0,0,0,0,0,0,0,0,0,0,0,0,0,0,0,0,0,0,0,0,0,0,-6,-51,1,-51,2,-48,3,-51,1,-53,4,-48,1,-46,1,-54,-1,-53,4,-54,9,-57,11,-61,10,-65,19,-57,23,-56,14,-54,16,-57,16,-57,12,-55,18,-50,18,-52,13,-50,12,-47,12,-40,5,-45,6,-46,-1,-49,-4,-46,-1,-41,-2,-45,-8,-43,-7,-44,-8,-43,-8,-43,-15,-39,-17,-43,-18,-38,-14,-40,-19,-35,-26,-38,-31,-38,-32,-30,-37,-36,-36,-37,-38,-36,-37,-28,-42,-31,-38,-33,-42,-32,-47,-26,-39,-25,-47,-21,-52,-20,-47,-18,-57,-18,-52,-23,-54,-19,0,0]",1
CSI_DATA,62112,1a:00:00:00:00:00,-38,11,1,0,1,1,1,0,0,0,1,-97,0,11,2,833936035,0,44,0,384,0,"[0,0,0,0,0,0,0,0,0,0,0,0,6,7,6,7,6,6,6,6,6,6,6,6,6,6,6,5,5,5,5,5,5,4,5,3,4,3,4,1,4,1,4,-1,4,-2,5,-3,6,-4,7,-5,7,-5,8,-5,9,-5,10,-5,10,-5,10,-5,0,0,11,-5,11,-5,11,-5,12,-5,12,-5,12,-4,12,-3,12,-3,11,-3,11,-3,11,-3,11,-2,10,-2,10,-2,10,-2,10,-2,10,-1,9,-1,9,-1,8,-1,8,0,7,0,7,-1,7,-1,7,-1,7,-1,0,0,0,0,0,0,0,0,0,0,0,0,0,0,2,-56,1,-52,-2,-52,1,-52,6,-50,1,-49,0,-48,1,-49,-4,-48,-1,-44,-5,-47,-4,-45,-6,-42,-7,-35,-5,-39,-6,-35,-12,-31,-17,-24,-14,-21,-26,-16,-28,-16,-29,-15,-36,-14,-43,-10,-53,-9,-49,-16,-57,-18,-59,-22,-59,-23,-57,-22,-59,-23,-65,-31,-61,-24,-61,-24,-65,-26,-64,-31,-60,-31,-60,-32,-60,-36,-60,-36,-56,-32,-55,-34,-55,-35,-49,-35,-48,-34,-47,-35,-47,-38,-44,-36,-37,-38,-36,-32,-37,-33,-32,-32,-32,-30,-31,-25,-28,-28,-28,-25,-30,-28,0,0,0,0,0,0,0,0,0,0,0,0,0,0,0,0,0,0,0,0,0,0,11,44,8,43,7,47,8,46,6,42,7,43,4,45,15,43,11,54,7,55,2,59,3,61,1,61,-4,57,-3,56,-5,56,-2,60,-8,58,1,59,-2,51,-9,54,-6,49,-9,48,-4,48,0,43,3,46,4,41,4,43,3,44,8,45,10,43,10,43,14,41,16,42,13,42,18,45,19,40,18,37,18,36,23,36,29,31,32,30,33,30,37,37,40,30,31,28,35,30,36,26,33,25,37,20,38,18,41,19,43,15,42,12,47,8,50,7,50,12,0,0]",1
CSI_DATA,62113,1a:00:00:00:00:00,-38,11,1,0,1,1,1,0,0,0,1,-97,0,11,2,833946020,0,44,0,384,0,"[0,0,0,0,0,0,0,0,0,0,0,0,-7,7,-7,7,-7,7,-7,7,-7,7,-7,7,-6,6,-6,6,-6,6,-5,6,-5,6,-4,5,-3,5,-2,4,-1,5,0,5,1,5,2,5,4,6,4,7,4,8,4,9,5,10,5,10,5,10,5,10,0,0,4,11,4,11,4,11,4,11,4,12,3,12,3,12,2,12,2,12,2,12,2,11,2,11,2,11,2,11,1,10,0,10,0,10,0,9,0,9,-1,8,-1,8,-1,8,0,7,0,7,0,7,0,7,0,0,0,0,0,0,0,0,0,0,0,0,0,0,56,5,55,7,52,3,51,2,52,4,54,4,48,-3,52,4,51,1,48,0,45,-3,42,-1,41,-4,40,-3,35,-4,36,-7,32,-8,26,-10,24,-18,18,-19,15,-32,15,-33,15,-35,17,-47,16,-44,22,-56,24,-57,23,-58,29,-55,25,-59,25,-57,30,-58,26,-58,25,-57,28,-59,35,-61,36,-61,43,-54,43,-58,42,-55,40,-50,38,-48,40,-48,33,-48,37,-47,36,-46,39,-44,36,-42,42,-36,33,-32,34,-30,32,-26,32,-33,30,-28,28,-28,30,-26,32,-27,0,0,0,0,0,0,0,0,0,0,0,0,0,0,0,0,0,0,0,0,0,0,-47,13,-48,10,-46,8,-49,2,-51,7,-46,6,-47,5,-52,4,-56,6,-59,7,-61,2,-62,-3,-64,-6,-60,-8,-59,-7,-59,-8,-60,-6,-57,-7,-62,-10,-58,-10,-55,-16,-55,-16,-49,-10,-52,-13,-51,-4,-49,-2,-52,-2,-46,-1,-48,5,-47,7,-42,8,-51,6,-47,9,-48,8,-43,10,-44,12,-42,11,-42,22,-44,23,-36,19,-36,22,-36,27,-33,27,-35,34,-31,28,-33,35,-33,29,-29,32,-27,32,-25,32,-20,35,-24,34,-11,41,-14,42,-12,44,-16,49,-14,42,0,0]",1
CSI_DATA,62114,1a:00:00:00:00:00,-38,11,1,0,1,1,1,0,0,0,1,-97,0,11,2,833956042,0,44,0,384,0,"[0,0,0,0,0,0,0,0,0,0,0,0,-8,-7,-9,-7,-8,-6,-8,-7,-9,-6,-8,-6,-8,-6,-8,-6,-7,-6,-7,-5,-7,-4,-6,-4,-6,-3,-5,-2,-5,-1,-5,1,-6,2,-6,2,-6,4,-7,4,-8,5,-9,5,-10,5,-10,5,-11,5,-11,5,0,0,-11,5,-11,5,-11,6,-12,6,-12,6,-13,5,-13,4,-13,4,-13,3,-12,3,-12,3,-12,3,-11,3,-11,3,-11,2,-11,2,-11,2,-10,1,-10,1,-9,0,-9,0,-9,0,-8,1,-8,1,-8,1,-8,1,0,0,0,0,0,0,0,0,0,0,0,0,0,0,-9,58,-5,54,-1,56,-7,51,-6,52,-2,54,-2,52,2,51,4,50,2,55,3,48,0,47,5,44,7,40,1,39,7,36,7,29,18,24,21,18,15,18,26,18,28,15,35,10,47,14,47,16,51,19,52,21,56,17,58,21,60,22,56,22,60,24,63,21,63,24,60,27,69,26,61,32,60,32,62,37,57,37,55,36,54,31,48,29,52,29,49,32,49,33,49,37,45,35,41,35,37,33,35,33,34,28,33,30,29,28,32,24,33,25,30,31,0,0,0,0,0,0,0,0,0,0,0,0,0,0,0,0,0,0,0,0,0,0,-10,-46,-5,-50,-4,-47,-3,-46,-3,-47,0,-47,-5,-52,-3,-50,-4,-57,-5,-59,1,-57,5,-61,5,-60,2,-58,7,-59,7,-57,9,-58,10,-57,7,-54,10,-55,14,-50,10,-53,13,-51,7,-45,4,-46,1,-42,-2,-46,-2,-47,-5,-44,-5,-47,-8,-42,-8,-46,-8,-42,-7,-41,-12,-40,-12,-42,-20,-38,-19,-39,-21,-36,-19,-32,-30,-29,-31,-33,-32,-35,-33,-29,-36,-32,-30,-40,-33,-34,-32,-25,-36,-29,-38,-24,-36,-19,-45,-17,-44,-14,-40,-10,-50,-3,-54,-7,-56,-3,0,0]",1
CSI_DATA,62115,1a:00:00:00:00:00,-37,11,1,0,1,1,1,0,0,0,1,-97,0,11,2,833976020,0,44,0,384,0,"[0,0,0,0,0,0,0,0,0,0,0,0,9,5,9,5,9,5,9,4,9,4,8,4,8,4,8,4,7,4,7,3,6,3,6,2,5,2,5,1,5,0,5,-2,4,-3,4,-4,5,-5,5,-6,6,-6,7,-7,8,-7,8,-7,8,-7,8,-7,0,0,9,-7,9,-8,9,-8,9,-8,10,-8,10,-7,11,-7,10,-6,10,-6,10,-6,10,-6,9,-5,10,-5,9,-5,10,-5,9,-4,9,-4,9,-4,8,-3,8,-3,8,-3,7,-3,7,-3,6,-3,7,-3,7,-3,0,0,0,0,0,0,0,0,0,0,0,0,0,0,-3,-59,1,-63,-3,-64,0,-60,-8,-59,-2,-61,-7,-57,-5,-58,-9,-54,-5,-54,-4,-54,-6,-50,-13,-47,-12,-43,-6,-43,-12,-38,-16,-29,-17,-25,-19,-24,-20,-19,-30,-16,-32,-15,-40,-10,-45,-9,-45,-14,-56,-12,-57,-14,-59,-16,-55,-23,-62,-21,-60,-17,-58,-24,-61,-19,-62,-19,-68,-20,-67,-23,-62,-27,-62,-29,-63,-27,-61,-28,-57,-27,-60,-30,-58,-27,-55,-30,-53,-34,-56,-30,-49,-32,-50,-34,-39,-33,-40,-29,-39,-31,-37,-32,-36,-28,-37,-26,-33,-28,-33,-27,-33,-32,0,0,0,0,0,0,0,0,0,0,0,0,0,0,0,0,0,0,0,0,0,0,20,40,19,40,21,41,16,44,13,46,15,43,14,41,18,44,19,52,14,51,15,57,13,59,11,61,14,58,8,51,3,56,4,56,6,53,11,52,1,55,2,56,2,51,3,47,7,42,3,44,10,43,11,46,16,40,13,38,17,37,20,40,15,40,21,35,23,32,25,36,27,35,21,30,27,30,27,26,36,23,40,20,38,19,45,18,46,22,44,21,48,21,43,16,44,19,44,10,44,11,50,8,47,3,50,2,47,1,54,0,66,-7,65,-4,0,0]",1
CSI_DATA,62116,1a:00:00:00:00:00,-37,11,1,0,1,1,1,0,0,0,1,-97,0,11,2,833986012,0,44,0,384,0,"[0,0,0,0,0,0,0,0,0,0,0,0,-5,9,-5,9,-5,9,-5,9,-5,9,-4,8,-5,8,-4,8,-4,7,-4,7,-3,7,-2,6,-2,5,-1,5,0,5,1,5,2,4,3,5,4,5,5,6,6,6,6,7,7,8,7,8,7,8,7,8,0,0,7,9,7,9,7,9,7,10,7,10,6,11,6,11,6,11,5,11,5,11,5,10,5,10,5,10,4,10,4,10,3,9,3,10,3,9,2,9,2,8,2,8,1,7,2,7,2,7,2,7,2,7,0,0,0,0,0,0,0,0,0,0,0,0,0,0,62,-7,58,-5,58,-5,59,-11,58,-8,55,-10,57,-9,53,-13,50,-14,45,-12,47,-15,47,-12,46,-13,37,-12,36,-12,31,-16,31,-17,25,-19,20,-25,19,-23,11,-36,13,-32,5,-42,8,-44,11,-48,8,-55,7,-54,11,-58,12,-63,11,-60,11,-67,14,-66,19,-58,14,-65,17,-64,22,-67,25,-67,27,-69,29,-65,24,-60,30,-57,26,-57,32,-54,29,-56,28,-57,28,-52,32,-48,33,-46,31,-40,31,-43,32,-34,29,-33,27,-32,28,-32,25,-36,23,-34,26,-33,0,0,0,0,0,0,0,0,0,0,0,0,0,0,0,0,0,0,0,0,0,0,-34,29,-35,30,-39,23,-41,25,-40,26,-40,26,-42,24,-39,25,-45,29,-43,29,-52,26,-55,24,-53,25,-53,21,-55,17,-47,13,-56,20,-51,17,-53,17,-52,12,-53,9,-47,13,-49,12,-46,14,-42,18,-43,17,-39,21,-45,21,-37,21,-36,25,-35,26,-38,22,-32,26,-31,29,-31,29,-28,34,-26,31,-23,32,-26,31,-17,40,-18,37,-13,39,-19,45,-20,44,-21,50,-17,45,-14,42,-10,41,-10,42,-11,46,-6,48,4,49,3,51,3,53,7,53,4,63,5,61,0,0]",1
CSI_DATA,62117,1a:00:00:00:00:00,-37,11,1,0,1,1,1,0,0,0,1,-97,0,11,2,833996035,0,44,0,384,0,"[0,0,0,0,0,0,0,0,0,0,0,0,-10,-5,-10,-4,-10,-4,-10,-4,-10,-4,-9,-4,-9,-3,-9,-3,-8,-3,-8,-2,-7,-2,-7,-1,-6,-1,-6,0,-5,1,-5,2,-5,3,-5,4,-5,5,-5,7,-6,7,-7,8,-7,8,-7,8,-8,9,-8,9,0,0,-9,9,-8,9,-8,9,-9,10,-9,9,-10,9,-10,9,-10,8,-10,8,-10,8,-10,7,-10,7,-9,7,-9,6,-9,6,-9,6,-9,5,-9,5,-8,5,-8,4,-8,4,-7,4,-7,4,-7,4,-7,4,-7,4,0,0,0,0,0,0,0,0,0,0,0,0,0,0,11,66,10,57,19,59,15,61,17,57,12,55,19,50,16,51,14,51,20,49,19,45,15,41,17,43,13,35,19,36,19,27,20,22,23,17,28,12,27,10,30,6,38,4,40,-5,48,-2,52,-4,59,-1,61,-1,63,0,65,-1,65,-5,64,-3,72,4,66,2,71,2,69,7,75,4,71,10,73,15,72,16,70,16,67,20,66,15,65,14,63,13,59,15,58,16,56,17,55,18,47,18,43,20,43,21,41,19,40,17,41,18,36,15,42,14,37,17,0,0,0,0,0,0,0,0,0,0,0,0,0,0,0,0,0,0,0,0,0,0,-31,-29,-25,-35,-27,-35,-27,-39,-22,-34,-22,-38,-25,-38,-27,-45,-28,-46,-31,-46,-26,-55,-27,-52,-22,-56,-28,-55,-21,-52,-20,-53,-19,-54,-21,-55,-21,-55,-16,-52,-12,-52,-16,-49,-17,-46,-15,-45,-20,-41,-23,-45,-21,-47,-30,-41,-26,-35,-28,-39,-26,-33,-23,-35,-27,-33,-31,-36,-32,-34,-35,-29,-34,-27,-37,-26,-39,-24,-41,-19,-43,-17,-41,-12,-47,-14,-47,-16,-48,-14,-51,-8,-46,-8,-53,-13,-45,-8,-52,-5,-46,1,-52,5,-50,5,-55,8,-55,12,-62,11,-56,16,0,0]",1
CSI_DATA,62118,1a:00:00:00:00:00,-37,11,1,0,1,1,1,0,0,0,1,-97,0,11,2,834006031,0,44,0,384,0,"[0,0,0,0,0,0,0,0,0,0,0,0,3,-11,2,-10,2,-10,2,-10,2,-10,2,-9,2,-9,2,-9,2,-8,1,-8,0,-7,0,-7,-1,-6,-1,-5,-2,-5,-4,-5,-5,-4,-6,-4,-7,-4,-8,-5,-9,-5,-9,-6,-10,-7,-10,-7,-10,-7,-10,-7,0,0,-10,-8,-10,-8,-10,-8,-11,-9,-11,-9,-10,-10,-10,-10,-9,-10,-9,-10,-8,-10,-9,-9,-8,-9,-8,-9,-8,-9,-7,-9,-7,-9,-7,-9,-6,-9,-5,-8,-5,-8,-5,-8,-5,-8,-5,-7,-5,-7,-5,-7,-5,-7,0,0,0,0,0,0,0,0,0,0,0,0,0,0,-61,8,-57,8,-58,19,-56,13,-54,15,-53,19,-52,14,-52,15,-46,13,-43,21,-45,17,-44,14,-39,19,-37,18,-33,17,-26,18,-25,20,-17,22,-15,25,-10,31,-5,37,-2,30,6,42,1,44,6,49,5,52,5,55,2,59,4,59,5,64,-2,65,-4,67,-4,60,-4,64,-4,65,-4,72,-9,70,-9,72,-10,68,-9,65,-9,62,-10,65,-13,62,-12,64,-16,61,-13,56,-18,56,-17,57,-21,51,-21,43,-17,48,-19,38,-18,43,-17,36,-18,38,-16,41,-16,40,0,0,0,0,0,0,0,0,0,0,0,0,0,0,0,0,0,0,0,0,0,0,34,-31,33,-29,35,-29,35,-26,37,-25,33,-29,36,-28,39,-30,41,-32,40,-31,44,-29,53,-32,48,-27,50,-25,52,-23,45,-23,52,-22,49,-25,51,-23,50,-17,50,-19,47,-21,41,-19,44,-18,40,-24,37,-28,35,-25,37,-30,35,-24,37,-31,31,-29,36,-31,33,-30,28,-36,31,-34,26,-36,26,-36,25,-38,17,-38,18,-41,17,-41,13,-45,11,-47,8,-43,8,-43,11,-48,8,-48,7,-55,8,-47,1,-46,0,-44,-2,-49,-12,-52,-12,-51,-14,-52,-13,-58,-11,-53,0,0]",1
CSI_DATA,62119,1a:00:00:00:00:00,-37,11,1,0,1,1,1,0,0,0,1,-97,0,11,2,834016045,0,44,0,384,0,"[0,0,0,0,0,0,0,0,0,0,0,0,10,2,10,2,10,1,9,1,9,1,9,1,9,1,8,1,8,1,7,0,7,0,6,-1,5,-1,4,-2,4,-3,4,-4,3,-5,3,-6,3,-7,3,-8,4,-9,4,-10,5,-10,5,-11,6,-11,6,-11,0,0,6,-11,6,-11,6,-11,7,-11,7,-11,8,-11,8,-11,8,-10,8,-10,7,-10,7,-10,7,-9,7,-9,7,-8,7,-8,7,-8,7,-7,7,-7,7,-6,7,-6,6,-5,6,-5,5,-6,5,-5,5,-5,5,-5,0,0,0,0,0,0,0,0,0,0,0,0,0,0,-26,-57,-29,-51,-27,-59,-25,-54,-29,-51,-26,-56,-30,-49,-28,-47,-29,-42,-22,-43,-25,-49,-22,-43,-25,-39,-23,-33,-24,-35,-24,-27,-25,-22,-22,-16,-29,-8,-26,-5,-34,-5,-31,3,-43,11,-49,8,-49,6,-53,12,-55,6,-62,9,-64,6,-62,9,-64,7,-72,2,-62,4,-66,5,-63,2,-72,5,-69,1,-66,-3,-72,0,-71,-8,-62,-8,-66,-6,-64,-9,-63,-3,-63,-6,-57,-9,-58,-14,-56,-9,-51,-14,-49,-16,-45,-12,-39,-15,-44,-8,-39,-11,-42,-6,-42,-10,-42,-12,0,0,0,0,0,0,0,0,0,0,0,0,0,0,0,0,0,0,0,0,0,0,30,24,33,31,33,29,32,27,31,30,33,33,28,33,36,34,37,37,36,36,37,40,34,45,34,45,36,41,35,48,27,43,32,49,30,42,33,46,26,50,30,52,26,51,27,39,27,40,28,42,29,35,27,33,33,33,35,31,32,31,30,27,36,29,35,28,38,25,36,26,44,26,37,18,38,23,40,15,40,13,39,14,43,5,50,8,49,6,50,1,45,3,47,3,46,4,47,0,43,-5,44,-8,45,-9,46,-12,44,-12,51,-22,48,-21,54,-18,0,0]",1
CSI_DATA,62120,1a:00:00:00:00:00,-37,11,1,0,1,1,1,0,0,0,1,-97,0,11,2,834026023,0,44,0,384,0,"[0,0,0,0,0,0,0,0,0,0,0,0,-1,10,-1,10,0,9,0,9,0,9,0,9,0,8,0,8,0,8,0,7,0,7,1,6,1,5,2,5,3,4,4,3,4,3,5,2,7,2,8,2,9,3,9,3,10,4,10,4,10,5,10,5,0,0,10,5,10,5,11,5,11,6,11,6,11,6,10,7,10,7,9,7,9,7,9,7,9,7,8,7,8,7,7,7,7,7,7,7,6,6,5,6,5,6,5,6,4,5,5,5,4,5,4,5,4,5,0,0,0,0,0,0,0,0,0,0,0,0,0,0,50,-35,48,-34,46,-34,48,-36,41,-38,40,-37,35,-37,35,-37,35,-35,31,-37,33,-38,32,-35,26,-35,23,-35,23,-30,17,-33,15,-31,11,-30,6,-31,0,-34,-9,-32,-13,-37,-16,-38,-20,-43,-21,-50,-25,-50,-26,-56,-27,-59,-22,-61,-25,-64,-17,-61,-25,-66,-19,-67,-22,-59,-22,-66,-21,-66,-18,-66,-19,-69,-14,-71,-14,-70,-11,-61,-15,-60,-11,-66,-8,-63,-10,-61,-7,-60,-6,-59,0,-54,-3,-52,2,-49,-3,-45,9,-46,2,-43,0,-43,-2,-40,-1,-43,-1,-42,0,0,0,0,0,0,0,0,0,0,0,0,0,0,0,0,0,0,0,0,0,0,-23,36,-26,39,-26,38,-32,35,-26,34,-28,37,-27,39,-27,40,-30,42,-37,43,-38,42,-40,39,-41,41,-41,36,-42,40,-40,39,-42,43,-42,40,-42,38,-44,34,-43,35,-45,33,-42,32,-39,31,-36,36,-30,37,-31,37,-30,39,-27,40,-29,42,-21,41,-30,38,-21,39,-18,39,-21,41,-20,44,-15,43,-14,43,-8,42,-7,44,-3,43,0,45,6,48,5,46,5,48,3,55,9,49,8,47,10,47,7,46,14,40,16,43,25,43,28,41,36,38,33,52,35,48,0,0]",1
CSI_DATA,62121,1a:00:00:00:00:00,-37,11,1,0,1,1,1,0,0,0,1,-97,0,11,2,834039087,0,44,0,384,0,"[0,0,0,0,0,0,0,0,0,0,0,0,4,9,4,8,4,8,4,8,5,8,5,7,5,7,4,7,4,7,4,6,4,6,4,5,4,4,4,3,4,2,5,1,6,0,6,-1,7,-2,8,-2,9,-2,10,-2,11,-1,11,-1,12,-1,12,-1,0,0,12,-1,12,-1,12,-1,12,-1,13,0,13,0,13,1,12,1,12,1,11,1,11,1,11,2,11,1,11,2,10,1,10,2,9,2,9,2,8,2,7,2,7,2,7,2,7,2,7,2,7,1,7,2,0,0,0,0,0,0,0,0,0,0,0,0,0,0,23,-53,31,-54,24,-57,24,-51,16,-51,12,-50,18,-55,17,-45,15,-51,11,-50,11,-42,10,-49,9,-50,11,-43,5,-39,6,-38,-2,-36,-11,-36,-7,-29,-15,-26,-23,-25,-24,-30,-29,-28,-35,-29,-38,-32,-43,-41,-44,-40,-46,-41,-44,-46,-48,-42,-48,-46,-48,-50,-45,-44,-49,-51,-50,-49,-46,-50,-42,-54,-40,-55,-44,-56,-37,-62,-38,-55,-37,-51,-35,-51,-38,-56,-32,-53,-33,-51,-30,-53,-25,-51,-22,-44,-16,-45,-22,-45,-17,-37,-13,-38,-17,-38,-15,-32,-18,-36,-17,-38,0,0,0,0,0,0,0,0,0,0,0,0,0,0,0,0,0,0,0,0,0,0,5,45,0,43,1,43,-1,46,-2,43,-1,46,-1,44,-1,48,2,52,-1,55,-2,56,-7,57,-11,52,-10,56,-12,56,-13,54,-12,55,-11,52,-18,52,-16,48,-17,49,-17,50,-15,47,-12,47,-8,41,-5,48,-1,43,-4,48,-3,50,1,43,3,45,1,42,4,45,6,44,6,43,9,44,11,43,13,39,16,42,18,39,19,37,24,39,25,42,27,33,29,35,33,39,29,37,27,39,30,31,35,34,37,27,42,23,38,24,43,28,51,18,53,21,51,23,0,0]",1
CSI_DATA,62122,1a:00:00:00:00:00,-37,11,1,0,1,1,1,0,0,0,1,-97,0,11,2,834056035,0,44,0,384,0,"[0,0,0,0,0,0,0,0,0,0,0,0,10,-1,10,-1,10,-2,9,-2,9,-2,9,-2,9,-2,9,-2,8,-2,8,-2,7,-2,7,-3,6,-3,5,-3,4,-4,3,-5,3,-6,2,-7,2,-7,2,-9,3,-9,3,-10,4,-11,3,-11,4,-11,4,-11,0,0,5,-12,4,-12,4,-12,5,-12,5,-12,5,-12,6,-11,6,-11,6,-11,6,-10,6,-11,6,-10,6,-9,6,-9,6,-9,6,-9,6,-8,6,-8,6,-7,6,-7,5,-6,5,-6,5,-6,4,-6,5,-6,5,-6,0,0,0,0,0,0,0,0,0,0,0,0,0,0,-42,-44,-41,-46,-41,-39,-40,-45,-43,-38,-43,-33,-48,-38,-43,-31,-44,-29,-40,-26,-44,-26,-41,-28,-41,-27,-43,-24,-33,-20,-34,-20,-36,-14,-31,-9,-31,-4,-29,4,-31,5,-33,10,-37,16,-40,23,-47,24,-53,29,-55,24,-55,26,-59,24,-58,23,-59,27,-58,27,-57,24,-58,27,-64,25,-64,24,-65,24,-64,21,-65,17,-66,18,-63,12,-62,14,-60,16,-62,16,-60,14,-54,15,-51,5,-60,4,-47,5,-53,-1,-51,0,-46,3,-42,3,-42,3,-41,6,-40,4,-41,-2,0,0,0,0,0,0,0,0,0,0,0,0,0,0,0,0,0,0,0,0,0,0,43,9,44,9,41,16,44,16,45,12,41,14,42,14,45,15,49,19,53,18,50,23,49,24,52,28,52,30,46,29,49,31,46,29,48,32,45,31,48,32,43,35,46,30,37,28,40,21,37,23,38,16,42,19,43,15,38,12,43,16,45,12,41,12,44,8,45,5,48,2,44,4,43,0,46,1,44,-5,44,-7,42,-9,45,-13,47,-9,51,-17,45,-20,47,-11,45,-15,40,-17,48,-19,45,-25,42,-30,39,-33,42,-34,34,-35,45,-42,43,-39,41,-47,0,0]",1
CSI_DATA,62123,1a:00:00:00:00:00,-36,11,1,0,1,1,1,0,0,0,1,-97,0,11,2,834066733,0,44,0,384,0,"[0,0,0,0,0,0,0,0,0,0,0,0,-9,7,-8,7,-8,7,-8,7,-7,7,-7,7,-7,7,-7,7,-7,6,-6,6,-6,6,-5,6,-4,5,-3,5,-2,5,-1,5,0,6,1,6,2,7,3,8,3,8,3,10,3,10,3,10,3,11,3,11,0,0,3,11,3,11,3,11,3,12,3,12,3,13,2,12,1,12,1,12,1,11,1,11,1,11,1,11,1,11,0,11,0,10,0,10,-1,9,-1,9,-1,8,-1,8,-1,8,-1,7,-1,7,-1,7,-1,7,0,0,0,0,0,0,0,0,0,0,0,0,0,0,69,4,63,10,64,5,58,3,61,0,55,3,52,-4,58,-7,52,-7,54,-2,50,-5,53,-4,50,-9,47,-7,42,-11,38,-8,35,-10,31,-17,28,-15,20,-20,18,-31,18,-33,21,-37,21,-42,21,-42,26,-47,27,-53,27,-52,27,-54,27,-53,27,-60,32,-62,26,-56,28,-65,33,-54,36,-62,34,-59,38,-56,44,-60,38,-56,39,-48,33,-53,38,-52,36,-49,45,-46,33,-46,37,-46,38,-40,35,-39,37,-35,38,-32,34,-29,36,-28,31,-26,31,-28,31,-25,34,-25,0,0,0,0,0,0,0,0,0,0,0,0,0,0,0,0,0,0,0,0,0,0,-39,25,-45,17,-42,20,-41,19,-42,15,-42,18,-45,15,-51,18,-49,17,-49,16,-55,17,-57,10,-56,13,-60,9,-61,9,-55,8,-61,9,-54,6,-56,6,-59,-1,-56,-3,-50,0,-48,0,-49,3,-44,8,-40,7,-44,15,-46,14,-40,12,-46,19,-41,20,-45,19,-40,20,-35,23,-40,26,-38,26,-38,32,-33,29,-34,31,-33,35,-30,37,-25,38,-27,41,-23,46,-30,46,-26,36,-27,45,-23,41,-19,49,-16,45,-14,50,-8,50,-12,55,-9,53,-9,58,-8,70,-6,65,0,0]",1
CSI_DATA,62124,1a:00:00:00:00:00,-36,11,1,0,1,1,1,0,0,0,1,-97,0,11,2,834076041,0,44,0,384,0,"[0,0,0,0,0,0,0,0,0,0,0,0,-11,1,-11,1,-11,2,-11,2,-10,2,-10,2,-10,2,-10,2,-10,2,-9,2,-9,2,-8,2,-7,2,-6,3,-5,3,-4,4,-4,5,-3,5,-3,7,-3,8,-3,8,-4,9,-4,10,-4,10,-5,10,-5,11,0,0,-5,11,-5,11,-5,11,-5,12,-6,11,-6,11,-7,11,-7,10,-7,10,-7,10,-7,10,-7,9,-6,9,-7,9,-7,8,-7,8,-7,7,-7,7,-7,6,-7,6,-7,5,-6,5,-6,5,-6,5,-6,5,-6,5,0,0,0,0,0,0,0,0,0,0,0,0,0,0,49,39,46,32,49,38,48,33,51,28,46,25,50,27,52,26,46,26,50,24,47,19,48,21,44,22,40,15,40,13,41,12,36,8,34,2,31,-1,29,-5,33,-13,33,-16,36,-22,38,-25,38,-30,41,-32,50,-31,51,-31,53,-30,50,-34,53,-34,55,-30,52,-31,59,-34,56,-33,61,-31,62,-30,64,-30,67,-27,62,-24,63,-24,59,-20,58,-22,58,-21,53,-17,55,-16,58,-15,50,-9,53,-10,45,-8,43,-10,44,-3,43,-3,37,-3,41,1,37,-7,38,-2,0,0,0,0,0,0,0,0,0,0,0,0,0,0,0,0,0,0,0,0,0,0,-42,2,-46,3,-41,-2,-43,-3,-40,-2,-46,-1,-44,-7,-47,0,-51,-4,-54,-2,-59,-9,-53,-12,-59,-11,-53,-18,-57,-17,-51,-17,-59,-18,-52,-20,-55,-19,-51,-23,-51,-21,-50,-19,-45,-19,-44,-17,-40,-11,-45,-10,-43,-9,-45,-6,-48,-5,-47,-2,-46,0,-48,-1,-43,1,-43,0,-46,4,-47,2,-45,5,-40,11,-44,13,-42,19,-41,21,-37,19,-44,22,-41,19,-47,26,-45,25,-41,25,-41,28,-36,32,-32,30,-35,39,-31,38,-30,41,-32,42,-31,46,-30,52,-37,52,0,0]",1
CSI_DATA,62125,1a:00:00:00:00:00,-36,11,1,0,1,1,1,0,0,0,1,-97,0,11,2,834096042,0,44,0,384,0,"[0,0,0,0,0,0,0,0,0,0,0,0,9,-3,8,-3,9,-4,8,-4,8,-4,8,-4,8,-4,8,-4,7,-4,7,-4,6,-4,5,-4,5,-4,4,-4,3,-5,2,-6,1,-6,1,-7,0,-8,0,-9,0,-9,0,-10,1,-11,1,-12,1,-12,1,-11,0,0,1,-12,1,-12,1,-12,1,-13,1,-13,2,-13,3,-13,3,-13,3,-12,3,-12,3,-12,3,-12,3,-11,3,-11,4,-11,4,-10,4,-10,4,-9,4,-9,4,-8,4,-8,4,-7,4,-7,3,-7,3,-7,3,-7,0,0,0,0,0,0,0,0,0,0,0,0,0,0,-52,-26,-49,-25,-50,-26,-52,-22,-53,-22,-53,-18,-48,-16,-51,-13,-45,-11,-50,-10,-49,-7,-48,-10,-45,-11,-44,-4,-38,-7,-38,6,-35,3,-30,6,-29,10,-26,14,-27,18,-24,24,-23,33,-28,37,-34,41,-33,42,-40,45,-35,45,-42,45,-41,46,-39,45,-44,51,-41,47,-44,53,-43,48,-51,52,-48,47,-50,49,-51,47,-55,46,-51,39,-49,45,-52,40,-50,43,-51,38,-51,38,-51,29,-48,32,-48,29,-48,23,-46,19,-39,18,-37,20,-39,15,-39,23,-37,18,-39,18,0,0,0,0,0,0,0,0,0,0,0,0,0,0,0,0,0,0,0,0,0,0,40,1,39,5,41,1,41,4,37,5,41,4,43,3,49,3,51,4,48,4,56,8,60,12,58,13,55,13,53,13,54,16,54,17,50,13,52,15,49,18,48,19,48,23,43,14,43,11,40,12,41,7,44,6,46,3,41,1,47,0,44,2,47,-1,44,-1,42,-6,41,-6,41,-7,47,-11,42,-12,42,-16,39,-22,40,-22,35,-24,37,-30,39,-30,39,-32,37,-36,38,-34,36,-34,34,-37,33,-41,29,-40,32,-45,30,-42,29,-46,31,-51,26,-54,31,-48,0,0]",1
CSI_DATA,62126,1a:00:00:00:00:00,-36,11,1,0,1,1,1,0,0,0,1,-97,0,11,2,834106029,0,44,0,384,0,"[0,0,0,0,0,0,0,0,0,0,0,0,4,8,5,8,5,8,5,7,5,7,5,7,5,7,5,7,5,6,4,5,4,5,4,4,4,4,4,2,4,1,5,0,5,-1,6,-1,7,-2,8,-3,9,-3,10,-3,10,-3,11,-3,11,-2,11,-2,0,0,12,-2,12,-2,12,-2,13,-3,13,-2,13,-2,13,-1,13,-1,12,0,12,0,12,0,12,0,12,0,11,0,11,1,11,1,10,1,10,1,9,2,8,2,8,2,8,2,7,2,7,1,7,1,7,2,0,0,0,0,0,0,0,0,0,0,0,0,0,0,27,-51,23,-51,25,-51,19,-51,18,-55,16,-50,9,-49,12,-53,11,-50,11,-46,5,-48,7,-48,9,-49,5,-40,4,-36,-1,-39,-3,-35,-4,-27,-15,-29,-16,-25,-20,-29,-27,-22,-35,-25,-35,-29,-41,-28,-44,-33,-48,-28,-52,-35,-48,-38,-51,-35,-52,-39,-51,-38,-48,-37,-49,-37,-53,-40,-56,-40,-56,-41,-53,-49,-53,-51,-53,-52,-48,-48,-45,-50,-49,-47,-53,-43,-40,-46,-40,-45,-39,-45,-36,-44,-30,-47,-27,-45,-23,-46,-24,-41,-20,-42,-19,-38,-26,-35,-22,-30,-20,-36,0,0,0,0,0,0,0,0,0,0,0,0,0,0,0,0,0,0,0,0,0,0,-4,40,-9,43,-9,42,-3,41,-12,44,-6,41,-9,39,-6,45,-7,48,-12,52,-13,51,-14,52,-20,54,-20,56,-25,52,-18,49,-20,51,-25,55,-19,51,-23,51,-25,48,-23,48,-19,41,-17,43,-16,40,-10,41,-7,49,-8,45,-6,45,-5,49,-2,46,-4,40,-2,42,0,43,6,43,6,43,7,42,10,42,14,42,17,36,21,41,25,35,23,39,29,38,28,44,22,38,29,41,30,35,34,37,34,35,36,30,40,33,40,32,44,26,49,26,48,28,46,35,0,0]",1
CSI_DATA,62127,1a:00:00:00:00:00,-36,11,1,0,1,1,1,0,0,0,1,-97,0,11,2,834116015,0,44,0,384,0,"[0,0,0,0,0,0,0,0,0,0,0,0,-8,6,-7,6,-7,6,-7,6,-7,6,-6,6,-6,6,-6,6,-6,5,-5,5,-5,5,-4,5,-3,5,-2,5,-1,5,0,5,1,5,2,6,3,6,3,7,4,8,4,9,4,9,4,10,4,10,4,10,0,0,4,11,4,11,4,11,5,11,4,11,4,12,3,12,3,12,2,12,2,12,2,11,2,11,2,11,2,11,1,10,1,10,1,10,0,9,0,9,-1,8,-1,8,0,8,0,7,0,7,0,7,-1,7,0,0,0,0,0,0,0,0,0,0,0,0,0,0,54,17,54,9,52,9,49,11,53,9,52,4,51,4,50,4,49,0,46,-2,48,-2,44,-1,45,-3,40,-2,38,-7,36,-7,29,-10,28,-16,24,-21,21,-26,21,-26,17,-32,15,-39,18,-43,19,-44,20,-50,23,-50,27,-56,30,-52,29,-55,30,-55,37,-59,27,-57,29,-63,31,-60,36,-66,38,-62,37,-57,37,-59,37,-55,41,-45,41,-47,43,-48,47,-51,41,-50,39,-43,42,-45,40,-44,37,-36,39,-33,33,-36,36,-29,32,-27,34,-25,32,-26,35,-26,30,-25,0,0,0,0,0,0,0,0,0,0,0,0,0,0,0,0,0,0,0,0,0,0,-46,6,-44,5,-43,6,-41,3,-41,4,-41,7,-44,6,-47,12,-52,9,-55,7,-60,2,-53,-3,-57,-6,-61,-3,-57,-5,-57,-4,-53,-3,-57,-4,-54,-6,-53,-11,-54,-7,-55,-5,-47,-4,-47,-5,-47,-1,-48,3,-49,3,-46,2,-44,6,-47,11,-45,8,-46,11,-41,14,-41,15,-41,16,-40,18,-41,19,-40,21,-38,23,-34,25,-34,32,-30,31,-34,36,-37,33,-31,38,-26,43,-36,39,-31,39,-30,41,-25,38,-29,41,-19,39,-17,45,-11,49,-15,51,-19,56,-22,58,0,0]",1
CSI_DATA,62128,1a:00:00:00:00:00,-36,11,1,0,1,1,1,0,0,0,1,-97,0,11,2,834136045,0,44,0,384,0,"[0,0,0,0,0,0,0,0,0,0,0,0,6,-8,5,-8,5,-8,5,-8,5,-8,5,-8,4,-8,4,-7,4,-7,3,-7,3,-7,2,-7,1,-6,0,-6,-1,-6,-2,-6,-2,-6,-3,-6,-4,-7,-5,-8,-6,-8,-6,-9,-6,-10,-6,-10,-6,-11,-6,-11,0,0,-6,-11,-6,-11,-6,-11,-6,-12,-6,-12,-6,-12,-5,-13,-5,-12,-4,-12,-4,-12,-4,-12,-4,-11,-4,-11,-4,-11,-3,-11,-3,-11,-3,-11,-2,-10,-2,-10,-1,-9,-1,-9,-1,-8,-1,-8,-2,-8,-1,-8,-1,-8,0,0,0,0,0,0,0,0,0,0,0,0,0,0,-55,-8,-53,-9,-55,-11,-53,-7,-50,-2,-51,-5,-44,-1,-51,-1,-47,2,-53,2,-50,1,-46,3,-47,5,-38,5,-41,7,-35,6,-32,14,-28,16,-28,17,-18,21,-23,30,-16,32,-14,37,-17,44,-20,46,-20,54,-27,56,-24,56,-25,58,-29,59,-22,59,-25,59,-25,59,-24,60,-25,62,-27,64,-31,63,-34,65,-38,57,-39,57,-37,53,-33,53,-38,55,-34,51,-32,49,-32,52,-34,44,-35,43,-39,40,-32,37,-36,34,-30,36,-28,27,-31,29,-26,31,-24,28,-29,26,0,0,0,0,0,0,0,0,0,0,0,0,0,0,0,0,0,0,0,0,0,0,42,-3,44,0,41,-1,40,-2,46,0,42,0,44,2,51,-5,53,-4,54,0,56,8,58,4,58,5,56,7,55,5,54,8,57,6,55,11,53,9,55,12,51,11,51,10,49,9,45,8,44,3,44,2,47,-3,46,2,44,-6,50,-8,45,-7,49,-11,45,-8,42,-13,42,-15,43,-15,36,-18,39,-24,38,-21,34,-22,39,-29,29,-32,38,-34,34,-39,33,-35,29,-35,31,-38,29,-40,29,-37,26,-38,23,-41,18,-45,22,-48,12,-44,15,-48,13,-53,14,-54,0,0]",1
CSI_DATA,62129,1a:00:00:00:00:00,-36,11,1,0,1,1,1,0,0,0,1,-97,0,11,2,834146030,0,44,0,384,0,"[0,0,0,0,0,0,0,0,0,0,0,0,8,5,7,4,8,4,8,4,8,4,8,3,8,3,7,3,7,3,7,2,6,1,6,1,5,0,5,-1,5,-1,5,-3,5,-4,5,-5,5,-5,6,-6,7,-7,7,-7,8,-8,8,-8,9,-8,9,-8,0,0,9,-8,9,-8,9,-8,10,-9,10,-8,11,-8,11,-7,11,-7,10,-7,10,-6,10,-7,10,-6,9,-6,9,-5,10,-5,9,-5,9,-4,8,-4,8,-3,8,-3,7,-3,7,-3,7,-3,6,-3,6,-3,6,-3,0,0,0,0,0,0,0,0,0,0,0,0,0,0,-3,-64,1,-56,-4,-54,-8,-56,-7,-53,-6,-51,-7,-52,-8,-49,-11,-46,-12,-46,-12,-44,-15,-45,-13,-46,-16,-35,-19,-39,-17,-34,-24,-31,-23,-21,-27,-24,-26,-16,-35,-13,-37,-9,-40,-8,-44,-10,-51,-9,-57,-9,-62,-14,-62,-13,-63,-13,-61,-10,-63,-11,-67,-14,-60,-14,-68,-12,-63,-14,-73,-17,-64,-25,-69,-24,-65,-30,-64,-25,-58,-25,-61,-25,-62,-27,-56,-22,-57,-28,-54,-26,-49,-26,-48,-27,-46,-28,-39,-32,-38,-30,-35,-28,-37,-25,-35,-24,-30,-22,-31,-19,-33,-27,0,0,0,0,0,0,0,0,0,0,0,0,0,0,0,0,0,0,0,0,0,0,18,41,16,43,17,42,12,45,14,39,12,41,15,44,17,48,18,47,14,50,12,53,9,53,11,57,13,57,9,55,9,51,12,53,10,51,6,58,7,57,4,52,5,49,6,49,8,43,7,42,12,46,16,42,12,46,14,40,15,40,15,37,20,39,22,40,21,39,23,36,27,33,28,31,26,33,31,31,31,27,35,27,38,25,42,24,40,21,45,24,46,26,41,24,44,24,43,22,39,15,50,15,47,10,50,3,51,6,54,2,54,-2,49,3,0,0]",1
CSI_DATA,62130,1a:00:00:00:00:00,-36,11,1,0,1,1,1,0,0,0,1,-97,0,11,2,834176038,0,44,0,384,0,"[0,0,0,0,0,0,0,0,0,0,0,0,3,-10,2,-10,2,-10,2,-10,2,-9,1,-9,2,-9,1,-9,1,-9,1,-8,0,-8,0,-7,-1,-7,-2,-6,-2,-5,-3,-5,-4,-4,-5,-5,-7,-5,-8,-5,-8,-6,-9,-7,-9,-7,-10,-7,-10,-8,-10,-8,0,0,-10,-8,-10,-8,-11,-8,-11,-9,-11,-9,-11,-10,-10,-10,-10,-10,-9,-10,-9,-10,-9,-10,-8,-10,-8,-10,-8,-10,-7,-10,-7,-10,-6,-10,-6,-9,-5,-9,-5,-9,-4,-8,-4,-8,-4,-8,-4,-7,-4,-7,-4,-7,0,0,0,0,0,0,0,0,0,0,0,0,0,0,-63,8,-61,3,-56,4,-51,7,-60,8,-53,13,-49,12,-48,13,-52,15,-42,15,-46,13,-40,13,-43,15,-35,15,-33,15,-33,20,-27,21,-20,23,-16,25,-15,24,-9,25,-6,32,-7,41,-5,44,-2,45,-3,53,-6,55,-8,58,-6,62,-8,64,-4,65,-9,65,-12,62,-9,68,-9,65,-10,67,-16,68,-18,66,-19,69,-25,66,-20,64,-18,63,-17,64,-20,61,-21,60,-21,54,-25,55,-24,52,-24,47,-29,38,-26,41,-28,36,-21,38,-23,37,-22,36,-19,31,-26,32,0,0,0,0,0,0,0,0,0,0,0,0,0,0,0,0,0,0,0,0,0,0,35,-29,39,-24,37,-22,42,-19,33,-20,41,-17,39,-19,41,-19,47,-22,48,-27,50,-21,49,-22,54,-21,55,-19,50,-19,54,-16,55,-17,53,-17,57,-16,54,-12,59,-11,53,-9,50,-13,42,-10,40,-14,43,-15,39,-19,44,-20,38,-21,39,-22,37,-22,36,-26,36,-22,37,-27,32,-28,33,-27,28,-30,26,-31,26,-37,20,-38,23,-38,17,-40,21,-43,15,-48,20,-45,18,-48,18,-46,18,-47,11,-49,12,-46,9,-46,-1,-49,1,-50,1,-50,-4,-57,-3,-53,-11,-59,0,0]",1
CSI_DATA,62131,1a:00:00:00:00:00,-36,11,1,0,1,1,1,0,0,0,1,-97,0,11,2,834186024,0,44,0,384,0,"[0,0,0,0,0,0,0,0,0,0,0,0,9,1,9,0,9,0,9,0,9,-1,9,-1,9,-1,8,-1,8,-1,7,-1,7,-1,6,-2,5,-2,5,-3,4,-3,3,-4,3,-5,2,-6,2,-7,2,-9,3,-9,3,-10,4,-11,4,-11,4,-11,4,-11,0,0,5,-12,5,-12,4,-12,5,-13,5,-12,6,-13,7,-12,7,-11,7,-11,7,-11,6,-11,6,-10,6,-10,7,-9,7,-9,7,-9,7,-9,6,-8,7,-7,6,-7,6,-6,5,-6,5,-6,5,-6,5,-6,5,-5,0,0,0,0,0,0,0,0,0,0,0,0,0,0,-30,-51,-30,-52,-36,-45,-32,-44,-33,-42,-37,-42,-30,-33,-36,-39,-35,-33,-34,-35,-41,-31,-35,-29,-36,-32,-35,-29,-34,-21,-32,-21,-32,-17,-27,-14,-32,-11,-25,4,-35,6,-35,9,-40,12,-43,24,-47,24,-52,26,-49,29,-56,30,-56,25,-57,24,-57,25,-62,28,-58,25,-65,31,-63,27,-68,28,-66,25,-65,23,-70,21,-70,19,-63,18,-62,14,-61,13,-65,19,-67,17,-61,14,-59,7,-61,7,-56,6,-47,1,-47,1,-46,3,-45,-1,-48,0,-38,2,-40,4,-40,1,0,0,0,0,0,0,0,0,0,0,0,0,0,0,0,0,0,0,0,0,0,0,34,25,36,30,34,34,31,33,31,31,28,30,31,31,27,33,35,32,32,31,37,41,35,42,34,45,29,44,34,52,33,44,35,53,29,50,33,53,28,44,25,46,27,48,25,44,24,40,24,34,28,36,34,32,32,34,29,32,35,31,32,27,37,32,40,21,37,20,40,18,36,20,38,20,41,14,43,13,43,10,50,6,48,-3,51,-4,50,0,51,-4,50,-5,52,-4,48,-7,49,-6,46,-10,49,-11,49,-17,48,-15,42,-27,44,-28,51,-26,54,-28,0,0]",1
CSI_DATA,62132,1a:00:00:00:00:00,-37,11,1,0,1,1,1,0,0,0,1,-97,0,11,2,834206028,0,44,0,384,0,"[0,0,0,0,0,0,0,0,0,0,0,0,-9,3,-9,3,-9,4,-8,4,-9,4,-8,4,-8,4,-8,4,-8,4,-7,4,-7,4,-6,4,-5,3,-4,4,-3,4,-2,4,-1,5,-1,6,0,7,1,8,1,9,1,9,1,10,1,11,1,11,0,11,0,0,0,12,0,12,0,12,0,12,0,13,-1,13,-1,13,-2,12,-2,12,-2,12,-2,11,-2,11,-2,11,-2,10,-3,10,-3,10,-3,9,-3,9,-3,8,-3,8,-3,7,-3,7,-3,7,-2,6,-3,7,-3,6,0,0,0,0,0,0,0,0,0,0,0,0,0,0,45,34,46,34,43,23,40,28,44,25,42,22,45,22,49,17,44,11,48,16,46,12,50,13,39,16,41,10,38,11,34,9,34,5,31,-1,28,-5,25,-13,28,-18,26,-23,26,-30,33,-33,31,-39,37,-39,41,-40,38,-41,42,-44,45,-43,45,-43,49,-46,46,-42,45,-52,52,-49,56,-45,54,-46,67,-45,59,-43,59,-39,59,-33,54,-35,61,-32,52,-30,54,-34,51,-32,53,-24,52,-26,48,-24,47,-18,44,-21,40,-17,41,-14,39,-17,38,-18,39,-15,37,-16,0,0,0,0,0,0,0,0,0,0,0,0,0,0,0,0,0,0,0,0,0,0,-46,-9,-50,-11,-43,-17,-44,-14,-43,-16,-41,-13,-41,-13,-48,-13,-51,-18,-55,-19,-53,-14,-50,-21,-55,-24,-54,-25,-56,-32,-50,-30,-51,-29,-51,-30,-52,-30,-49,-32,-47,-33,-48,-28,-41,-29,-42,-27,-43,-22,-43,-19,-44,-20,-45,-16,-45,-12,-50,-14,-47,-4,-48,-3,-47,-8,-42,-4,-44,-3,-43,5,-41,2,-44,8,-43,9,-39,9,-47,13,-41,14,-42,19,-47,24,-46,24,-42,19,-42,25,-43,24,-42,28,-42,29,-41,28,-39,33,-40,38,-35,34,-38,40,-38,39,-32,44,0,0]",1
CSI_DATA,62133,1a:00:00:00:00:00,-37,11,1,0,1,1,1,0,0,0,1,-97,0,11,2,834216016,0,44,0,384,0,"[0,0,0,0,0,0,0,0,0,0,0,0,-6,-8,-7,-8,-7,-7,-7,-7,-7,-7,-7,-7,-7,-7,-7,-7,-7,-6,-6,-6,-6,-6,-6,-5,-6,-4,-5,-3,-5,-2,-6,-1,-6,0,-6,1,-7,2,-8,3,-9,3,-10,3,-11,3,-11,4,-12,3,-12,3,0,0,-12,3,-13,3,-13,3,-13,3,-14,3,-14,2,-14,1,-14,1,-13,1,-13,0,-13,0,-12,0,-12,0,-11,0,-11,0,-11,-1,-11,-1,-10,-1,-10,-1,-9,-1,-9,-2,-8,-1,-8,-1,-8,-1,-8,-1,-8,-1,0,0,0,0,0,0,0,0,0,0,0,0,0,0,-14,57,-9,49,-10,47,-5,52,-5,47,-1,49,-1,49,0,53,3,46,3,46,5,43,-1,48,2,41,2,37,4,36,4,34,11,31,17,30,13,21,19,19,27,14,29,16,39,12,40,13,45,17,54,17,51,20,54,22,58,27,61,25,54,24,61,29,55,27,63,30,61,30,64,34,61,36,58,38,59,44,54,39,54,39,47,38,48,44,50,40,49,37,40,37,43,38,37,39,33,36,29,36,31,32,28,30,31,34,31,29,27,27,28,29,26,26,0,0,0,0,0,0,0,0,0,0,0,0,0,0,0,0,0,0,0,0,0,0,-15,-42,-14,-45,-10,-43,-11,-48,-9,-47,-11,-44,-10,-45,-14,-50,-12,-51,-15,-55,-8,-55,-9,-59,-7,-62,-5,-61,-1,-63,-3,-60,-2,-63,0,-60,0,-62,5,-56,4,-55,6,-53,3,-50,0,-45,-3,-45,-4,-46,-8,-46,-7,-48,-10,-45,-11,-45,-10,-40,-15,-44,-15,-44,-16,-41,-18,-41,-24,-38,-21,-36,-23,-36,-27,-34,-31,-29,-38,-32,-40,-28,-37,-35,-42,-28,-40,-30,-42,-30,-45,-29,-43,-29,-46,-25,-47,-29,-46,-23,-53,-20,-51,-19,-50,-13,-50,-13,-58,-17,-49,-14,0,0]",1
CSI_DATA,62134,1a:00:00:00:00:00,-37,11,1,0,1,1,1,0,0,0,1,-97,0,11,2,834226030,0,44,0,384,0,"[0,0,0,0,0,0,0,0,0,0,0,0,5,-8,5,-8,5,-8,5,-8,4,-8,4,-8,4,-8,4,-8,4,-7,4,-7,3,-7,2,-6,2,-6,1,-6,0,-5,-1,-5,-2,-5,-3,-6,-5,-6,-5,-7,-6,-7,-6,-8,-6,-9,-7,-9,-7,-10,-7,-10,0,0,-7,-11,-7,-11,-7,-11,-7,-11,-7,-12,-6,-12,-6,-12,-5,-12,-5,-12,-4,-11,-4,-11,-4,-11,-4,-11,-4,-11,-3,-10,-3,-10,-3,-10,-3,-9,-2,-9,-2,-8,-2,-8,-2,-8,-2,-7,-2,-7,-2,-7,-2,-7,0,0,0,0,0,0,0,0,0,0,0,0,0,0,-54,-17,-58,-15,-55,-19,-53,-10,-51,-9,-48,-4,-48,-4,-52,-3,-48,1,-52,1,-45,-2,-46,-7,-46,3,-42,2,-42,4,-39,7,-31,7,-28,9,-25,14,-18,16,-15,30,-17,28,-12,31,-19,40,-19,41,-20,45,-24,47,-22,55,-20,56,-24,54,-25,59,-30,63,-26,57,-22,65,-28,64,-33,63,-36,61,-39,57,-39,55,-42,56,-38,49,-34,49,-41,49,-36,53,-37,45,-35,44,-37,46,-35,44,-34,38,-33,29,-37,31,-32,31,-34,26,-26,24,-26,27,-24,27,-29,29,0,0,0,0,0,0,0,0,0,0,0,0,0,0,0,0,0,0,0,0,0,0,47,-6,48,2,47,-1,49,5,46,2,48,2,46,2,47,0,57,1,50,-1,57,-2,56,-1,61,5,61,7,60,12,55,13,55,13,54,14,55,11,56,13,56,13,52,16,51,10,51,8,47,9,45,4,47,2,51,2,44,0,47,-1,39,-6,42,-8,37,-3,48,-9,41,-12,42,-14,41,-16,40,-21,38,-23,33,-30,37,-28,33,-33,35,-31,35,-38,32,-42,32,-32,35,-40,28,-45,33,-42,27,-40,31,-39,26,-45,25,-51,22,-44,26,-54,17,-56,24,-49,0,0]",1
CSI_DATA,62135,1a:00:00:00:00:00,-37,11,1,0,1,1,1,0,0,0,1,-97,0,11,2,834246011,0,44,0,384,0,"[0,0,0,0,0,0,0,0,0,0,0,0,-2,9,-2,9,-2,9,-2,9,-1,9,-1,9,-1,9,-2,8,-1,8,-1,8,-1,7,-1,6,0,6,0,5,1,4,2,4,3,3,4,3,5,3,6,3,7,4,8,4,9,5,9,5,9,6,9,5,0,0,9,6,10,6,9,6,10,7,10,7,10,8,9,8,9,8,8,8,8,8,8,8,7,8,7,7,7,7,6,7,6,7,6,8,5,7,5,7,4,7,4,7,4,6,4,6,4,5,4,6,3,6,0,0,0,0,0,0,0,0,0,0,0,0,0,0,46,-32,48,-32,44,-30,42,-33,39,-32,38,-37,35,-33,34,-33,35,-37,35,-34,31,-34,32,-38,29,-33,24,-33,26,-32,21,-28,14,-29,10,-28,8,-26,1,-25,-3,-25,-9,-31,-14,-32,-18,-39,-23,-40,-25,-48,-19,-55,-27,-55,-24,-53,-26,-56,-24,-59,-26,-56,-25,-59,-26,-59,-24,-63,-21,-61,-24,-67,-15,-68,-16,-67,-17,-63,-9,-67,-8,-61,-7,-64,-11,-58,-8,-55,-12,-55,-5,-54,-4,-55,-3,-52,-3,-49,3,-48,-3,-44,0,-39,-1,-41,-1,-38,-3,-37,-3,-39,0,0,0,0,0,0,0,0,0,0,0,0,0,0,0,0,0,0,0,0,0,0,-15,42,-21,40,-22,39,-27,40,-26,35,-22,36,-23,40,-27,42,-29,45,-30,46,-32,48,-32,46,-42,48,-41,44,-44,42,-37,45,-39,42,-38,42,-44,42,-45,38,-43,36,-38,41,-40,39,-38,35,-34,35,-31,40,-27,39,-29,44,-30,40,-23,41,-25,38,-20,40,-19,42,-15,44,-14,42,-14,46,-8,47,-7,45,-9,47,1,45,3,43,4,50,6,50,6,53,8,55,3,52,10,53,9,52,11,51,14,51,18,50,19,49,20,48,18,49,27,54,25,50,25,50,0,0]",1
CSI_DATA,62136,1a:00:00:00:00:00,-37,11,1,0,1,1,1,0,0,0,1,-97,0,11,2,834256043,0,44,0,384,0,"[0,0,0,0,0,0,0,0,0,0,0,0,-10,-2,-10,-2,-10,-2,-10,-1,-10,-1,-10,-1,-9,-1,-9,-1,-9,-1,-8,-1,-8,-1,-7,0,-6,0,-6,1,-5,1,-4,2,-4,3,-4,5,-3,5,-4,6,-4,7,-4,8,-5,9,-5,9,-6,9,-6,9,0,0,-6,9,-6,10,-6,9,-7,10,-7,10,-7,10,-8,9,-8,9,-8,9,-8,8,-8,8,-8,8,-8,8,-8,7,-8,7,-8,7,-7,6,-7,6,-8,5,-7,5,-7,5,-7,4,-7,4,-6,4,-6,4,-6,4,0,0,0,0,0,0,0,0,0,0,0,0,0,0,17,51,15,51,16,56,17,48,16,46,20,49,23,40,23,47,23,44,24,44,19,41,25,40,21,38,22,28,20,30,22,25,25,24,21,16,26,14,28,8,30,8,30,-1,35,-4,39,-4,41,-9,49,-4,48,-5,55,-4,54,-4,61,-5,58,-4,63,1,57,-2,66,-3,62,-2,64,0,64,1,66,9,64,5,63,11,62,13,60,6,60,14,60,12,54,15,54,14,52,17,51,15,48,15,43,13,42,19,37,18,36,13,35,15,35,15,34,15,38,17,0,0,0,0,0,0,0,0,0,0,0,0,0,0,0,0,0,0,0,0,0,0,-41,-18,-37,-24,-33,-24,-37,-27,-37,-26,-37,-25,-39,-23,-38,-29,-39,-37,-42,-29,-44,-34,-40,-38,-48,-40,-39,-41,-43,-44,-37,-42,-36,-42,-37,-39,-40,-42,-36,-44,-33,-45,-34,-45,-31,-40,-32,-39,-29,-38,-35,-35,-35,-33,-36,-31,-38,-26,-40,-31,-36,-24,-41,-27,-41,-22,-40,-21,-43,-20,-43,-20,-41,-18,-40,-15,-48,-15,-50,-10,-48,-8,-45,-9,-53,-5,-54,-4,-54,-4,-50,-1,-53,-2,-55,-4,-55,0,-53,1,-55,5,-54,7,-51,12,-55,7,-57,14,-58,12,-56,12,0,0]",1
CSI_DATA,62137,1a:00:00:00:00:00,-37,11,1,0,1,1,1,0,0,0,1,-97,0,11,2,834266021,0,44,0,384,0,"[0,0,0,0,0,0,0,0,0,0,0,0,0,-10,-1,-10,-1,-10,-1,-10,-1,-10,-1,-10,-1,-10,-1,-9,-1,-9,-2,-8,-2,-8,-2,-7,-2,-6,-3,-5,-3,-5,-4,-4,-5,-3,-6,-3,-7,-2,-8,-2,-9,-3,-10,-3,-10,-3,-11,-4,-12,-4,-11,-4,0,0,-11,-5,-12,-4,-12,-5,-12,-5,-12,-5,-12,-6,-12,-6,-12,-6,-11,-6,-11,-6,-11,-6,-11,-6,-10,-6,-10,-6,-9,-6,-9,-6,-9,-6,-8,-6,-8,-6,-7,-6,-7,-6,-6,-6,-7,-5,-6,-5,-6,-5,-6,-5,0,0,0,0,0,0,0,0,0,0,0,0,0,0,-55,30,-48,31,-45,33,-44,35,-43,35,-42,33,-42,28,-41,38,-36,34,-39,39,-32,35,-35,33,-28,35,-27,29,-29,29,-24,32,-19,24,-10,27,-10,24,-1,23,5,32,10,30,17,35,19,38,22,42,24,46,26,50,24,52,22,56,25,58,21,55,20,61,21,51,26,58,22,54,23,66,22,62,19,65,17,68,15,62,15,61,17,60,11,60,15,59,8,56,9,58,4,60,8,51,4,50,3,49,0,46,4,46,1,39,0,43,-2,38,2,37,-4,42,0,0,0,0,0,0,0,0,0,0,0,0,0,0,0,0,0,0,0,0,0,0,15,-43,20,-38,18,-41,21,-41,22,-38,20,-39,17,-41,21,-38,21,-43,23,-50,28,-51,30,-50,31,-49,32,-50,33,-46,29,-48,34,-47,39,-43,38,-47,38,-46,40,-42,36,-40,34,-34,29,-37,27,-38,21,-38,26,-40,23,-38,17,-42,19,-45,16,-44,16,-42,14,-43,13,-44,12,-48,10,-44,8,-45,4,-48,1,-46,-1,-48,-7,-50,-7,-48,-8,-55,-13,-52,-15,-55,-11,-58,-18,-57,-13,-55,-15,-57,-19,-52,-15,-52,-22,-48,-24,-52,-22,-46,-30,-49,-31,-51,-31,-51,0,0]",1
CSI_DATA,62138,1a:00:00:00:00:00,-37,11,1,0,1,1,1,0,0,0,1,-97,0,11,2,834286033,0,44,0,384,0,"[0,0,0,0,0,0,0,0,0,0,0,0,-1,9,0,9,0,9,0,9,0,9,1,9,0,8,1,8,0,8,1,7,1,7,1,6,1,5,2,4,3,4,3,3,4,2,5,1,6,1,7,1,8,1,9,1,10,2,11,2,11,2,11,2,0,0,11,3,11,3,12,3,11,3,12,3,12,4,12,5,12,5,11,5,10,5,10,4,10,5,10,5,10,5,9,5,9,5,8,5,8,5,7,5,6,5,6,5,6,5,6,4,6,4,6,4,6,4,0,0,0,0,0,0,0,0,0,0,0,0,0,0,56,-30,46,-26,47,-29,47,-30,44,-37,44,-34,37,-36,36,-36,38,-33,37,-34,32,-40,31,-34,26,-33,27,-32,24,-37,27,-28,15,-27,14,-32,6,-28,-2,-29,-10,-28,-14,-29,-16,-39,-23,-41,-25,-44,-27,-47,-27,-52,-27,-53,-30,-58,-29,-60,-26,-61,-29,-61,-27,-60,-31,-55,-28,-67,-29,-67,-23,-64,-22,-66,-18,-68,-24,-67,-17,-69,-14,-67,-17,-66,-17,-63,-15,-60,-14,-64,-11,-57,-9,-59,-6,-55,-5,-50,-4,-45,-6,-47,-5,-47,1,-42,-4,-39,-4,-43,-2,-42,0,0,0,0,0,0,0,0,0,0,0,0,0,0,0,0,0,0,0,0,0,0,-32,34,-34,31,-36,29,-34,28,-37,28,-32,26,-32,29,-30,33,-34,36,-37,36,-41,34,-42,34,-43,34,-46,30,-44,28,-47,35,-46,37,-48,32,-46,29,-48,29,-47,29,-49,25,-41,24,-39,24,-38,26,-29,29,-36,30,-34,38,-29,35,-30,39,-30,37,-26,36,-24,38,-21,34,-18,42,-20,45,-13,41,-12,46,-13,41,-9,48,-2,50,1,55,-3,51,-1,56,5,53,8,59,5,55,2,55,6,55,6,52,10,55,11,51,14,51,17,51,18,58,19,55,16,48,0,0]",1
CSI_DATA,62139,1a:00:00:00:00:00,-37,11,1,0,1,1,1,0,0,0,1,-97,0,11,2,834296035,0,44,0,384,0,"[0,0,0,0,0,0,0,0,0,0,0,0,-10,0,-10,0,-9,0,-9,1,-9,1,-9,1,-9,1,-9,1,-8,1,-8,1,-7,1,-7,2,-6,2,-5,2,-4,3,-3,4,-2,4,-2,6,-1,7,-1,8,-1,9,-1,10,-2,10,-2,11,-3,11,-3,11,0,0,-3,12,-3,12,-3,12,-3,12,-4,12,-4,12,-5,12,-5,12,-5,12,-5,11,-5,11,-5,10,-5,10,-5,10,-5,9,-5,9,-5,9,-5,8,-5,8,-5,7,-5,7,-5,6,-4,6,-4,6,-4,6,-4,6,0,0,0,0,0,0,0,0,0,0,0,0,0,0,34,42,31,46,36,41,34,35,34,34,39,36,37,32,39,32,35,28,36,27,38,24,38,26,34,21,39,19,35,16,29,11,27,7,29,4,29,-1,27,-5,28,-12,29,-18,29,-24,32,-29,35,-33,43,-34,44,-35,49,-38,50,-36,53,-38,54,-40,54,-41,57,-37,56,-46,56,-41,59,-42,59,-38,64,-36,63,-37,59,-32,62,-30,59,-29,60,-27,56,-29,56,-25,56,-25,57,-18,53,-19,52,-19,44,-16,48,-15,43,-10,37,-11,40,-16,35,-12,40,-15,40,-11,0,0,0,0,0,0,0,0,0,0,0,0,0,0,0,0,0,0,0,0,0,0,-32,-28,-32,-35,-27,-34,-29,-34,-27,-29,-29,-30,-27,-31,-34,-28,-35,-31,-37,-32,-39,-40,-39,-40,-37,-42,-37,-43,-35,-42,-31,-40,-35,-46,-32,-45,-37,-46,-29,-46,-32,-47,-32,-42,-30,-36,-35,-34,-31,-35,-32,-34,-36,-30,-37,-29,-39,-29,-37,-27,-38,-21,-41,-23,-40,-18,-42,-16,-44,-14,-46,-15,-47,-8,-46,-10,-52,-6,-49,2,-53,3,-48,5,-54,3,-53,3,-58,9,-51,3,-56,11,-56,7,-51,10,-54,14,-54,14,-52,11,-51,23,-50,19,-48,27,-48,29,-45,28,0,0]",1
CSI_DATA,62140,1a:00:00:00:00:00,-37,11,1,0,1,1,1,0,0,0,1,-97,0,11,2,834306046,0,44,0,384,0,"[0,0,0,0,0,0,0,0,0,0,0,0,-1,-10,-2,-9,-2,-9,-2,-9,-3,-9,-3,-9,-3,-8,-3,-8,-3,-8,-3,-7,-3,-7,-4,-6,-4,-5,-4,-4,-4,-3,-5,-2,-6,-1,-7,-1,-8,0,-9,0,-10,0,-11,0,-12,-1,-12,-1,-13,-1,-13,-1,0,0,-13,-2,-13,-1,-14,-1,-14,-1,-14,-2,-14,-2,-14,-3,-14,-3,-13,-4,-13,-4,-13,-3,-12,-4,-12,-4,-11,-4,-11,-4,-11,-4,-10,-4,-10,-4,-9,-4,-8,-4,-8,-4,-8,-3,-8,-4,-7,-3,-7,-3,-7,-3,0,0,0,0,0,0,0,0,0,0,0,0,0,0,-45,30,-40,32,-40,31,-37,33,-32,34,-35,41,-32,34,-28,41,-24,33,-22,42,-22,35,-21,35,-19,36,-14,34,-11,33,-12,26,-4,26,0,26,2,29,12,23,13,28,25,25,32,32,32,30,38,37,37,41,40,44,41,47,37,49,43,53,46,54,43,55,39,50,41,56,42,52,42,57,40,57,37,61,33,59,35,65,33,57,29,58,29,60,31,56,31,59,25,51,24,54,20,48,16,48,16,40,15,46,13,39,15,41,13,38,14,40,12,37,12,37,0,0,0,0,0,0,0,0,0,0,0,0,0,0,0,0,0,0,0,0,0,0,26,-36,32,-33,31,-33,33,-31,24,-28,27,-28,25,-31,29,-35,30,-39,29,-38,34,-34,35,-40,37,-39,37,-39,44,-36,34,-35,39,-42,38,-36,41,-42,43,-34,41,-33,42,-32,36,-29,33,-31,33,-31,25,-34,25,-37,27,-39,21,-37,23,-39,19,-37,18,-39,13,-38,14,-40,11,-38,7,-42,7,-42,6,-45,-1,-44,-3,-49,-6,-49,-11,-48,-9,-55,-17,-56,-10,-59,-18,-50,-12,-57,-13,-52,-14,-54,-13,-53,-17,-50,-21,-48,-26,-47,-23,-46,-29,-49,-31,-46,-32,-49,0,0]",1
CSI_DATA,62141,1a:00:00:00:00:00,-37,11,1,0,1,1,1,0,0,0,1,-97,0,11,2,834316029,0,44,0,384,0,"[0,0,0,0,0,0,0,0,0,0,0,0,9,-1,8,-2,8,-2,8,-2,7,-3,7,-3,7,-3,7,-3,6,-3,6,-3,5,-3,5,-3,4,-4,3,-4,2,-5,1,-5,0,-6,-1,-7,-1,-8,-2,-9,-2,-10,-2,-11,-1,-12,-1,-12,-1,-13,0,-13,0,0,0,-13,0,-13,-1,-14,-1,-13,0,-14,0,-14,1,-14,1,-14,2,-13,2,-13,2,-12,2,-12,2,-12,2,-12,2,-11,2,-11,2,-10,2,-9,2,-9,2,-8,2,-8,2,-8,1,-8,1,-8,1,-7,1,-8,0,0,0,0,0,0,0,0,0,0,0,0,0,0,-26,-50,-33,-48,-33,-40,-30,-37,-33,-38,-32,-36,-35,-35,-28,-29,-39,-31,-36,-26,-37,-25,-38,-27,-33,-22,-32,-17,-34,-18,-28,-17,-29,-10,-30,4,-30,2,-30,7,-29,17,-32,21,-32,30,-36,28,-42,36,-48,37,-46,38,-51,40,-57,34,-57,43,-57,42,-60,42,-61,39,-56,43,-59,44,-64,39,-63,40,-62,36,-66,35,-68,36,-62,30,-65,31,-62,26,-56,25,-58,25,-54,22,-56,21,-60,19,-48,20,-42,12,-46,17,-43,14,-41,16,-44,13,-42,12,-40,15,-41,10,0,0,0,0,0,0,0,0,0,0,0,0,0,0,0,0,0,0,0,0,0,0,31,35,33,36,27,36,23,35,26,34,25,31,27,36,26,33,31,38,32,39,32,43,33,47,31,50,34,47,30,50,32,45,34,47,30,50,31,46,31,48,28,50,26,48,26,49,27,41,28,43,29,32,29,36,31,30,32,33,30,29,37,25,39,22,38,18,37,21,37,16,40,12,39,10,44,12,46,7,46,0,52,1,51,-6,51,-6,53,-6,49,-6,57,-7,57,-6,51,-8,59,-12,50,-10,52,-12,55,-18,50,-19,46,-17,44,-23,45,-28,46,-28,0,0]",1
CSI_DATA,62142,1a:00:00:00:00:00,-37,11,1,0,1,1,1,0,0,0,1,-97,0,11,2,834326031,0,44,0,384,0,"[0,0,0,0,0,0,0,0,0,0,0,0,0,8,1,8,1,8,2,8,2,8,2,8,2,7,2,7,2,6,2,6,2,5,2,5,2,4,3,3,3,2,4,1,5,0,6,-1,7,-1,8,-1,9,-1,10,-1,11,-1,11,-1,12,0,12,0,0,0,12,0,12,0,12,0,13,0,13,0,13,1,13,2,12,2,12,2,11,3,11,2,11,3,10,3,10,3,10,2,9,2,9,2,8,2,8,2,7,2,7,2,7,2,7,2,6,2,6,2,6,2,0,0,0,0,0,0,0,0,0,0,0,0,0,0,35,-44,31,-47,26,-51,26,-44,26,-47,23,-42,23,-43,19,-43,21,-42,18,-45,17,-43,10,-40,9,-43,5,-35,6,-32,4,-32,-1,-30,-1,-25,-11,-25,-22,-23,-23,-24,-27,-25,-31,-27,-42,-31,-44,-31,-48,-31,-51,-39,-52,-42,-46,-44,-49,-40,-48,-46,-52,-54,-50,-44,-56,-45,-51,-48,-51,-59,-52,-52,-48,-57,-46,-61,-45,-54,-42,-54,-37,-55,-39,-54,-40,-53,-32,-56,-33,-50,-28,-50,-29,-45,-28,-48,-27,-45,-26,-41,-20,-41,-19,-38,-16,-38,-24,-38,-20,-34,-20,-39,0,0,0,0,0,0,0,0,0,0,0,0,0,0,0,0,0,0,0,0,0,0,-11,43,-21,43,-20,42,-20,40,-20,38,-16,39,-18,42,-17,44,-18,48,-21,46,-23,50,-27,53,-31,49,-26,54,-30,48,-31,44,-30,50,-29,48,-31,50,-33,47,-35,46,-35,44,-33,43,-26,40,-27,44,-20,43,-19,42,-16,45,-17,43,-11,40,-13,42,-8,41,-6,44,-5,42,-7,40,1,43,1,43,8,40,4,42,8,40,17,41,18,42,22,50,21,42,25,51,26,38,27,45,29,50,29,46,27,47,30,41,35,38,33,38,36,33,36,37,46,34,50,41,0,0]",1
CSI_DATA,62143,1a:00:00:00:00:00,-37,11,1,0,1,1,1,0,0,0,1,-97,0,11,2,834336012,0,44,0,384,0,"[0,0,0,0,0,0,0,0,0,0,0,0,-10,1,-9,2,-9,2,-9,2,-9,2,-8,2,-8,2,-8,2,-8,2,-7,3,-6,2,-6,3,-5,3,-4,3,-3,3,-2,4,-1,5,0,6,0,7,1,8,1,9,1,10,0,11,0,11,0,12,0,11,0,0,-1,12,-1,12,-1,12,-1,13,-1,12,-2,13,-2,13,-3,12,-3,12,-3,12,-3,11,-3,11,-3,10,-3,10,-4,10,-3,9,-3,9,-3,8,-4,8,-4,7,-3,7,-3,7,-3,7,-2,6,-3,6,-3,6,0,0,0,0,0,0,0,0,0,0,0,0,0,0,40,37,43,35,45,34,45,35,43,28,39,28,42,22,44,21,44,20,46,15,38,21,38,16,42,11,35,11,33,4,31,5,30,0,29,-1,26,-10,21,-18,23,-28,22,-30,22,-30,27,-38,27,-40,33,-49,35,-47,40,-50,43,-47,46,-50,49,-54,48,-51,46,-47,45,-53,49,-47,49,-51,52,-51,56,-54,56,-46,55,-48,52,-38,52,-39,54,-41,54,-37,50,-36,49,-32,49,-34,46,-29,42,-27,38,-21,38,-24,38,-24,41,-16,32,-21,30,-19,30,-23,35,-17,0,0,0,0,0,0,0,0,0,0,0,0,0,0,0,0,0,0,0,0,0,0,-41,-17,-39,-25,-40,-24,-43,-24,-39,-18,-33,-24,-44,-19,-46,-18,-46,-23,-47,-24,-48,-28,-50,-28,-50,-36,-51,-35,-54,-35,-49,-38,-47,-35,-48,-40,-46,-41,-48,-40,-47,-37,-45,-40,-43,-35,-43,-30,-40,-36,-40,-27,-41,-27,-40,-24,-43,-22,-47,-17,-39,-15,-44,-14,-41,-14,-44,-11,-45,-11,-42,0,-43,-8,-48,1,-43,2,-44,7,-39,12,-46,14,-44,19,-50,17,-41,19,-48,20,-45,24,-43,20,-50,22,-45,27,-43,25,-41,31,-41,31,-40,34,-41,40,-34,44,-34,39,0,0]",1
CSI_DATA,62144,1a:00:00:00:00:00,-37,11,1,0,1,1,1,0,0,0,1,-97,0,11,2,834346017,0,44,0,384,0,"[0,0,0,0,0,0,0,0,0,0,0,0,-1,-10,-2,-10,-2,-9,-2,-9,-3,-9,-2,-9,-3,-9,-3,-8,-3,-8,-3,-7,-3,-7,-3,-6,-3,-5,-4,-4,-4,-4,-5,-3,-6,-2,-7,-2,-8,-1,-9,-1,-10,-1,-11,-1,-11,-2,-12,-2,-12,-2,-12,-2,0,0,-12,-3,-12,-2,-13,-2,-13,-2,-13,-3,-14,-3,-13,-4,-13,-4,-13,-5,-12,-5,-11,-5,-11,-5,-11,-5,-11,-5,-10,-5,-10,-5,-9,-5,-9,-4,-8,-4,-8,-4,-8,-5,-7,-4,-7,-4,-7,-4,-7,-4,-7,-4,0,0,0,0,0,0,0,0,0,0,0,0,0,0,-54,34,-47,40,-44,35,-36,41,-33,41,-37,39,-33,44,-38,39,-32,38,-26,41,-27,41,-26,33,-26,36,-19,40,-16,35,-6,32,-10,31,-1,27,5,28,9,25,13,24,21,23,26,28,30,28,35,37,42,40,45,48,43,47,43,47,37,52,36,50,43,51,41,52,40,51,40,54,46,56,46,54,43,62,39,60,43,64,33,65,33,58,30,54,27,53,27,52,23,54,26,51,26,48,23,45,22,42,17,44,17,43,17,38,12,38,16,37,14,38,11,37,0,0,0,0,0,0,0,0,0,0,0,0,0,0,0,0,0,0,0,0,0,0,31,-41,32,-38,30,-36,30,-31,31,-32,28,-33,26,-34,29,-39,31,-42,35,-36,42,-39,46,-42,48,-41,49,-41,48,-41,45,-33,46,-39,48,-41,47,-39,45,-37,49,-31,45,-34,43,-33,41,-32,36,-32,36,-31,32,-31,26,-31,30,-36,25,-40,22,-33,26,-37,21,-47,13,-41,13,-45,13,-44,13,-44,6,-40,7,-44,6,-41,-2,-46,-5,-45,-7,-51,-11,-51,-9,-52,-10,-49,-13,-51,-14,-53,-17,-49,-22,-51,-21,-47,-16,-48,-31,-51,-24,-45,-34,-49,-36,-50,-31,-45,0,0]",1
CSI_DATA,62145,1a:00:00:00:00:00,-37,11,1,0,1,1,1,0,0,0,1,-97,0,11,2,834366023,0,44,0,384,0,"[0,0,0,0,0,0,0,0,0,0,0,0,1,9,2,9,2,9,2,9,2,9,2,8,2,8,2,8,2,8,2,7,3,7,3,6,3,5,3,4,3,3,4,2,5,1,6,1,6,0,8,0,9,0,10,0,10,0,11,0,11,1,11,1,0,0,11,1,12,1,12,1,12,1,13,2,13,2,13,3,12,3,12,3,11,4,11,3,11,3,10,4,10,4,10,4,9,4,9,4,8,4,8,4,7,3,7,4,7,3,6,3,6,3,7,3,6,3,0,0,0,0,0,0,0,0,0,0,0,0,0,0,44,-41,47,-34,41,-40,33,-40,35,-44,34,-40,30,-41,32,-43,35,-42,25,-43,21,-39,22,-43,18,-38,18,-37,19,-39,16,-28,9,-32,6,-28,1,-28,-4,-33,-15,-28,-21,-34,-26,-31,-26,-29,-30,-42,-32,-41,-34,-49,-34,-47,-37,-50,-37,-53,-33,-50,-41,-53,-36,-52,-40,-50,-41,-55,-37,-57,-36,-60,-34,-59,-34,-61,-34,-63,-26,-63,-30,-59,-26,-59,-28,-56,-20,-56,-23,-57,-23,-54,-17,-56,-18,-48,-15,-45,-12,-48,-12,-46,-12,-40,-15,-44,-11,-38,-13,-36,-13,-42,0,0,0,0,0,0,0,0,0,0,0,0,0,0,0,0,0,0,0,0,0,0,-17,40,-19,40,-20,38,-24,37,-17,36,-22,39,-24,38,-23,42,-23,44,-24,49,-29,49,-32,43,-37,44,-37,47,-38,47,-38,44,-37,46,-39,46,-34,44,-41,43,-37,42,-35,43,-37,41,-34,36,-31,35,-29,37,-23,38,-26,41,-26,39,-18,39,-15,40,-12,40,-10,39,-11,41,-5,45,-7,42,-4,38,1,42,4,37,5,44,11,44,19,43,13,47,22,49,17,53,20,54,17,56,15,44,23,49,28,40,24,47,26,44,32,46,36,44,39,45,39,49,43,39,0,0]",1
CSI_DATA,62146,1a:00:00:00:00:00,-37,11,1,0,1,1,1,0,0,0,1,-97,0,11,2,834376029,0,44,0,384,0,"[0,0,0,0,0,0,0,0,0,0,0,0,-10,2,-10,2,-9,2,-10,2,-9,3,-9,3,-9,3,-9,2,-8,2,-8,2,-7,3,-6,3,-5,3,-5,3,-4,3,-3,4,-2,5,-2,6,-1,7,-1,8,0,9,-1,10,-1,10,-1,11,-2,11,-2,11,0,0,-2,12,-2,12,-2,12,-2,12,-3,12,-3,13,-4,12,-4,12,-4,11,-5,11,-5,11,-5,10,-5,10,-5,10,-5,9,-5,9,-5,8,-5,8,-5,7,-5,7,-5,7,-4,6,-4,6,-4,6,-4,6,-4,6,0,0,0,0,0,0,0,0,0,0,0,0,0,0,44,36,47,32,43,30,44,28,44,29,44,23,38,32,42,20,43,19,44,15,41,21,38,18,39,9,37,17,32,14,36,13,33,5,25,3,28,-3,23,-7,28,-12,23,-20,31,-24,28,-30,34,-33,39,-34,42,-40,48,-36,50,-39,45,-41,46,-39,54,-37,53,-39,50,-44,52,-42,58,-39,59,-36,57,-38,63,-32,60,-28,57,-27,57,-24,61,-26,52,-27,53,-24,52,-21,54,-18,56,-22,46,-14,43,-11,46,-17,39,-15,43,-16,42,-11,36,-11,40,-8,39,-8,0,0,0,0,0,0,0,0,0,0,0,0,0,0,0,0,0,0,0,0,0,0,-48,-3,-44,-8,-44,-12,-45,-11,-45,-12,-41,-11,-42,-8,-48,-6,-49,-8,-55,-12,-52,-16,-54,-17,-53,-19,-53,-22,-50,-27,-48,-23,-47,-19,-54,-24,-56,-28,-50,-25,-48,-21,-52,-24,-45,-24,-40,-21,-41,-19,-43,-17,-42,-16,-39,-15,-39,-8,-45,-9,-40,-6,-45,-5,-41,-3,-46,-1,-43,4,-41,3,-38,7,-41,7,-39,11,-39,13,-37,19,-45,28,-44,24,-46,25,-44,27,-40,24,-44,29,-49,29,-44,28,-43,31,-41,31,-38,34,-38,33,-36,35,-40,41,-37,50,-39,38,0,0]",1
CSI_DATA,62147,1a:00:00:00:00:00,-38,11,1,0,1,1,1,0,0,0,1,-97,0,11,2,834396041,0,44,0,384,0,"[0,0,0,0,0,0,0,0,0,0,0,0,9,-3,9,-3,8,-3,8,-4,8,-4,8,-4,8,-4,7,-4,7,-3,6,-3,5,-3,5,-3,4,-4,3,-4,2,-4,1,-5,0,-5,-1,-6,-2,-7,-2,-8,-2,-9,-2,-10,-2,-11,-2,-12,-1,-12,-1,-12,0,0,-1,-13,-1,-13,-1,-13,-1,-13,0,-13,0,-14,1,-14,1,-13,1,-13,2,-13,2,-12,2,-12,2,-12,2,-11,2,-11,2,-11,2,-10,2,-9,2,-9,2,-9,2,-8,2,-8,1,-8,1,-8,1,-8,1,-8,0,0,0,0,0,0,0,0,0,0,0,0,0,0,-40,-39,-41,-34,-43,-36,-39,-36,-43,-28,-39,-31,-47,-25,-42,-24,-41,-29,-39,-24,-39,-22,-37,-18,-38,-15,-36,-14,-34,-16,-32,-11,-29,-9,-27,1,-25,4,-27,12,-22,18,-24,20,-26,25,-25,29,-31,34,-43,35,-41,41,-44,41,-51,42,-47,47,-49,38,-57,42,-51,37,-51,46,-48,44,-55,43,-57,46,-60,46,-57,34,-63,42,-55,33,-56,30,-56,29,-55,31,-54,28,-51,27,-54,23,-50,19,-45,18,-44,15,-44,19,-40,11,-36,16,-35,18,-36,12,-41,17,-40,15,0,0,0,0,0,0,0,0,0,0,0,0,0,0,0,0,0,0,0,0,0,0,45,14,44,20,43,19,40,22,43,21,40,19,42,20,47,16,47,22,49,19,50,25,52,27,53,31,54,32,51,32,42,31,48,35,44,33,52,35,47,39,47,36,42,39,36,32,37,35,37,29,35,24,42,25,41,19,39,18,37,14,38,10,42,13,39,6,47,8,43,6,43,0,45,-4,41,-5,43,-5,44,-8,43,-15,44,-22,48,-18,44,-18,51,-23,50,-15,52,-21,50,-22,48,-24,45,-28,43,-25,41,-29,43,-36,34,-32,40,-34,35,-43,33,-36,0,0]",1
CSI_DATA,62148,1a:00:00:00:00:00,-38,11,1,0,1,1,1,0,0,0,1,-97,0,11,2,834406037,0,44,0,384,0,"[0,0,0,0,0,0,0,0,0,0,0,0,2,9,2,9,2,9,3,9,2,9,3,8,2,8,2,8,2,7,2,6,2,6,2,5,2,4,3,3,3,2,4,1,4,0,5,-1,6,-2,7,-2,8,-2,9,-2,10,-2,11,-2,11,-1,11,-2,0,0,11,-1,12,-1,12,-1,12,-1,12,-1,13,-1,13,0,12,0,12,0,12,1,12,1,11,1,11,1,10,1,10,1,10,1,10,2,9,1,9,2,8,2,8,2,7,1,7,1,7,1,7,1,7,1,0,0,0,0,0,0,0,0,0,0,0,0,0,0,29,-43,33,-46,31,-43,25,-50,28,-48,31,-46,22,-44,25,-46,22,-40,20,-43,18,-37,13,-37,15,-36,12,-33,10,-34,6,-33,-6,-29,2,-25,-5,-23,-11,-22,-19,-20,-26,-19,-33,-20,-29,-26,-39,-28,-43,-29,-47,-33,-54,-37,-47,-33,-43,-43,-45,-37,-49,-44,-45,-39,-53,-42,-49,-39,-55,-43,-53,-45,-50,-45,-45,-49,-46,-48,-43,-44,-39,-48,-37,-49,-44,-45,-37,-46,-38,-43,-36,-49,-31,-46,-29,-41,-32,-39,-24,-39,-21,-38,-25,-33,-20,-34,-25,-33,-23,-31,-24,-41,0,0,0,0,0,0,0,0,0,0,0,0,0,0,0,0,0,0,0,0,0,0,-18,42,-22,42,-24,42,-28,39,-22,39,-24,39,-23,42,-19,43,-25,43,-24,49,-31,50,-33,52,-33,48,-36,52,-37,48,-30,44,-37,49,-36,48,-39,48,-39,42,-43,43,-32,43,-37,41,-33,38,-32,40,-20,39,-21,37,-22,41,-21,40,-14,41,-10,36,-17,43,-9,43,-10,46,-7,41,-1,45,-1,46,0,39,2,43,6,38,5,46,13,43,15,46,16,50,19,50,23,43,20,43,22,47,21,47,24,46,23,41,27,35,27,38,33,31,38,31,43,30,34,31,0,0]",1
CSI_DATA,62149,1a:00:00:00:00:00,-38,11,1,0,1,1,1,0,0,0,1,-97,0,11,2,834416024,0,44,0,384,0,"[0,0,0,0,0,0,0,0,0,0,0,0,-11,1,-10,1,-10,1,-10,1,-10,1,-10,1,-9,1,-9,1,-8,1,-8,1,-7,1,-6,2,-5,1,-4,2,-4,2,-2,3,-2,4,-1,5,0,6,0,7,0,8,0,9,-1,10,0,10,-1,11,-1,11,0,0,-1,11,-1,11,-1,11,-1,12,-1,12,-1,12,-2,12,-2,12,-3,12,-3,11,-3,11,-3,11,-3,10,-3,10,-3,10,-3,10,-3,9,-3,9,-3,8,-3,8,-3,8,-3,7,-3,7,-2,7,-3,7,-3,7,0,0,0,0,0,0,0,0,0,0,0,0,0,0,39,37,36,38,45,30,39,36,39,32,44,30,46,30,44,28,40,24,42,25,35,21,33,24,38,21,37,17,35,16,28,14,29,5,22,3,20,-5,22,-4,21,-12,23,-24,20,-25,26,-29,31,-40,33,-41,38,-44,38,-41,44,-44,40,-41,44,-46,43,-42,45,-45,42,-46,42,-43,49,-47,47,-44,47,-42,52,-44,50,-42,48,-37,51,-37,47,-40,49,-39,45,-33,47,-34,49,-29,46,-29,41,-29,42,-24,45,-22,40,-25,36,-22,38,-18,36,-20,32,-20,39,-17,0,0,0,0,0,0,0,0,0,0,0,0,0,0,0,0,0,0,0,0,0,0,-47,-21,-41,-22,-41,-26,-40,-26,-42,-26,-38,-24,-38,-26,-45,-25,-50,-26,-52,-28,-46,-35,-55,-38,-49,-37,-46,-39,-49,-42,-46,-42,-48,-38,-44,-41,-49,-42,-47,-44,-44,-45,-39,-39,-37,-41,-38,-37,-39,-31,-37,-31,-35,-25,-41,-28,-37,-19,-44,-14,-44,-19,-44,-17,-45,-17,-44,-14,-47,-9,-43,-10,-44,-6,-41,-5,-45,-1,-49,4,-47,6,-51,11,-52,10,-56,11,-51,15,-56,14,-52,16,-47,16,-51,22,-45,20,-46,20,-43,23,-37,19,-37,19,-37,30,-38,35,-40,37,0,0]",1
CSI_DATA,62150,1a:00:00:00:00:00,-37,11,1,0,1,1,1,0,0,0,1,-97,0,11,2,834446028,0,44,0,384,0,"[0,0,0,0,0,0,0,0,0,0,0,0,-2,9,-1,9,-1,9,-1,9,-1,9,-1,8,0,8,-1,8,0,7,0,7,1,6,1,6,1,5,2,4,3,3,4,2,4,2,6,1,7,1,8,1,9,2,10,2,11,2,11,3,11,3,11,3,0,0,12,4,12,3,12,3,13,4,13,4,13,5,12,5,12,5,12,5,11,5,11,5,11,5,10,5,10,5,10,5,9,5,9,6,8,5,7,5,7,5,7,5,6,5,6,4,6,4,6,4,6,4,0,0,0,0,0,0,0,0,0,0,0,0,0,0,52,-28,44,-24,48,-31,47,-32,46,-27,45,-31,38,-29,39,-32,35,-32,33,-33,30,-33,29,-34,26,-34,22,-31,18,-30,17,-30,13,-28,4,-27,3,-22,-2,-23,-13,-31,-18,-30,-23,-38,-25,-41,-30,-43,-25,-49,-30,-52,-32,-58,-29,-59,-32,-62,-32,-59,-31,-64,-26,-60,-30,-64,-32,-61,-25,-68,-24,-68,-20,-73,-24,-65,-26,-66,-19,-74,-21,-66,-18,-69,-17,-69,-13,-67,-15,-59,-15,-64,-6,-58,-8,-55,-6,-50,-3,-52,-3,-46,-2,-47,-3,-45,2,-41,-9,-43,-6,-46,0,0,0,0,0,0,0,0,0,0,0,0,0,0,0,0,0,0,0,0,0,0,-29,34,-30,28,-34,29,-32,27,-33,24,-34,23,-34,28,-33,35,-33,34,-39,34,-39,35,-43,36,-48,32,-46,31,-50,34,-44,28,-45,35,-48,32,-51,27,-47,26,-49,22,-43,25,-46,22,-43,20,-35,27,-31,27,-28,26,-30,33,-24,30,-27,35,-26,33,-22,38,-21,35,-25,38,-18,38,-19,43,-13,39,-12,39,-9,46,-3,48,-6,44,-2,45,-2,50,3,52,4,54,-4,49,2,51,7,49,5,47,9,48,9,42,19,42,15,49,21,41,20,44,30,47,22,47,0,0]",1
CSI_DATA,62151,1a:00:00:00:00:00,-37,11,1,0,1,1,1,0,0,0,1,-97,0,11,2,834456033,0,44,0,384,0,"[0,0,0,0,0,0,0,0,0,0,0,0,-10,-3,-10,-3,-9,-3,-9,-2,-9,-2,-9,-1,-8,-1,-8,-1,-8,-1,-7,-1,-7,0,-6,0,-5,1,-5,2,-4,2,-4,3,-3,5,-3,6,-3,7,-3,8,-4,9,-4,10,-5,10,-5,11,-5,11,-5,11,0,0,-6,12,-6,11,-6,12,-6,12,-6,12,-7,12,-8,11,-8,11,-8,11,-8,11,-8,10,-8,10,-7,10,-8,9,-8,9,-8,9,-7,8,-7,7,-7,7,-7,6,-7,6,-6,5,-6,6,-5,5,-5,6,-5,6,0,0,0,0,0,0,0,0,0,0,0,0,0,0,0,50,7,53,11,57,9,53,10,49,12,45,12,45,16,46,17,41,18,42,22,39,17,39,20,32,21,28,19,26,20,26,20,22,22,13,24,8,27,4,35,-2,37,-5,43,-14,47,-12,54,-14,59,-13,60,-12,60,-14,66,-11,65,-10,69,-17,71,-11,67,-11,73,-10,70,-13,76,-11,75,-10,74,-4,75,-3,76,0,68,3,70,3,74,0,66,-2,66,7,65,6,65,8,57,5,57,12,50,8,48,12,46,11,47,8,43,6,41,8,41,6,49,9,0,0,0,0,0,0,0,0,0,0,0,0,0,0,0,0,0,0,0,0,0,0,-6,-46,2,-50,4,-44,0,-48,4,-43,0,-44,2,-42,-2,-49,-7,-48,-1,-51,1,-53,3,-55,-3,-56,3,-56,7,-58,2,-49,4,-56,4,-58,5,-59,7,-56,7,-54,9,-57,7,-47,6,-42,8,-42,0,-41,-4,-43,-7,-46,-13,-43,-13,-42,-18,-38,-20,-44,-19,-38,-19,-38,-19,-39,-26,-35,-22,-37,-31,-35,-27,-34,-32,-27,-35,-26,-37,-20,-44,-29,-46,-27,-46,-26,-40,-17,-43,-24,-45,-22,-45,-18,-47,-13,-46,-16,-47,-5,-46,-8,-43,-2,-52,0,-51,1,-53,1,0,0]",1
CSI_DATA,62152,1a:00:00:00:00:00,-37,11,1,0,1,1,1,0,0,0,1,-97,0,11,2,834486455,0,44,0,384,0,"[0,0,0,0,0,0,0,0,0,0,0,0,-10,2,-10,3,-9,3,-10,3,-9,3,-9,3,-9,3,-9,3,-8,3,-7,3,-7,2,-6,3,-5,3,-4,3,-3,4,-2,4,-1,5,-1,6,0,7,0,8,0,8,0,10,0,10,0,11,-1,11,-1,11,0,0,0,11,0,11,0,12,0,12,0,12,-1,12,-1,13,-2,12,-2,12,-3,11,-3,11,-3,11,-3,10,-2,10,-3,10,-3,9,-3,9,-3,9,-3,8,-3,8,-3,7,-3,7,-2,7,-2,6,-3,7,-3,7,0,0,0,0,0,0,0,0,0,0,0,0,0,0,43,40,42,33,41,30,46,33,43,26,48,31,43,27,45,27,42,24,44,23,44,18,41,24,38,20,39,16,33,15,34,14,29,7,27,2,26,-6,22,-13,24,-19,26,-17,28,-30,29,-32,30,-35,34,-36,37,-36,47,-41,47,-38,41,-41,47,-40,45,-44,47,-44,48,-48,45,-47,51,-48,51,-45,52,-47,52,-42,50,-40,54,-30,53,-36,50,-34,45,-36,51,-38,48,-29,45,-28,49,-29,42,-26,44,-25,40,-20,40,-22,34,-20,32,-14,34,-23,33,-18,39,-17,0,0,0,0,0,0,0,0,0,0,0,0,0,0,0,0,0,0,0,0,0,0,-40,-24,-39,-23,-37,-24,-37,-26,-35,-25,-38,-23,-39,-29,-39,-27,-42,-26,-44,-27,-44,-32,-43,-35,-51,-38,-47,-40,-44,-44,-40,-39,-48,-39,-45,-39,-47,-41,-41,-42,-38,-41,-42,-42,-37,-39,-34,-38,-36,-29,-38,-29,-36,-28,-38,-24,-39,-23,-40,-19,-42,-22,-41,-17,-42,-15,-43,-15,-42,-12,-42,-10,-48,-7,-41,-5,-47,0,-46,2,-42,1,-43,3,-45,8,-48,14,-46,14,-44,12,-44,13,-46,15,-41,18,-44,18,-39,22,-40,24,-39,29,-36,25,-42,34,-40,37,-42,40,0,0]",1
CSI_DATA,62153,1a:00:00:00:00:00,-37,11,1,0,1,1,1,0,0,0,1,-97,0,11,2,834506039,0,44,0,384,0,"[0,0,0,0,0,0,0,0,0,0,0,0,8,-7,8,-7,7,-7,7,-7,7,-7,7,-7,7,-7,6,-7,6,-6,5,-6,5,-6,4,-6,3,-6,2,-5,1,-6,0,-6,-1,-7,-2,-7,-3,-8,-3,-9,-3,-10,-3,-11,-3,-11,-3,-12,-3,-12,-3,-12,0,0,-3,-13,-3,-13,-3,-13,-3,-13,-3,-13,-3,-14,-2,-14,-1,-14,-1,-13,-1,-13,-1,-13,-1,-13,-1,-12,-1,-12,0,-11,1,-11,0,-11,1,-10,1,-10,1,-9,1,-9,1,-8,0,-8,0,-8,0,-8,1,-8,0,0,0,0,0,0,0,0,0,0,0,0,0,0,-55,-23,-59,-18,-50,-21,-50,-18,-59,-19,-50,-14,-54,-15,-52,-15,-54,-14,-48,-10,-47,-14,-48,-11,-50,-8,-47,-11,-38,-4,-37,-1,-37,5,-36,4,-29,10,-28,18,-24,22,-26,27,-25,33,-29,36,-32,38,-35,46,-38,44,-39,46,-41,46,-40,50,-42,46,-41,52,-46,47,-41,48,-43,51,-42,52,-46,50,-51,49,-55,46,-57,47,-50,41,-47,36,-50,36,-53,40,-47,38,-46,31,-50,32,-48,32,-42,26,-43,24,-40,22,-41,20,-35,20,-40,19,-32,19,-35,20,-42,21,0,0,0,0,0,0,0,0,0,0,0,0,0,0,0,0,0,0,0,0,0,0,44,0,40,8,43,4,41,4,41,5,42,4,41,4,43,4,51,5,55,4,56,8,55,11,57,12,58,18,57,16,56,14,58,16,56,18,56,19,56,20,54,22,50,20,48,19,45,20,43,14,48,12,45,11,44,12,44,9,44,0,48,-1,46,2,43,5,44,2,46,-6,45,-8,44,-6,42,-9,37,-11,39,-12,44,-17,36,-21,40,-25,38,-29,41,-27,36,-23,38,-32,40,-33,40,-33,32,-34,32,-31,30,-37,25,-42,21,-39,23,-43,25,-44,20,-49,0,0]",1
CSI_DATA,62154,1a:00:00:00:00:00,-37,11,1,0,1,1,1,0,0,0,1,-97,0,11,2,834516029,0,44,0,384,0,"[0,0,0,0,0,0,0,0,0,0,0,0,6,8,6,7,6,7,6,7,6,7,6,7,6,7,5,6,5,6,5,5,5,5,5,4,4,3,4,2,5,1,6,0,6,-1,6,-2,7,-2,8,-3,9,-3,10,-3,11,-3,11,-3,11,-2,11,-3,0,0,12,-2,12,-2,12,-3,12,-3,12,-2,13,-2,13,-1,12,-1,12,0,12,0,12,-1,11,0,11,0,11,0,11,0,10,1,10,1,9,1,8,1,8,1,8,1,7,1,7,1,7,1,7,1,7,1,0,0,0,0,0,0,0,0,0,0,0,0,0,0,13,-50,14,-52,6,-58,3,-51,4,-56,7,-54,8,-52,8,-56,3,-53,2,-56,4,-47,5,-50,-5,-48,-3,-41,-6,-41,-6,-37,-9,-40,-14,-29,-19,-23,-18,-26,-25,-26,-30,-22,-41,-27,-40,-23,-48,-23,-50,-30,-55,-31,-53,-30,-54,-37,-57,-40,-54,-37,-54,-38,-56,-35,-57,-36,-60,-36,-60,-39,-56,-41,-53,-44,-55,-44,-52,-46,-51,-45,-47,-45,-46,-46,-48,-44,-47,-43,-42,-41,-41,-48,-37,-42,-34,-47,-30,-37,-31,-40,-25,-32,-27,-35,-25,-36,-29,-34,-28,-30,-29,-37,0,0,0,0,0,0,0,0,0,0,0,0,0,0,0,0,0,0,0,0,0,0,11,38,4,42,5,39,0,44,2,38,9,38,5,42,8,44,9,49,9,49,8,53,3,54,-1,59,0,59,0,57,-8,53,-5,58,-3,57,-5,58,-14,58,-9,56,-14,51,-9,47,-5,46,-4,45,-4,47,-2,45,2,46,3,41,7,43,7,38,7,46,7,42,7,37,13,45,13,39,16,37,16,37,23,40,22,31,25,30,28,29,32,29,33,32,33,35,36,32,34,31,31,29,36,28,34,30,34,24,41,21,46,20,39,14,44,9,51,14,59,7,0,0]",1
CSI_DATA,62155,1a:00:00:00:00:00,-38,11,1,0,1,1,1,0,0,0,1,-97,0,11,2,834526018,0,44,0,384,0,"[0,0,0,0,0,0,0,0,0,0,0,0,-9,5,-9,5,-9,5,-9,5,-8,5,-8,5,-8,5,-7,5,-7,5,-6,4,-6,4,-5,4,-4,4,-3,4,-2,5,-1,5,0,6,1,6,2,7,2,8,2,9,3,10,2,11,2,11,1,11,1,11,0,0,1,11,2,11,2,11,2,12,2,12,2,12,1,12,1,12,0,12,0,11,0,11,0,11,0,11,0,11,-1,10,-1,10,-1,10,-1,9,-1,8,-1,8,-1,7,-1,7,-1,7,-1,7,-1,7,-1,7,0,0,0,0,0,0,0,0,0,0,0,0,0,0,50,14,58,18,56,11,54,6,53,12,55,10,57,9,54,5,55,6,48,4,44,-2,47,2,41,-1,37,-5,36,-3,34,-9,28,-7,27,-12,26,-15,21,-20,22,-30,24,-33,19,-39,23,-46,20,-47,30,-53,29,-56,36,-55,39,-58,33,-55,34,-57,37,-53,35,-56,32,-54,37,-57,38,-60,43,-61,44,-59,47,-60,43,-54,40,-53,43,-53,42,-47,44,-49,42,-48,43,-44,41,-42,40,-42,36,-37,40,-34,35,-33,33,-32,35,-29,31,-30,32,-29,31,-29,31,-25,0,0,0,0,0,0,0,0,0,0,0,0,0,0,0,0,0,0,0,0,0,0,-44,6,-45,2,-45,1,-44,-4,-46,1,-43,-1,-44,1,-45,-3,-55,0,-52,-2,-61,-3,-59,-6,-59,-10,-56,-12,-59,-12,-57,-9,-60,-11,-53,-18,-58,-15,-54,-18,-54,-21,-54,-17,-50,-16,-46,-14,-45,-10,-46,-7,-44,-5,-47,1,-44,-1,-49,-3,-45,2,-44,8,-45,6,-43,10,-42,12,-41,10,-39,12,-43,10,-40,16,-39,22,-33,22,-37,28,-38,24,-34,28,-36,27,-36,26,-34,31,-34,34,-28,33,-26,30,-27,35,-25,38,-18,38,-16,45,-13,39,-15,45,-12,49,0,0]",1
CSI_DATA,62156,1a:00:00:00:00:00,-38,11,1,0,1,1,1,0,0,0,1,-97,0,11,2,834546045,0,44,0,384,0,"[0,0,0,0,0,0,0,0,0,0,0,0,9,-2,8,-3,8,-3,8,-3,8,-3,8,-3,7,-3,7,-3,6,-3,6,-3,5,-3,5,-4,4,-4,3,-4,2,-4,1,-6,0,-6,0,-7,-1,-8,-1,-9,-1,-10,-1,-11,0,-12,0,-12,0,-12,0,-13,0,0,1,-13,0,-13,0,-13,0,-13,0,-13,1,-14,1,-13,2,-13,2,-13,2,-13,2,-12,2,-12,2,-12,2,-12,3,-11,3,-11,3,-10,3,-10,3,-9,3,-9,3,-8,3,-8,2,-8,2,-7,2,-8,2,-7,0,0,0,0,0,0,0,0,0,0,0,0,0,0,-44,-36,-39,-33,-44,-26,-42,-32,-43,-27,-43,-30,-42,-21,-52,-30,-45,-21,-40,-23,-36,-17,-40,-18,-43,-15,-36,-5,-36,-10,-31,-6,-29,5,-30,5,-28,9,-22,12,-24,19,-26,30,-26,35,-29,38,-31,40,-37,48,-39,49,-40,45,-44,46,-47,44,-44,49,-44,50,-41,46,-45,53,-46,52,-50,52,-50,54,-51,50,-50,51,-56,49,-54,41,-52,45,-53,36,-55,43,-51,39,-54,37,-49,33,-48,29,-44,29,-48,32,-41,25,-42,23,-39,24,-38,25,-32,24,-30,24,-36,18,0,0,0,0,0,0,0,0,0,0,0,0,0,0,0,0,0,0,0,0,0,0,38,26,41,27,38,31,41,33,37,31,38,31,35,29,39,34,43,35,42,32,42,38,50,40,43,45,43,41,41,47,34,44,39,42,39,43,40,47,40,46,39,47,35,42,33,39,31,36,36,33,37,34,37,26,36,26,36,32,40,29,33,20,36,21,43,19,39,14,39,13,38,12,41,9,42,7,39,3,47,-2,42,-7,46,-8,44,-7,42,-12,44,-9,46,-14,44,-14,48,-13,44,-15,37,-18,42,-21,36,-28,37,-24,32,-25,32,-34,33,-41,43,-46,0,0]",1
CSI_DATA,62157,1a:00:00:00:00:00,-38,11,1,0,1,1,1,0,0,0,1,-97,0,11,2,834556028,0,44,0,384,0,"[0,0,0,0,0,0,0,0,0,0,0,0,-2,9,-1,9,-1,9,-1,9,-1,9,-1,8,0,8,0,8,-1,7,0,7,0,6,1,5,1,4,2,4,2,3,4,2,4,1,6,1,7,1,8,0,9,0,10,1,11,2,12,2,12,3,11,2,0,0,12,3,12,3,12,2,13,3,13,3,13,4,13,4,12,4,12,4,12,4,11,4,11,4,11,4,11,4,10,5,10,5,10,5,9,4,8,4,8,4,7,4,7,4,7,4,7,3,7,3,7,3,0,0,0,0,0,0,0,0,0,0,0,0,0,0,45,-25,39,-27,40,-32,41,-34,31,-35,35,-36,33,-31,30,-34,28,-29,30,-37,27,-31,30,-30,25,-34,20,-35,19,-26,14,-31,10,-26,-1,-24,-4,-25,-9,-23,-11,-23,-19,-27,-28,-27,-29,-32,-38,-36,-34,-44,-39,-48,-39,-51,-31,-52,-41,-49,-38,-54,-39,-57,-39,-54,-40,-52,-40,-54,-43,-61,-34,-60,-38,-57,-37,-61,-36,-60,-39,-59,-33,-58,-31,-57,-28,-58,-28,-53,-28,-53,-23,-60,-18,-54,-19,-52,-15,-50,-16,-51,-16,-45,-13,-39,-18,-37,-15,-35,-18,-39,-17,-39,0,0,0,0,0,0,0,0,0,0,0,0,0,0,0,0,0,0,0,0,0,0,-38,29,-43,28,-41,26,-42,27,-45,25,-40,23,-40,29,-38,32,-43,32,-45,34,-50,28,-52,30,-55,25,-60,30,-55,23,-58,28,-56,29,-58,24,-59,31,-61,22,-56,20,-57,20,-50,22,-47,18,-44,20,-42,22,-43,28,-37,26,-38,25,-34,26,-31,29,-30,30,-30,35,-26,27,-22,33,-20,37,-20,36,-16,38,-13,39,-15,40,-7,41,-7,41,-8,45,-7,49,0,51,-11,47,-1,45,6,43,1,46,1,41,9,42,11,42,11,40,18,39,24,40,27,42,28,40,0,0]",1
CSI_DATA,62158,1a:00:00:00:00:00,-38,11,1,0,1,1,1,0,0,0,1,-97,0,11,2,834566015,0,44,0,384,0,"[0,0,0,0,0,0,0,0,0,0,0,0,-10,-2,-10,-2,-10,-2,-10,-2,-10,-1,-9,-2,-9,-1,-9,-1,-8,-1,-8,-1,-7,-1,-6,0,-6,0,-5,1,-4,2,-3,3,-3,4,-3,5,-2,6,-3,7,-3,8,-4,9,-4,10,-5,10,-5,10,-5,10,0,0,-6,11,-5,11,-5,11,-5,12,-6,11,-7,11,-7,11,-7,10,-7,11,-7,10,-7,10,-7,9,-7,9,-7,9,-7,9,-7,8,-7,8,-7,7,-7,6,-7,6,-6,5,-6,5,-6,6,-5,5,-5,5,-5,5,0,0,0,0,0,0,0,0,0,0,0,0,0,0,19,49,23,47,27,44,23,43,28,39,28,36,34,41,29,38,29,36,26,32,30,35,31,31,22,30,28,25,21,24,20,20,22,13,25,5,24,-1,24,-2,31,-3,28,-16,30,-15,36,-27,43,-30,47,-24,54,-24,53,-26,57,-25,55,-29,61,-26,56,-25,59,-27,56,-28,65,-22,61,-28,60,-27,64,-25,64,-19,66,-19,66,-16,61,-21,64,-21,62,-16,52,-14,61,-14,59,-11,60,-13,49,-5,48,-5,48,-4,44,-5,40,-3,39,-5,39,-7,38,-5,39,-4,0,0,0,0,0,0,0,0,0,0,0,0,0,0,0,0,0,0,0,0,0,0,-29,-39,-26,-42,-25,-43,-22,-44,-23,-44,-20,-41,-24,-41,-25,-48,-27,-51,-29,-51,-30,-55,-26,-61,-24,-60,-26,-60,-22,-59,-18,-60,-20,-55,-22,-61,-22,-57,-17,-60,-14,-60,-18,-57,-16,-53,-14,-52,-15,-51,-16,-49,-17,-45,-19,-42,-23,-42,-20,-38,-23,-34,-24,-34,-28,-32,-28,-32,-34,-33,-30,-26,-34,-27,-37,-23,-40,-17,-35,-14,-40,-12,-44,-14,-45,-12,-47,-9,-46,-9,-45,-10,-55,-3,-50,-7,-48,-7,-53,-3,-44,-4,-45,1,-42,6,-45,7,-48,16,-41,16,-52,21,0,0]",1
CSI_DATA,62159,1a:00:00:00:00:00,-37,11,1,0,1,1,1,0,0,0,1,-97,0,11,2,834586035,0,44,0,384,0,"[0,0,0,0,0,0,0,0,0,0,0,0,8,4,8,4,8,4,8,4,8,4,8,4,7,3,7,4,6,3,6,2,6,2,5,1,5,0,5,-1,4,-2,5,-3,5,-4,5,-5,5,-6,6,-7,6,-7,7,-8,8,-8,8,-8,9,-8,9,-8,0,0,9,-8,9,-9,9,-9,10,-9,10,-9,11,-8,11,-8,11,-7,11,-7,11,-7,10,-7,10,-6,10,-6,10,-6,10,-5,9,-5,9,-4,9,-4,8,-4,8,-3,7,-3,7,-3,7,-3,6,-3,7,-3,7,-3,0,0,0,0,0,0,0,0,0,0,0,0,0,0,-4,-51,-5,-53,-8,-48,-2,-55,-10,-55,-9,-58,-13,-48,-12,-50,-11,-49,-13,-49,-11,-47,-12,-39,-12,-40,-13,-39,-17,-33,-17,-28,-18,-22,-21,-22,-22,-14,-30,-9,-39,-2,-38,-4,-42,-1,-50,0,-52,-1,-61,-3,-63,-5,-64,-5,-62,-6,-67,-6,-66,0,-72,-9,-66,-5,-72,-8,-72,-8,-72,-12,-68,-15,-72,-15,-67,-17,-74,-23,-69,-19,-67,-17,-68,-17,-68,-18,-57,-19,-62,-19,-57,-23,-56,-25,-51,-16,-46,-22,-51,-23,-42,-19,-40,-16,-39,-20,-37,-13,-36,-14,-42,-18,0,0,0,0,0,0,0,0,0,0,0,0,0,0,0,0,0,0,0,0,0,0,11,44,5,45,3,44,0,47,3,44,2,43,6,46,1,47,4,52,5,56,3,59,1,61,1,62,-1,63,-5,61,-4,58,-4,61,-5,63,-7,61,-8,53,-9,57,-14,59,-8,54,-9,53,-8,48,-3,45,-2,41,1,44,5,45,7,41,3,39,13,39,9,40,17,39,18,37,17,32,19,34,19,31,23,31,31,31,29,27,38,24,41,27,40,31,42,23,31,28,41,29,40,26,43,28,35,19,40,16,42,11,39,17,42,14,43,5,47,-1,48,-2,0,0]",1
CSI_DATA,62160,1a:00:00:00:00:00,-37,11,1,0,1,1,1,0,0,0,1,-97,0,11,2,834596034,0,44,0,384,0,"[0,0,0,0,0,0,0,0,0,0,0,0,-6,6,-6,6,-6,6,-5,6,-5,6,-5,6,-5,6,-4,6,-4,5,-3,5,-3,5,-2,5,-1,5,0,4,0,5,2,4,3,5,3,5,5,5,5,6,6,7,6,8,6,9,7,9,6,9,6,10,0,0,6,10,6,10,7,10,7,10,7,11,6,11,5,12,5,11,5,11,4,11,4,11,4,10,4,10,4,10,3,10,3,10,3,9,2,9,2,8,2,8,2,7,2,7,2,7,2,7,2,7,2,7,0,0,0,0,0,0,0,0,0,0,0,0,0,0,52,11,50,4,52,1,48,8,47,-6,51,-5,50,1,47,-1,48,-4,38,-9,39,-7,41,-5,38,-8,34,-12,34,-12,28,-12,26,-19,20,-21,15,-25,9,-30,11,-32,8,-37,3,-46,6,-56,7,-50,9,-62,10,-64,12,-65,15,-67,17,-67,11,-69,19,-68,16,-68,13,-69,13,-75,17,-74,18,-70,25,-70,23,-69,23,-68,24,-66,24,-67,25,-65,27,-66,28,-58,23,-58,25,-53,26,-51,24,-47,20,-46,25,-43,18,-41,19,-43,22,-39,20,-41,16,-39,21,-39,0,0,0,0,0,0,0,0,0,0,0,0,0,0,0,0,0,0,0,0,0,0,-45,-8,-48,-11,-42,-12,-43,-18,-40,-14,-40,-11,-45,-12,-46,-14,-52,-11,-51,-13,-49,-13,-53,-19,-57,-20,-56,-24,-57,-28,-51,-27,-55,-20,-54,-25,-56,-24,-52,-32,-53,-29,-50,-27,-44,-28,-45,-25,-43,-16,-43,-20,-44,-12,-44,-14,-45,-12,-42,-8,-40,-4,-42,-5,-43,-3,-37,2,-44,3,-42,7,-42,13,-40,11,-40,13,-37,19,-35,27,-36,21,-39,28,-37,28,-34,31,-35,36,-36,30,-35,27,-39,31,-31,30,-30,34,-26,39,-24,34,-19,32,-13,40,-14,42,-10,47,0,0]",1
CSI_DATA,62161,1a:00:00:00:00:00,-37,11,1,0,1,1,1,0,0,0,1,-97,0,11,2,834606028,0,44,0,384,0,"[0,0,0,0,0,0,0,0,0,0,0,0,-5,-8,-5,-8,-5,-7,-5,-8,-6,-7,-6,-7,-6,-7,-6,-6,-5,-6,-5,-5,-5,-4,-5,-3,-5,-3,-6,-2,-6,-1,-6,0,-6,1,-7,2,-8,3,-9,3,-10,4,-11,4,-12,4,-12,4,-13,3,-13,3,0,0,-13,3,-13,4,-13,4,-13,4,-14,4,-14,3,-14,2,-14,2,-13,2,-13,2,-13,2,-13,1,-12,1,-12,1,-12,1,-12,1,-11,0,-11,0,-10,0,-9,0,-9,0,-9,0,-8,0,-8,0,-8,0,-9,0,0,0,0,0,0,0,0,0,0,0,0,0,0,0,-26,50,-12,47,-18,40,-14,45,-13,44,-14,45,-12,43,-15,46,-9,38,-4,43,-10,39,1,36,0,40,1,37,3,30,8,30,10,30,15,26,18,20,24,16,32,20,38,17,43,16,48,17,53,20,56,19,60,25,63,27,60,28,60,33,57,28,65,31,59,34,63,30,58,29,67,35,69,33,67,36,69,41,59,37,57,38,60,38,56,33,50,39,56,34,51,35,51,36,45,38,40,32,41,32,36,32,36,28,37,28,33,24,30,31,33,25,32,29,0,0,0,0,0,0,0,0,0,0,0,0,0,0,0,0,0,0,0,0,0,0,22,-38,23,-36,26,-36,27,-37,24,-38,25,-36,26,-33,27,-39,25,-41,27,-44,38,-43,35,-43,35,-46,40,-42,42,-46,41,-38,42,-42,46,-42,43,-44,46,-38,42,-37,42,-38,38,-38,31,-32,32,-28,27,-37,26,-33,26,-39,21,-35,23,-35,20,-36,14,-39,12,-40,10,-40,7,-42,6,-40,5,-39,6,-40,3,-40,-1,-38,-10,-40,-8,-41,-14,-41,-14,-43,-19,-43,-17,-46,-19,-40,-18,-39,-19,-40,-23,-34,-28,-38,-25,-29,-29,-26,-33,-30,-38,-30,-37,-31,-43,-24,0,0]",1
CSI_DATA,62162,1a:00:00:00:00:00,-38,11,1,0,1,1,1,0,0,0,1,-97,0,11,2,834616033,0,44,0,384,0,"[0,0,0,0,0,0,0,0,0,0,0,0,8,-4,7,-4,7,-5,7,-5,6,-5,6,-5,6,-5,6,-4,5,-5,5,-4,4,-5,3,-5,2,-5,1,-5,1,-5,0,-6,-1,-6,-2,-7,-3,-8,-3,-9,-3,-10,-3,-11,-3,-12,-3,-12,-3,-12,-3,-12,0,0,-2,-12,-3,-13,-3,-13,-3,-13,-3,-13,-3,-14,-2,-14,-2,-14,-1,-14,-1,-13,-1,-13,-1,-12,-1,-12,-1,-12,0,-12,0,-11,0,-11,0,-10,0,-10,1,-9,1,-9,0,-9,0,-9,0,-8,0,-8,0,-8,0,0,0,0,0,0,0,0,0,0,0,0,0,0,-53,-16,-40,-18,-46,-15,-47,-20,-47,-13,-49,-11,-46,-9,-45,-12,-44,-10,-40,-5,-41,-5,-42,-8,-40,-4,-39,-1,-32,0,-30,2,-31,8,-26,14,-21,15,-21,23,-16,26,-20,33,-19,35,-21,42,-23,47,-28,54,-28,55,-32,54,-34,56,-33,55,-38,55,-34,55,-39,56,-32,57,-35,60,-40,65,-38,60,-43,64,-45,52,-43,58,-43,53,-42,50,-44,51,-42,51,-42,45,-41,46,-44,37,-38,42,-41,33,-40,35,-40,28,-38,30,-37,30,-36,29,-28,28,-30,31,-31,27,0,0,0,0,0,0,0,0,0,0,0,0,0,0,0,0,0,0,0,0,0,0,44,8,41,18,41,17,36,18,44,14,40,14,39,14,43,16,45,14,52,14,53,25,52,24,52,21,51,24,49,32,51,26,50,26,50,36,53,30,48,34,46,34,45,33,36,30,42,26,38,22,39,21,37,18,44,17,42,12,44,12,39,10,45,9,40,6,38,11,44,4,40,-3,34,5,42,-5,44,-6,34,-8,33,-14,38,-16,35,-16,43,-24,38,-21,36,-23,34,-21,31,-23,37,-26,32,-24,28,-24,23,-31,27,-31,23,-34,19,-43,16,-46,24,-50,0,0]",1
CSI_DATA,62163,1a:00:00:00:00:00,-38,11,1,0,1,1,1,0,0,0,1,-97,0,11,2,834626024,0,44,0,384,0,"[0,0,0,0,0,0,0,0,0,0,0,0,0,9,1,9,1,8,1,8,1,8,1,8,1,8,1,7,1,7,2,6,2,6,2,5,2,4,3,3,3,2,4,1,5,1,6,0,7,0,8,0,9,0,10,0,11,0,11,1,11,1,11,1,0,0,12,2,12,1,12,1,12,1,13,1,13,2,13,2,12,2,12,3,12,3,12,3,11,3,11,3,11,3,10,4,10,4,9,4,9,4,8,4,8,4,7,3,7,3,7,3,7,3,7,3,7,3,0,0,0,0,0,0,0,0,0,0,0,0,0,0,46,-34,37,-30,36,-34,36,-31,36,-38,34,-33,35,-34,32,-37,31,-32,24,-38,27,-35,28,-35,24,-28,18,-34,20,-33,13,-28,5,-29,2,-28,-2,-27,-10,-26,-13,-30,-20,-29,-25,-33,-28,-35,-33,-40,-34,-48,-32,-47,-38,-50,-33,-54,-33,-54,-34,-54,-38,-57,-33,-57,-38,-50,-42,-53,-41,-57,-38,-56,-33,-63,-34,-64,-34,-63,-31,-62,-30,-58,-29,-67,-31,-59,-25,-58,-26,-60,-23,-62,-23,-51,-15,-52,-12,-50,-15,-49,-10,-41,-13,-45,-12,-46,-16,-41,-17,-40,-11,-42,0,0,0,0,0,0,0,0,0,0,0,0,0,0,0,0,0,0,0,0,0,0,-29,34,-36,31,-34,31,-38,29,-36,29,-35,27,-32,30,-40,34,-36,37,-41,34,-42,35,-47,34,-48,38,-53,35,-49,32,-50,27,-53,32,-50,30,-50,29,-54,29,-54,18,-49,26,-53,22,-42,22,-41,15,-35,26,-32,27,-35,27,-28,27,-27,27,-27,27,-26,32,-25,33,-21,36,-21,36,-20,36,-14,33,-14,38,-12,40,-7,32,-7,39,1,41,0,40,0,43,5,46,6,47,6,41,2,44,10,46,7,45,14,39,18,42,17,37,23,36,22,36,25,35,31,39,0,0]",1
CSI_DATA,62164,1a:00:00:00:00:00,-38,11,1,0,1,1,1,0,0,0,1,-97,0,11,2,834636045,0,44,0,384,0,"[0,0,0,0,0,0,0,0,0,0,0,0,-10,-3,-9,-2,-9,-2,-9,-2,-9,-2,-9,-1,-9,-1,-8,-2,-8,-1,-7,-1,-7,0,-6,0,-6,0,-5,1,-4,2,-4,3,-3,4,-3,5,-3,6,-3,7,-4,8,-4,9,-5,9,-5,10,-6,10,-6,10,0,0,-6,10,-6,10,-6,10,-6,11,-7,11,-7,11,-8,10,-8,9,-8,10,-8,9,-8,9,-8,9,-8,9,-8,8,-8,8,-8,8,-8,7,-8,7,-8,6,-7,5,-7,5,-6,5,-6,5,-6,5,-7,5,-6,5,0,0,0,0,0,0,0,0,0,0,0,0,0,0,29,44,23,37,24,51,24,45,26,40,29,44,31,31,25,39,24,34,31,40,25,31,26,32,24,29,24,25,31,23,22,21,23,14,22,6,21,5,23,-1,29,-3,29,-11,38,-15,40,-17,44,-21,48,-23,55,-19,58,-22,59,-21,62,-19,58,-24,58,-12,58,-19,63,-19,64,-23,71,-21,70,-25,70,-16,72,-15,68,-14,60,-4,62,-9,65,-7,65,-11,63,-6,62,-4,61,-2,57,1,54,0,53,0,47,2,39,5,47,-2,47,0,43,1,47,4,46,0,0,0,0,0,0,0,0,0,0,0,0,0,0,0,0,0,0,0,0,0,0,0,-39,-36,-34,-40,-29,-33,-32,-41,-26,-36,-27,-34,-25,-34,-30,-37,-33,-41,-37,-41,-37,-48,-34,-49,-33,-53,-32,-49,-30,-54,-23,-53,-34,-52,-28,-54,-29,-57,-25,-55,-18,-57,-19,-54,-14,-49,-16,-44,-17,-40,-17,-39,-26,-38,-26,-34,-25,-27,-25,-28,-22,-28,-25,-32,-31,-25,-32,-29,-34,-23,-36,-22,-31,-22,-37,-16,-32,-12,-40,-13,-40,-8,-44,-7,-43,-2,-50,-5,-46,-6,-44,-10,-50,-10,-50,1,-51,0,-48,1,-41,7,-43,6,-44,7,-45,12,-49,14,-49,27,-44,21,0,0]",1
CSI_DATA,62165,1a:00:00:00:00:00,-38,11,1,0,1,1,1,0,0,0,1,-97,0,11,2,834646028,0,44,0,384,0,"[0,0,0,0,0,0,0,0,0,0,0,0,3,-8,3,-8,2,-8,2,-8,2,-8,2,-8,2,-8,1,-8,1,-8,1,-7,0,-6,0,-6,-1,-5,-2,-5,-2,-5,-4,-4,-4,-4,-6,-4,-7,-4,-8,-4,-9,-5,-10,-5,-10,-6,-10,-6,-10,-7,-10,-7,0,0,-10,-7,-11,-7,-11,-7,-11,-7,-11,-7,-11,-8,-11,-9,-11,-8,-10,-9,-10,-8,-10,-8,-9,-8,-9,-8,-9,-8,-8,-8,-8,-8,-8,-8,-7,-8,-7,-8,-6,-7,-6,-7,-6,-7,-6,-6,-6,-6,-6,-6,-6,-6,0,0,0,0,0,0,0,0,0,0,0,0,0,0,-46,11,-45,8,-47,11,-48,18,-44,23,-44,14,-41,21,-41,19,-38,20,-35,22,-36,22,-36,25,-34,21,-27,17,-25,26,-14,20,-16,26,-8,21,-7,25,0,28,0,28,10,32,12,34,15,40,20,47,17,50,20,51,17,59,16,61,20,67,16,60,18,64,16,62,16,64,18,64,15,65,17,66,14,68,12,73,15,72,9,65,15,67,11,66,8,63,7,65,9,65,3,61,2,57,3,53,-3,52,-4,53,0,41,2,45,0,41,2,41,7,41,3,44,0,0,0,0,0,0,0,0,0,0,0,0,0,0,0,0,0,0,0,0,0,0,51,-14,48,-5,50,-9,44,-3,49,-5,47,-3,43,-2,48,-6,51,-5,58,-8,59,-4,59,-5,62,-6,67,-2,60,1,60,-2,61,2,63,5,62,2,63,8,61,12,57,9,53,9,47,7,45,2,45,-2,43,-7,42,-7,41,-10,37,-12,37,-15,39,-17,34,-14,32,-19,34,-20,33,-21,31,-24,26,-24,29,-25,25,-26,25,-34,17,-36,18,-42,26,-42,16,-40,9,-37,17,-45,14,-37,8,-44,11,-38,11,-36,9,-40,-1,-43,-9,-44,-6,-49,-9,-49,-5,-52,0,0]",1
CSI_DATA,62166,1a:00:00:00:00:00,-38,11,1,0,1,1,1,0,0,0,1,-97,0,11,2,834696043,0,44,0,384,0,"[0,0,0,0,0,0,0,0,0,0,0,0,-4,8,-4,8,-4,8,-4,8,-3,8,-3,8,-3,8,-3,7,-3,7,-2,7,-2,7,-2,6,-1,6,0,5,0,5,1,4,2,4,3,4,4,4,5,5,5,5,6,6,7,7,7,7,7,8,7,8,0,0,6,8,7,8,7,8,7,8,7,9,7,9,6,10,6,10,5,10,5,9,5,9,4,9,4,9,4,9,3,9,3,9,3,9,2,8,2,8,2,7,1,7,1,6,1,6,1,6,2,6,2,6,0,0,0,0,0,0,0,0,0,0,0,0,0,0,50,-6,53,-13,50,-16,45,-15,53,-18,50,-11,45,-20,44,-14,42,-20,40,-21,41,-19,43,-16,33,-17,32,-18,29,-20,28,-21,24,-20,19,-20,17,-27,14,-24,10,-30,3,-33,4,-36,1,-40,0,-46,0,-48,-1,-54,5,-61,4,-62,0,-60,3,-59,7,-64,3,-61,3,-62,6,-59,8,-60,6,-64,12,-67,11,-67,18,-68,19,-59,18,-56,14,-58,17,-57,19,-54,20,-53,22,-48,21,-50,19,-43,22,-41,20,-40,20,-38,18,-31,18,-37,17,-32,15,-35,19,-30,0,0,0,0,0,0,0,0,0,0,0,0,0,0,0,0,0,0,0,0,0,0,-28,43,-33,35,-31,36,-34,34,-33,39,-33,33,-35,39,-35,40,-35,40,-41,44,-43,47,-46,39,-53,39,-53,38,-51,34,-46,33,-52,33,-53,36,-59,38,-55,28,-52,29,-52,33,-52,23,-47,23,-49,25,-41,29,-41,32,-41,28,-38,27,-36,36,-37,31,-33,36,-29,35,-29,36,-29,38,-33,40,-27,39,-22,39,-24,40,-19,38,-14,44,-15,43,-16,48,-14,51,-9,47,-14,50,-11,49,-8,49,-10,51,-4,47,-6,53,2,48,-2,46,1,48,8,55,8,53,3,54,0,0]",1
CSI_DATA,62167,1a:00:00:00:00:00,-37,11,1,0,1,1,1,0,0,0,1,-97,0,11,2,834706038,0,44,0,384,0,"[0,0,0,0,0,0,0,0,0,0,0,0,-9,-5,-9,-5,-9,-4,-9,-4,-9,-4,-9,-4,-8,-4,-8,-4,-8,-4,-7,-3,-7,-3,-7,-2,-6,-2,-6,-1,-6,0,-6,1,-6,2,-6,3,-6,4,-6,4,-7,5,-8,6,-8,6,-9,6,-9,6,-9,6,0,0,-10,6,-10,5,-10,6,-10,6,-11,6,-11,6,-11,5,-11,5,-11,4,-11,4,-11,4,-11,4,-11,4,-11,3,-10,2,-10,2,-9,2,-9,2,-9,2,-8,1,-8,1,-8,1,-7,1,-7,1,-7,1,-7,1,0,0,0,0,0,0,0,0,0,0,0,0,0,0,-6,52,-1,48,3,49,0,54,1,51,6,52,7,48,6,51,6,48,4,48,6,48,8,47,9,45,12,40,14,35,8,34,13,34,14,24,17,22,20,20,28,17,29,15,36,11,38,11,43,13,50,12,56,17,57,18,49,24,56,20,52,21,55,27,55,22,59,22,62,22,57,27,59,25,64,31,55,32,58,34,57,32,49,35,54,34,51,34,48,35,42,33,44,38,42,32,37,34,32,33,31,33,30,29,29,29,26,28,24,24,27,24,26,30,0,0,0,0,0,0,0,0,0,0,0,0,0,0,0,0,0,0,0,0,0,0,-31,-37,-29,-43,-29,-41,-28,-42,-27,-42,-25,-43,-22,-41,-26,-50,-29,-47,-31,-49,-32,-54,-27,-57,-26,-60,-22,-58,-25,-58,-18,-62,-23,-62,-18,-60,-20,-62,-15,-62,-13,-63,-12,-58,-11,-52,-16,-51,-13,-51,-14,-47,-17,-48,-19,-46,-22,-40,-23,-44,-21,-42,-27,-43,-25,-42,-23,-38,-25,-36,-28,-34,-30,-38,-30,-35,-31,-31,-33,-27,-38,-29,-40,-22,-44,-28,-46,-20,-43,-28,-49,-17,-50,-21,-46,-25,-47,-21,-48,-17,-47,-17,-48,-14,-51,-15,-44,-9,-49,-13,-52,-7,-58,1,0,0]",1
CSI_DATA,62168,1a:00:00:00:00:00,-37,11,1,0,1,1,1,0,0,0,1,-97,0,11,2,834716024,0,44,0,384,0,"[0,0,0,0,0,0,0,0,0,0,0,0,6,-8,6,-8,5,-8,5,-8,5,-8,5,-8,5,-8,5,-7,4,-7,4,-7,3,-7,3,-6,2,-6,1,-6,0,-5,-1,-6,-2,-6,-3,-6,-4,-7,-5,-7,-5,-8,-5,-9,-5,-9,-6,-10,-6,-11,-6,-10,0,0,-5,-11,-6,-11,-6,-11,-6,-11,-6,-12,-5,-12,-5,-13,-4,-12,-4,-12,-3,-12,-4,-12,-3,-11,-3,-11,-3,-11,-2,-11,-2,-10,-2,-10,-2,-9,-1,-9,-1,-9,-1,-9,-1,-8,-1,-8,-2,-8,-1,-8,-1,-8,0,0,0,0,0,0,0,0,0,0,0,0,0,0,-53,-11,-49,-5,-53,-3,-49,2,-52,-1,-52,0,-48,2,-52,5,-47,5,-44,6,-46,9,-45,6,-43,7,-37,8,-36,8,-34,6,-33,14,-24,10,-25,15,-20,19,-15,24,-16,29,-16,33,-7,37,-16,50,-19,47,-15,46,-21,50,-24,55,-22,54,-23,54,-24,59,-22,51,-21,54,-22,54,-26,61,-26,56,-33,60,-34,59,-33,56,-36,52,-31,55,-34,49,-34,48,-38,42,-32,46,-33,42,-33,41,-32,32,-31,33,-33,34,-30,34,-30,31,-27,27,-28,27,-27,28,-30,32,0,0,0,0,0,0,0,0,0,0,0,0,0,0,0,0,0,0,0,0,0,0,40,-23,43,-24,40,-21,45,-20,44,-22,45,-17,41,-19,44,-22,47,-22,51,-21,57,-18,59,-18,61,-16,61,-14,62,-15,61,-12,63,-14,59,-11,61,-11,62,-9,52,-3,58,-4,49,-2,47,-2,47,-4,45,-6,38,-12,46,-10,40,-11,42,-14,41,-15,40,-18,37,-19,38,-20,39,-24,32,-22,35,-23,35,-28,33,-30,31,-32,27,-33,24,-35,25,-38,23,-39,23,-40,27,-45,20,-43,22,-43,22,-45,21,-43,15,-39,17,-45,11,-48,11,-50,7,-46,10,-50,3,-51,0,0]",1
CSI_DATA,62169,1a:00:00:00:00:00,-37,11,1,0,1,1,1,0,0,0,1,-97,0,11,2,834736041,0,44,0,384,0,"[0,0,0,0,0,0,0,0,0,0,0,0,-10,2,-10,3,-10,3,-9,3,-9,3,-9,3,-9,3,-9,3,-8,3,-7,3,-7,3,-6,3,-5,3,-4,3,-4,3,-3,4,-2,5,-1,5,-1,6,0,7,0,8,0,9,-1,10,-1,10,-1,10,-1,10,0,0,-2,11,-2,11,-1,11,-2,11,-2,12,-2,12,-3,12,-3,11,-4,11,-4,10,-4,11,-4,10,-4,9,-3,9,-4,9,-4,9,-4,8,-4,8,-4,7,-4,7,-4,7,-4,6,-4,7,-3,7,-4,6,-4,6,0,0,0,0,0,0,0,0,0,0,0,0,0,0,46,41,41,40,44,33,43,35,44,32,42,34,43,28,45,32,43,28,40,22,44,25,43,24,40,21,38,17,29,18,33,13,29,9,31,6,30,2,26,-6,32,-10,31,-17,31,-22,37,-24,33,-26,41,-29,47,-32,48,-33,52,-28,50,-31,52,-28,53,-27,53,-29,55,-30,55,-33,55,-30,58,-30,60,-27,61,-24,62,-20,56,-18,59,-19,59,-21,58,-19,51,-13,55,-14,54,-14,52,-11,51,-15,43,-8,47,-7,41,-8,43,-12,42,-8,38,-7,39,-3,41,-3,0,0,0,0,0,0,0,0,0,0,0,0,0,0,0,0,0,0,0,0,0,0,-50,-3,-54,-10,-50,-9,-48,-13,-52,-14,-48,-15,-48,-15,-50,-15,-57,-16,-53,-17,-57,-20,-55,-22,-61,-25,-56,-26,-61,-23,-55,-32,-56,-33,-50,-32,-56,-36,-54,-39,-54,-37,-45,-38,-45,-35,-44,-31,-42,-26,-39,-29,-45,-20,-43,-20,-43,-19,-43,-14,-41,-14,-44,-11,-46,-14,-42,-9,-44,-6,-41,-5,-42,0,-42,2,-45,4,-43,6,-42,11,-41,14,-46,13,-43,19,-42,15,-48,24,-41,21,-46,18,-44,21,-44,27,-40,26,-39,28,-42,34,-37,30,-36,42,-35,34,-38,38,0,0]",1
CSI_DATA,62170,1a:00:00:00:00:00,-37,11,1,0,1,1,1,0,0,0,1,-97,0,11,2,834756041,0,44,0,384,0,"[0,0,0,0,0,0,0,0,0,0,0,0,10,0,9,0,9,0,9,0,9,0,9,0,9,0,8,0,8,0,7,0,7,-1,6,-1,5,-2,5,-2,4,-3,4,-4,3,-5,3,-6,3,-7,3,-8,4,-8,4,-9,5,-10,5,-10,6,-10,6,-10,0,0,7,-10,6,-10,7,-10,7,-10,7,-10,8,-10,8,-9,8,-9,8,-8,8,-8,7,-8,7,-8,7,-7,7,-7,7,-7,7,-6,7,-6,7,-6,7,-5,6,-5,6,-5,6,-5,6,-5,5,-5,6,-5,6,-4,0,0,0,0,0,0,0,0,0,0,0,0,0,0,-30,-56,-21,-55,-30,-55,-29,-55,-28,-45,-32,-52,-28,-47,-29,-46,-30,-41,-30,-41,-27,-40,-29,-42,-29,-37,-27,-34,-26,-24,-27,-25,-24,-23,-28,-17,-29,-13,-25,-12,-35,-5,-36,3,-40,5,-46,6,-46,6,-54,7,-52,7,-55,8,-60,2,-63,6,-64,0,-67,3,-62,-2,-67,2,-63,5,-69,0,-64,-3,-67,-6,-66,-9,-64,-10,-60,-11,-62,-13,-62,-10,-60,-7,-63,-8,-50,-9,-55,-17,-51,-13,-50,-17,-42,-18,-41,-18,-44,-14,-44,-16,-40,-10,-40,-13,-42,-12,-39,-18,0,0,0,0,0,0,0,0,0,0,0,0,0,0,0,0,0,0,0,0,0,0,48,10,49,13,47,18,49,23,44,22,43,25,44,22,44,22,49,27,50,29,57,31,55,38,53,42,55,41,55,47,43,44,48,44,48,44,47,51,39,50,40,48,37,49,33,44,36,39,32,40,30,38,31,34,36,33,32,33,35,27,35,26,36,23,37,18,38,20,37,14,40,19,41,14,41,7,43,9,44,4,47,6,45,0,49,-3,52,-5,52,-3,44,-1,53,-2,52,1,52,-5,44,-6,50,-9,49,-11,47,-14,38,-15,47,-23,52,-25,48,-30,0,0]",1
CSI_DATA,62171,1a:00:00:00:00:00,-37,11,1,0,1,1,1,0,0,0,1,-97,0,11,2,834776039,0,44,0,384,0,"[0,0,0,0,0,0,0,0,0,0,0,0,-9,-6,-9,-6,-9,-6,-8,-5,-8,-5,-8,-5,-8,-4,-8,-5,-7,-4,-7,-3,-7,-3,-7,-2,-6,-2,-6,-1,-6,0,-6,1,-6,2,-6,3,-6,4,-7,4,-8,5,-9,5,-10,5,-10,6,-10,5,-10,5,0,0,-11,5,-11,5,-11,5,-11,5,-11,5,-12,5,-12,4,-12,4,-12,3,-12,3,-11,3,-11,3,-11,2,-11,2,-11,2,-10,2,-10,1,-9,1,-9,1,-9,1,-9,0,-8,0,-8,1,-7,1,-8,0,-8,0,0,0,0,0,0,0,0,0,0,0,0,0,0,0,4,61,3,54,4,55,4,51,7,56,9,52,6,48,7,50,6,43,14,41,10,46,8,43,15,41,14,34,11,34,14,32,12,28,22,24,23,22,23,13,31,15,33,15,40,7,39,13,50,12,55,14,54,17,57,18,56,18,57,17,57,21,64,28,61,24,62,22,61,20,64,26,62,24,57,25,63,30,60,30,55,34,50,34,51,33,52,30,47,37,45,33,42,33,40,37,37,27,37,31,33,28,33,32,31,28,31,28,29,24,27,29,27,29,0,0,0,0,0,0,0,0,0,0,0,0,0,0,0,0,0,0,0,0,0,0,-37,-30,-35,-35,-32,-35,-28,-41,-26,-35,-29,-37,-30,-35,-30,-41,-34,-43,-34,-46,-29,-52,-28,-53,-31,-56,-28,-57,-27,-58,-25,-54,-27,-59,-24,-59,-24,-57,-19,-61,-17,-55,-20,-56,-16,-51,-13,-53,-15,-46,-18,-47,-15,-44,-22,-45,-19,-40,-20,-41,-18,-38,-28,-38,-27,-33,-27,-34,-34,-31,-28,-31,-34,-30,-36,-29,-35,-25,-38,-22,-45,-25,-42,-22,-44,-25,-46,-24,-50,-21,-44,-25,-49,-18,-45,-21,-50,-19,-42,-13,-47,-14,-44,-4,-49,-9,-43,-3,-52,0,-51,2,-51,2,0,0]",1
CSI_DATA,62172,1a:00:00:00:00:00,-37,11,1,0,1,1,1,0,0,0,1,-97,0,11,2,834786041,0,44,0,384,0,"[0,0,0,0,0,0,0,0,0,0,0,0,8,-7,7,-7,7,-7,7,-7,6,-7,6,-7,6,-7,5,-6,5,-6,5,-6,4,-6,3,-6,2,-5,2,-6,1,-6,0,-6,-1,-6,-2,-7,-3,-7,-3,-8,-3,-9,-4,-10,-4,-11,-4,-11,-3,-12,-3,-12,0,0,-3,-12,-3,-12,-3,-12,-3,-13,-3,-13,-3,-13,-2,-13,-1,-13,-1,-12,-1,-12,-1,-12,-1,-12,-1,-11,0,-11,0,-11,0,-11,0,-10,0,-10,0,-9,1,-9,1,-8,0,-8,0,-8,0,-8,0,-8,1,-8,0,0,0,0,0,0,0,0,0,0,0,0,0,0,-56,-21,-61,-24,-49,-20,-57,-22,-59,-17,-53,-19,-49,-17,-49,-13,-49,-17,-47,-13,-46,-16,-44,-4,-51,-9,-38,-5,-34,-7,-36,-1,-32,1,-33,5,-36,10,-21,16,-28,21,-26,26,-23,31,-27,33,-32,40,-34,43,-33,44,-45,44,-46,41,-40,47,-47,43,-52,44,-48,42,-44,48,-51,44,-49,44,-50,42,-55,48,-51,39,-57,41,-49,38,-52,36,-54,34,-57,34,-53,31,-49,27,-49,26,-47,25,-45,20,-44,17,-44,18,-44,13,-43,11,-39,15,-42,15,-39,15,-40,15,0,0,0,0,0,0,0,0,0,0,0,0,0,0,0,0,0,0,0,0,0,0,43,-18,45,-13,47,-7,48,-8,44,-9,47,-14,44,-10,50,-13,54,-12,58,-9,58,-8,59,-6,65,-4,61,-5,66,2,59,3,59,2,66,1,61,2,61,12,60,12,60,12,55,13,51,12,51,8,50,2,47,2,49,3,48,3,50,0,43,-4,44,-3,40,-7,39,-5,36,-7,40,-13,33,-11,38,-15,35,-21,38,-25,35,-27,34,-26,32,-31,35,-36,33,-30,29,-31,35,-32,34,-36,32,-34,27,-35,24,-39,26,-42,23,-42,17,-41,20,-44,15,-51,19,-54,0,0]",1
CSI_DATA,62173,1a:00:00:00:00:00,-37,11,1,0,1,1,1,0,0,0,1,-97,0,11,2,834796703,0,44,0,384,0,"[0,0,0,0,0,0,0,0,0,0,0,0,-7,8,-6,8,-6,8,-6,8,-6,8,-6,8,-6,8,-5,7,-5,7,-4,7,-4,6,-3,6,-3,6,-2,6,-1,5,0,5,1,5,2,6,3,6,4,7,4,7,5,8,5,9,5,10,5,10,5,10,0,0,4,10,5,11,5,10,5,11,5,11,4,12,3,12,3,12,3,12,2,12,2,11,2,11,2,11,2,10,1,10,1,10,1,10,0,9,0,8,0,8,0,8,0,7,0,8,0,7,0,7,0,7,0,0,0,0,0,0,0,0,0,0,0,0,0,0,62,-15,62,-19,65,-10,59,-8,51,-10,49,-10,53,-11,51,-12,47,-15,50,-14,49,-17,46,-19,45,-19,38,-18,35,-17,32,-21,32,-19,24,-20,17,-23,17,-31,14,-32,9,-36,11,-40,9,-44,7,-51,5,-55,8,-57,16,-62,13,-61,15,-58,14,-55,13,-65,17,-59,13,-65,18,-62,18,-69,21,-62,23,-68,27,-62,23,-60,30,-62,23,-62,31,-55,29,-59,32,-54,28,-50,28,-50,25,-46,28,-44,27,-39,26,-36,24,-38,24,-37,24,-36,24,-31,24,-35,27,-30,0,0,0,0,0,0,0,0,0,0,0,0,0,0,0,0,0,0,0,0,0,0,-34,31,-39,31,-37,30,-40,25,-42,27,-36,25,-36,28,-40,29,-44,33,-51,33,-55,33,-53,27,-58,30,-56,24,-65,19,-56,19,-56,22,-60,23,-63,19,-62,19,-56,12,-55,11,-54,13,-50,13,-45,15,-43,14,-43,21,-44,13,-41,20,-40,20,-38,23,-40,23,-38,22,-32,26,-33,25,-26,24,-28,27,-30,32,-27,35,-21,31,-20,38,-12,42,-16,39,-11,48,-15,43,-12,43,-10,43,-11,48,-11,45,-6,46,-6,45,-4,44,-1,50,9,50,7,55,5,55,6,56,0,0]",1
CSI_DATA,62174,1a:00:00:00:00:00,-38,11,1,0,1,1,1,0,0,0,1,-97,0,11,2,834806013,0,44,0,384,0,"[0,0,0,0,0,0,0,0,0,0,0,0,-11,1,-11,1,-10,2,-10,2,-10,2,-10,2,-9,1,-9,1,-9,1,-8,2,-8,2,-7,2,-6,2,-5,3,-4,3,-4,4,-3,5,-3,6,-2,7,-3,8,-3,9,-3,10,-4,10,-4,11,-4,11,-4,11,0,0,-5,11,-4,11,-4,11,-5,12,-5,11,-6,11,-6,11,-6,11,-7,11,-7,10,-7,10,-7,9,-6,9,-7,9,-7,8,-7,8,-6,7,-6,7,-6,6,-6,6,-6,6,-5,6,-6,6,-5,6,-5,6,-6,5,0,0,0,0,0,0,0,0,0,0,0,0,0,0,46,35,47,35,51,28,45,31,42,31,45,29,48,27,45,25,46,29,44,22,46,23,42,18,42,19,41,14,36,11,33,10,35,7,33,-1,30,0,29,-13,32,-18,33,-21,33,-24,37,-31,37,-28,47,-38,47,-35,51,-37,50,-36,55,-33,53,-33,57,-37,55,-30,53,-41,52,-34,58,-34,59,-35,61,-31,66,-29,64,-34,58,-26,58,-27,60,-26,57,-24,56,-19,55,-19,56,-17,50,-13,48,-12,45,-11,41,-6,40,-9,44,-10,36,-11,40,-15,40,-12,40,-8,0,0,0,0,0,0,0,0,0,0,0,0,0,0,0,0,0,0,0,0,0,0,-48,-6,-48,-10,-52,-13,-49,-15,-45,-14,-43,-14,-45,-14,-50,-13,-52,-11,-55,-17,-59,-22,-59,-23,-60,-25,-55,-30,-51,-32,-49,-29,-52,-35,-53,-33,-53,-35,-56,-37,-46,-36,-51,-34,-41,-37,-43,-29,-39,-26,-43,-22,-44,-20,-42,-19,-44,-19,-44,-12,-42,-15,-44,-14,-41,-16,-43,-12,-40,-9,-40,-5,-39,-3,-40,0,-40,6,-37,9,-38,10,-39,8,-36,18,-44,17,-41,14,-37,16,-39,20,-39,21,-39,23,-33,22,-35,25,-35,30,-29,38,-31,33,-31,46,-31,41,-32,45,0,0]",1
CSI_DATA,62175,1a:00:00:00:00:00,-38,11,1,0,1,1,1,0,0,0,1,-97,0,11,2,834816041,0,44,0,384,0,"[0,0,0,0,0,0,0,0,0,0,0,0,2,-10,2,-10,2,-10,2,-10,1,-10,1,-9,1,-9,1,-9,1,-9,0,-8,0,-8,0,-7,-1,-6,-2,-6,-3,-5,-4,-5,-5,-5,-6,-5,-7,-5,-8,-6,-8,-6,-9,-7,-9,-8,-10,-8,-9,-9,-10,-8,0,0,-10,-9,-10,-8,-10,-8,-10,-9,-10,-9,-10,-10,-10,-10,-9,-10,-8,-10,-8,-10,-8,-10,-8,-10,-7,-10,-7,-9,-7,-9,-6,-9,-6,-9,-5,-8,-5,-8,-5,-8,-5,-8,-5,-7,-5,-7,-5,-7,-5,-7,-4,-7,0,0,0,0,0,0,0,0,0,0,0,0,0,0,-55,20,-55,17,-50,20,-57,26,-48,22,-56,20,-46,18,-48,22,-41,24,-41,25,-44,24,-43,20,-33,24,-31,24,-34,21,-26,22,-21,29,-14,25,-13,26,-10,32,-2,33,6,41,4,37,1,47,2,50,6,58,2,54,2,63,1,66,3,65,2,59,2,65,-4,68,4,65,7,68,-1,71,0,72,-7,70,-13,68,-10,71,-11,63,-10,59,-15,61,-9,63,-5,58,-7,55,-17,55,-14,57,-15,47,-14,39,-14,45,-12,41,-13,40,-13,44,-11,40,-9,40,-15,41,0,0,0,0,0,0,0,0,0,0,0,0,0,0,0,0,0,0,0,0,0,0,35,-36,36,-35,39,-30,39,-29,41,-26,38,-31,40,-35,39,-31,49,-33,48,-35,50,-30,58,-34,54,-30,60,-29,59,-23,58,-25,56,-24,55,-25,56,-20,58,-18,61,-16,58,-12,53,-17,46,-14,44,-16,48,-21,42,-20,42,-21,43,-24,39,-26,33,-24,33,-25,36,-26,30,-23,29,-26,29,-28,28,-30,20,-26,22,-30,17,-35,19,-33,11,-40,9,-44,12,-44,10,-46,2,-40,4,-45,7,-43,8,-45,6,-44,2,-44,-6,-46,-7,-43,-13,-44,-16,-44,-14,-50,-15,-44,0,0]",1
CSI_DATA,62176,1a:00:00:00:00:00,-38,11,1,0,1,1,1,0,0,0,1,-97,0,11,2,834826039,0,44,0,384,0,"[0,0,0,0,0,0,0,0,0,0,0,0,8,5,7,4,7,4,8,4,7,4,7,3,7,3,6,3,6,3,6,2,6,2,5,1,5,0,4,-1,4,-1,4,-3,4,-4,5,-5,5,-6,6,-7,7,-7,7,-8,8,-7,9,-8,9,-7,9,-7,0,0,9,-7,9,-8,9,-8,9,-8,10,-8,11,-7,11,-7,11,-6,10,-6,10,-5,10,-5,10,-5,9,-5,9,-4,9,-4,9,-4,9,-3,8,-4,8,-3,7,-3,7,-3,6,-3,6,-3,6,-3,7,-3,7,-3,0,0,0,0,0,0,0,0,0,0,0,0,0,0,-15,-56,-9,-56,-16,-50,-17,-57,-15,-53,-15,-51,-14,-50,-16,-44,-18,-44,-20,-47,-17,-36,-16,-37,-17,-41,-18,-32,-19,-35,-18,-29,-22,-22,-19,-16,-27,-12,-33,-11,-33,-4,-41,-5,-42,-4,-50,-1,-54,3,-59,3,-61,-4,-63,-5,-64,-6,-68,-6,-67,-7,-66,-9,-64,-8,-71,-5,-70,-10,-68,-9,-67,-13,-69,-19,-69,-13,-66,-23,-63,-21,-59,-23,-60,-17,-62,-21,-52,-22,-52,-22,-53,-21,-49,-21,-43,-19,-39,-21,-39,-21,-37,-16,-37,-16,-35,-14,-36,-15,-39,-14,-39,-19,0,0,0,0,0,0,0,0,0,0,0,0,0,0,0,0,0,0,0,0,0,0,32,36,30,46,29,42,23,43,24,47,23,42,27,42,26,46,22,48,26,55,21,51,24,60,24,60,23,61,21,57,14,56,20,61,18,64,19,59,11,60,15,60,10,61,9,54,14,53,9,53,13,44,16,48,19,43,15,39,19,38,19,40,24,41,18,34,20,34,25,38,29,34,32,32,26,26,35,26,30,25,32,22,35,16,40,18,42,20,39,18,47,13,46,9,45,14,45,13,42,8,43,10,43,3,40,8,41,0,51,-8,51,-4,51,-10,0,0]",1
CSI_DATA,62177,1a:00:00:00:00:00,-38,11,1,0,1,1,1,0,0,0,1,-97,0,11,2,834836019,0,44,0,384,0,"[0,0,0,0,0,0,0,0,0,0,0,0,-8,6,-7,6,-7,6,-6,6,-7,6,-6,6,-6,6,-6,5,-5,5,-4,5,-4,5,-4,5,-2,4,-1,4,0,4,1,5,2,5,3,5,4,6,4,7,5,8,5,9,4,10,5,10,4,10,4,10,0,0,4,10,5,10,5,10,5,11,4,11,4,12,3,12,3,12,3,11,2,11,2,11,2,10,2,10,2,9,1,10,1,9,1,9,1,8,1,8,1,7,0,7,1,7,1,7,1,7,1,7,1,7,0,0,0,0,0,0,0,0,0,0,0,0,0,0,55,-8,52,2,52,-1,48,-8,47,0,49,-6,47,-15,44,-8,46,-8,41,-6,39,-16,37,-9,36,-16,34,-14,30,-14,29,-14,22,-18,16,-21,13,-20,10,-27,6,-32,3,-37,5,-39,2,-46,7,-51,5,-55,6,-62,12,-62,14,-68,16,-59,13,-56,15,-58,17,-58,16,-60,14,-67,17,-62,12,-68,24,-62,25,-67,20,-65,21,-59,20,-59,26,-59,22,-55,23,-53,18,-52,25,-50,29,-48,24,-40,21,-40,18,-38,17,-37,17,-37,17,-40,15,-37,16,-40,18,-36,0,0,0,0,0,0,0,0,0,0,0,0,0,0,0,0,0,0,0,0,0,0,-45,26,-45,19,-49,16,-46,15,-47,17,-47,8,-49,14,-49,16,-50,16,-52,17,-55,14,-61,14,-60,11,-61,11,-59,5,-66,7,-65,10,-65,8,-61,8,-65,-1,-62,-5,-59,-9,-56,-2,-54,-3,-48,-2,-49,4,-45,7,-44,7,-45,8,-45,10,-44,12,-39,14,-38,18,-37,19,-39,21,-34,20,-33,22,-36,25,-32,26,-28,27,-27,32,-23,35,-22,34,-27,38,-25,34,-30,34,-18,34,-22,37,-22,37,-19,36,-11,36,-9,41,-9,37,-4,42,0,46,-3,50,3,51,0,0]",1
CSI_DATA,62178,1a:00:00:00:00:00,-38,11,1,0,1,1,1,0,0,0,1,-97,0,11,2,834846061,0,44,0,384,0,"[0,0,0,0,0,0,0,0,0,0,0,0,-3,-9,-3,-9,-3,-8,-4,-9,-4,-8,-4,-8,-4,-8,-4,-7,-4,-7,-4,-6,-4,-5,-4,-5,-4,-4,-4,-3,-5,-2,-6,-1,-7,0,-7,0,-8,1,-10,1,-11,1,-12,0,-12,0,-13,0,-12,-1,-12,-1,0,0,-13,-1,-12,-1,-13,-1,-13,0,-13,-1,-14,-1,-14,-2,-13,-2,-13,-3,-12,-2,-12,-2,-12,-3,-11,-3,-11,-3,-10,-3,-10,-3,-9,-3,-9,-3,-9,-3,-8,-3,-8,-2,-8,-2,-8,-2,-8,-2,-8,-2,-8,-2,0,0,0,0,0,0,0,0,0,0,0,0,0,0,-40,41,-34,36,-38,46,-34,45,-34,43,-26,35,-28,37,-23,36,-26,39,-22,40,-18,37,-17,37,-22,30,-14,34,-6,29,-5,31,3,26,8,26,9,26,10,26,18,30,29,29,29,32,33,35,34,40,31,47,38,49,42,48,36,56,34,49,38,57,36,53,30,46,40,54,42,53,38,58,35,64,36,67,31,62,31,63,26,63,28,58,25,59,23,54,24,59,20,54,16,51,20,52,12,50,14,42,12,44,13,37,15,38,9,37,16,38,16,42,17,39,0,0,0,0,0,0,0,0,0,0,0,0,0,0,0,0,0,0,0,0,0,0,14,-50,18,-50,21,-46,25,-46,21,-44,21,-44,23,-46,21,-43,23,-49,24,-54,29,-55,35,-49,34,-58,38,-52,37,-54,35,-51,34,-55,39,-54,41,-48,41,-45,45,-43,41,-41,39,-42,38,-43,33,-39,31,-43,25,-44,25,-39,26,-35,21,-40,17,-38,17,-43,13,-39,14,-43,12,-37,7,-41,10,-41,5,-43,1,-43,-4,-43,-6,-43,-8,-40,-13,-45,-11,-46,-15,-49,-14,-47,-16,-45,-14,-42,-15,-39,-15,-40,-19,-36,-26,-38,-27,-45,-28,-30,-38,-36,-39,-38,-31,-37,0,0]",1
CSI_DATA,62179,1a:00:00:00:00:00,-39,11,1,0,1,1,1,0,0,0,1,-97,0,11,2,834856044,0,44,0,384,0,"[0,0,0,0,0,0,0,0,0,0,0,0,8,0,8,0,8,0,7,-1,8,-1,7,-1,7,-1,7,-1,6,-1,6,-2,5,-2,5,-2,4,-3,3,-4,3,-4,2,-5,2,-6,2,-7,2,-8,2,-9,2,-10,3,-11,4,-11,4,-11,4,-11,4,-11,0,0,5,-11,4,-11,4,-12,5,-12,5,-12,6,-12,6,-12,6,-11,7,-11,6,-10,6,-10,6,-9,6,-9,6,-9,6,-8,6,-8,5,-8,5,-7,5,-7,5,-6,4,-6,4,-6,4,-6,4,-6,4,-7,4,-7,0,0,0,0,0,0,0,0,0,0,0,0,0,0,-36,-41,-37,-40,-35,-40,-36,-39,-37,-37,-40,-37,-37,-38,-39,-31,-37,-29,-34,-29,-32,-24,-38,-30,-33,-23,-33,-13,-31,-15,-38,-14,-29,-8,-28,-3,-36,2,-32,6,-30,18,-36,17,-38,30,-43,30,-47,27,-53,32,-54,30,-64,31,-65,26,-64,31,-59,24,-65,27,-60,23,-68,28,-69,28,-74,29,-67,29,-74,22,-71,22,-69,17,-63,19,-66,13,-69,16,-60,13,-59,9,-57,7,-59,9,-53,10,-50,5,-44,7,-42,8,-38,8,-42,8,-45,11,-47,8,-44,13,-45,9,0,0,0,0,0,0,0,0,0,0,0,0,0,0,0,0,0,0,0,0,0,0,47,22,46,28,39,28,43,31,37,32,38,27,43,29,38,27,45,30,43,35,51,41,47,40,49,44,43,39,44,43,43,46,46,46,41,47,46,52,50,47,37,53,36,49,34,47,30,44,32,38,34,35,37,33,32,40,33,36,37,26,33,21,44,26,40,21,38,19,39,18,38,17,34,16,40,13,37,9,41,6,43,-1,36,0,49,-1,43,-3,51,-5,52,-4,44,-4,40,-6,45,-7,43,-11,34,-13,36,-13,39,-19,35,-22,37,-31,43,-30,42,-35,0,0]",1
CSI_DATA,62180,1a:00:00:00:00:00,-39,11,1,0,1,1,1,0,0,0,1,-97,0,11,2,834866026,0,44,0,384,0,"[0,0,0,0,0,0,0,0,0,0,0,0,-3,9,-3,8,-3,9,-2,8,-2,8,-2,8,-2,8,-1,8,-2,7,-1,7,-1,6,0,6,1,5,1,5,2,4,4,3,4,3,6,3,6,3,8,4,8,5,9,5,10,6,10,6,10,7,9,7,0,0,9,7,10,7,10,7,11,8,10,8,10,9,10,9,9,9,8,9,8,9,8,8,7,8,7,8,7,8,7,8,6,7,6,7,5,7,5,7,5,6,5,6,5,6,5,5,5,5,5,5,5,6,0,0,0,0,0,0,0,0,0,0,0,0,0,0,52,-20,45,-15,53,-20,49,-19,43,-16,45,-22,38,-21,42,-20,41,-22,38,-27,32,-27,37,-25,29,-25,29,-24,29,-24,21,-27,18,-29,9,-28,12,-28,4,-32,-4,-40,-4,-34,-4,-44,-4,-48,-11,-54,-10,-59,-11,-63,-5,-59,-2,-66,-5,-66,-5,-69,-4,-70,0,-66,-6,-67,-2,-71,-5,-72,4,-69,7,-74,8,-72,7,-68,10,-65,12,-64,16,-64,12,-61,15,-59,9,-52,14,-53,15,-51,14,-49,9,-43,14,-40,13,-43,8,-43,7,-40,2,-41,8,-42,9,-46,0,0,0,0,0,0,0,0,0,0,0,0,0,0,0,0,0,0,0,0,0,0,-36,34,-43,32,-44,23,-44,26,-39,23,-37,25,-38,25,-42,28,-44,32,-48,27,-57,28,-58,30,-56,26,-58,28,-64,24,-56,29,-56,27,-60,24,-63,19,-59,21,-58,20,-62,16,-55,17,-53,14,-48,16,-46,23,-48,19,-51,18,-42,21,-46,25,-43,24,-38,26,-37,24,-33,27,-39,23,-30,26,-32,26,-26,31,-25,39,-17,34,-18,36,-13,38,-18,42,-17,39,-14,43,-22,36,-15,42,-6,41,-9,40,-5,40,-2,38,1,40,8,45,5,44,13,45,10,47,14,45,0,0]",1
CSI_DATA,62181,1a:00:00:00:00:00,-39,11,1,0,1,1,1,0,0,0,1,-97,0,11,2,834876032,0,44,0,384,0,"[0,0,0,0,0,0,0,0,0,0,0,0,-7,-7,-7,-7,-7,-6,-7,-6,-7,-6,-7,-6,-7,-5,-7,-5,-7,-5,-6,-4,-6,-4,-6,-3,-6,-2,-5,-1,-5,-1,-5,1,-6,1,-6,3,-7,3,-8,4,-8,5,-9,5,-10,5,-11,5,-11,5,-11,5,0,0,-11,4,-12,4,-12,5,-12,5,-12,4,-13,4,-13,3,-12,3,-12,2,-12,2,-11,3,-11,2,-11,2,-11,2,-11,1,-10,1,-10,1,-9,1,-9,1,-8,1,-8,1,-8,1,-8,1,-8,1,-9,1,-8,1,0,0,0,0,0,0,0,0,0,0,0,0,0,0,-10,52,-13,46,-4,52,-9,53,-5,51,-1,56,-3,49,-4,41,-1,40,-1,44,-1,44,-1,43,5,42,2,35,6,32,8,30,10,25,16,24,20,23,21,18,28,11,36,12,42,5,48,11,49,8,59,12,59,18,54,19,63,23,62,22,63,29,65,23,57,20,63,24,65,22,70,27,65,29,65,32,55,30,66,33,58,28,57,30,57,33,55,31,56,30,53,32,45,36,46,30,45,32,34,28,41,30,39,24,38,25,31,25,36,23,35,23,41,32,0,0,0,0,0,0,0,0,0,0,0,0,0,0,0,0,0,0,0,0,0,0,-4,-51,-1,-53,4,-50,1,-51,5,-49,2,-49,1,-50,1,-57,4,-59,3,-57,6,-60,7,-63,12,-64,17,-64,16,-58,13,-63,16,-65,14,-64,20,-61,19,-59,22,-60,22,-63,19,-57,18,-54,18,-47,13,-53,13,-49,8,-52,9,-47,4,-49,6,-46,6,-45,1,-43,-3,-49,-3,-38,-3,-44,-7,-40,-11,-36,-15,-37,-14,-40,-22,-39,-25,-34,-25,-36,-26,-41,-31,-40,-29,-30,-29,-32,-25,-28,-31,-27,-27,-25,-30,-24,-36,-22,-34,-14,-38,-16,-46,-12,-44,-9,-43,-9,0,0]",1
CSI_DATA,62182,1a:00:00:00:00:00,-39,11,1,0,1,1,1,0,0,0,1,-97,0,11,2,834896039,0,44,0,384,0,"[0,0,0,0,0,0,0,0,0,0,0,0,0,9,0,8,0,8,0,8,1,8,1,7,1,7,1,7,1,6,1,5,1,5,1,4,1,4,2,2,2,2,3,1,4,0,5,0,6,-1,7,-2,8,-2,9,-1,10,-1,11,-1,11,0,11,0,0,0,11,0,12,0,12,0,12,0,13,1,13,1,12,2,12,2,11,2,11,2,11,2,11,2,10,2,10,2,10,2,9,2,9,2,8,2,8,2,7,2,7,2,7,2,7,2,7,1,7,1,7,2,0,0,0,0,0,0,0,0,0,0,0,0,0,0,38,-36,33,-25,33,-38,42,-39,28,-31,35,-30,33,-37,32,-41,28,-34,28,-39,18,-34,21,-30,13,-29,17,-30,22,-26,10,-22,5,-25,5,-29,-7,-23,-12,-19,-21,-24,-22,-27,-29,-25,-30,-25,-38,-38,-40,-34,-36,-42,-35,-50,-40,-50,-38,-51,-43,-56,-40,-56,-36,-54,-46,-57,-41,-56,-46,-59,-38,-55,-32,-56,-36,-60,-34,-57,-29,-53,-28,-53,-34,-64,-32,-60,-29,-57,-26,-49,-24,-57,-21,-52,-20,-48,-19,-42,-18,-45,-19,-40,-15,-41,-14,-37,-15,-41,-20,-43,-16,-41,0,0,0,0,0,0,0,0,0,0,0,0,0,0,0,0,0,0,0,0,0,0,-35,39,-43,32,-39,30,-38,31,-44,32,-39,32,-43,33,-46,38,-47,40,-48,36,-56,39,-60,34,-64,30,-62,31,-61,31,-58,22,-62,31,-59,26,-67,26,-63,25,-57,24,-58,23,-54,16,-51,19,-47,22,-49,21,-46,22,-46,30,-41,17,-39,27,-42,29,-35,29,-37,29,-36,29,-29,31,-22,31,-20,30,-22,30,-19,32,-16,33,-12,37,-10,34,-6,42,-7,41,-2,43,-10,43,-1,42,-4,37,-3,36,0,39,2,31,9,29,17,33,12,27,16,31,20,35,37,31,0,0]",1
CSI_DATA,62183,1a:00:00:00:00:00,-39,11,1,0,1,1,1,0,0,0,1,-97,0,11,2,834906014,0,44,0,384,0,"[0,0,0,0,0,0,0,0,0,0,0,0,-9,-1,-9,-1,-9,-1,-9,-1,-9,-1,-8,-1,-8,0,-7,0,-7,0,-6,0,-6,0,-5,1,-4,1,-3,1,-3,2,-2,3,-1,4,-1,5,0,6,0,7,0,8,0,9,-1,10,-1,11,-2,11,-2,11,0,0,-2,11,-2,11,-2,11,-2,12,-2,12,-3,13,-3,12,-3,11,-3,11,-3,11,-3,11,-3,10,-3,10,-3,10,-3,10,-3,9,-3,9,-3,9,-3,8,-3,7,-3,7,-3,7,-3,7,-2,7,-2,7,-2,7,0,0,0,0,0,0,0,0,0,0,0,0,0,0,22,45,20,38,24,37,27,38,26,39,27,35,23,37,29,38,25,33,19,30,20,34,22,28,25,24,21,21,18,13,22,12,22,7,21,4,21,-3,17,-9,25,-12,22,-18,29,-21,35,-28,40,-30,40,-38,45,-35,48,-36,49,-33,49,-33,48,-35,55,-35,47,-36,55,-44,54,-40,58,-40,57,-37,59,-33,59,-31,58,-34,49,-29,53,-27,58,-30,53,-28,54,-31,48,-29,51,-23,50,-24,49,-17,46,-18,40,-15,35,-19,40,-13,37,-21,35,-24,37,-19,44,-19,0,0,0,0,0,0,0,0,0,0,0,0,0,0,0,0,0,0,0,0,0,0,-15,-49,-15,-50,-14,-47,-11,-51,-13,-49,-11,-48,-9,-48,-11,-54,-15,-63,-20,-58,-16,-66,-10,-68,-11,-68,-12,-72,-5,-70,-4,-61,-6,-70,-9,-63,-5,-64,4,-67,5,-69,2,-64,-1,-54,-4,-56,-4,-57,-5,-54,-9,-51,-10,-49,-17,-45,-12,-46,-14,-44,-15,-43,-15,-37,-16,-34,-22,-38,-22,-35,-23,-29,-23,-31,-26,-26,-33,-23,-29,-23,-30,-14,-35,-19,-40,-17,-40,-19,-41,-11,-35,-21,-36,-14,-33,-14,-33,-11,-33,-2,-32,-2,-35,2,-38,7,-37,6,-41,13,-38,19,0,0]",1
CSI_DATA,62184,1a:00:00:00:00:00,-39,11,1,0,1,1,1,0,0,0,1,-97,0,11,2,834936018,0,44,0,384,0,"[0,0,0,0,0,0,0,0,0,0,0,0,-9,2,-9,2,-9,2,-8,2,-8,3,-8,2,-7,3,-7,2,-7,2,-6,3,-5,3,-5,3,-4,3,-3,3,-2,3,-1,4,0,4,1,5,2,6,2,7,2,8,2,9,2,10,2,10,2,11,1,10,0,0,1,11,2,11,2,11,2,11,2,12,1,12,0,12,0,11,0,11,0,11,0,11,0,10,0,10,0,10,-1,9,-1,9,-1,9,-1,8,-1,8,-1,7,-1,7,0,7,0,7,0,7,0,7,0,7,0,0,0,0,0,0,0,0,0,0,0,0,0,0,37,42,36,38,37,37,32,36,37,32,32,31,34,32,33,27,32,25,38,16,30,27,30,22,29,16,26,15,28,15,30,11,28,3,19,-2,24,-6,21,-14,21,-16,15,-25,24,-31,27,-35,31,-36,41,-36,39,-40,40,-45,48,-41,44,-42,47,-40,50,-45,45,-41,43,-45,46,-45,45,-47,56,-42,54,-37,59,-37,54,-38,48,-33,51,-34,50,-33,45,-36,52,-27,49,-26,43,-22,42,-28,40,-23,43,-20,40,-19,37,-15,36,-23,34,-21,32,-22,36,-25,37,-23,0,0,0,0,0,0,0,0,0,0,0,0,0,0,0,0,0,0,0,0,0,0,-49,-29,-45,-34,-42,-31,-40,-36,-35,-34,-39,-32,-42,-34,-40,-38,-48,-33,-54,-40,-46,-41,-52,-45,-53,-48,-50,-51,-47,-47,-42,-45,-47,-45,-43,-49,-43,-47,-45,-49,-37,-53,-40,-54,-34,-47,-41,-42,-39,-43,-34,-37,-40,-37,-38,-31,-42,-32,-44,-30,-39,-24,-42,-35,-39,-23,-45,-25,-43,-20,-43,-17,-44,-17,-45,-13,-48,-11,-50,-7,-50,-6,-47,-7,-50,-4,-56,1,-55,2,-46,1,-51,-2,-46,1,-45,6,-38,6,-40,10,-35,11,-42,18,-38,25,-32,30,-40,35,-43,32,0,0]",1
CSI_DATA,62185,1a:00:00:00:00:00,-39,11,1,0,1,1,1,0,0,0,1,-97,0,11,2,834946034,0,44,0,384,0,"[0,0,0,0,0,0,0,0,0,0,0,0,-1,-10,-1,-10,-1,-10,-1,-10,-1,-9,-1,-9,-1,-9,-1,-8,-2,-8,-2,-7,-2,-7,-2,-6,-3,-5,-3,-5,-4,-4,-5,-3,-5,-3,-6,-2,-7,-2,-9,-2,-9,-2,-10,-3,-10,-3,-11,-3,-11,-4,-11,-4,0,0,-11,-4,-11,-4,-12,-4,-12,-4,-13,-4,-12,-5,-12,-6,-11,-6,-11,-6,-10,-6,-10,-6,-10,-5,-10,-5,-10,-6,-9,-6,-9,-6,-9,-5,-8,-5,-8,-5,-7,-5,-7,-5,-7,-5,-7,-4,-7,-4,-7,-4,-7,-4,0,0,0,0,0,0,0,0,0,0,0,0,0,0,-48,33,-43,32,-44,36,-43,36,-42,39,-39,38,-38,34,-43,35,-32,30,-31,33,-33,30,-35,33,-25,34,-23,31,-24,34,-16,29,-10,29,-6,20,-2,23,3,24,9,28,14,30,16,33,20,35,25,41,28,46,28,47,28,53,26,59,24,52,27,50,25,58,26,53,30,57,34,58,25,66,25,61,17,64,16,66,14,59,17,59,20,61,12,61,17,56,6,55,16,50,8,51,7,49,9,50,4,45,7,43,6,45,2,39,4,40,5,38,7,38,3,43,0,0,0,0,0,0,0,0,0,0,0,0,0,0,0,0,0,0,0,0,0,0,23,-50,26,-44,26,-42,32,-45,29,-37,33,-41,28,-41,31,-41,31,-43,39,-44,38,-52,41,-49,45,-48,46,-49,54,-41,42,-47,45,-48,44,-44,46,-47,50,-37,49,-34,54,-37,47,-32,48,-36,38,-32,36,-34,34,-39,37,-37,33,-39,31,-43,24,-42,29,-42,27,-38,27,-40,22,-46,18,-46,19,-44,13,-48,15,-45,9,-43,6,-46,4,-49,3,-53,5,-46,1,-47,2,-53,1,-49,-1,-39,-1,-41,-7,-41,-10,-37,-14,-38,-24,-40,-21,-40,-28,-35,-28,-46,-35,-45,0,0]",1
CSI_DATA,62186,1a:00:00:00:00:00,-39,11,1,0,1,1,1,0,0,0,1,-97,0,11,2,834966020,0,44,0,384,0,"[0,0,0,0,0,0,0,0,0,0,0,0,-6,7,-6,7,-6,7,-5,7,-5,7,-5,7,-5,7,-4,6,-4,6,-4,6,-3,6,-3,5,-2,5,-1,4,0,4,0,4,2,4,2,4,4,5,4,5,5,6,5,7,6,7,6,8,6,8,6,8,0,0,5,9,6,9,6,9,6,9,6,9,6,10,5,10,5,10,4,10,4,10,4,9,4,9,4,9,4,9,3,9,3,9,3,9,2,8,2,8,2,7,2,7,2,7,2,7,2,6,2,7,2,7,0,0,0,0,0,0,0,0,0,0,0,0,0,0,53,4,52,0,54,-2,51,-1,50,-3,55,-8,55,-2,52,-3,44,-3,49,-7,43,-4,41,-6,40,-12,39,-8,35,-12,35,-13,27,-12,24,-14,16,-18,15,-21,13,-27,13,-31,9,-36,4,-37,12,-46,12,-49,13,-53,13,-51,13,-59,18,-58,20,-55,22,-57,17,-59,18,-61,20,-60,20,-65,26,-58,35,-54,25,-56,31,-55,26,-52,25,-54,25,-53,27,-54,31,-50,30,-45,32,-48,27,-41,28,-44,28,-38,31,-38,28,-36,21,-34,22,-32,24,-36,24,-33,31,-35,0,0,0,0,0,0,0,0,0,0,0,0,0,0,0,0,0,0,0,0,0,0,-43,24,-50,25,-47,23,-48,21,-48,18,-42,18,-51,15,-51,21,-60,19,-56,20,-62,18,-67,23,-65,18,-62,11,-67,6,-62,2,-65,13,-66,9,-65,9,-62,2,-62,1,-65,0,-62,-3,-58,-1,-55,4,-58,10,-47,5,-50,6,-52,12,-52,15,-47,15,-48,11,-44,10,-41,15,-39,18,-44,19,-36,18,-35,16,-31,21,-32,26,-33,24,-30,33,-34,35,-32,32,-28,28,-26,37,-28,34,-27,28,-24,37,-17,33,-11,39,-6,34,-6,47,-9,39,-5,48,2,44,1,44,0,0]",1
CSI_DATA,62187,1a:00:00:00:00:00,-39,11,1,0,1,1,1,0,0,0,1,-97,0,11,2,834976047,0,44,0,384,0,"[0,0,0,0,0,0,0,0,0,0,0,0,-4,-9,-4,-9,-4,-9,-4,-9,-4,-8,-4,-8,-4,-8,-4,-8,-4,-8,-4,-7,-4,-6,-4,-6,-4,-5,-4,-4,-5,-3,-5,-2,-5,-2,-6,-1,-7,0,-8,0,-9,0,-10,0,-11,0,-11,0,-11,0,-11,0,0,0,-12,-1,-12,0,-12,0,-12,0,-13,-1,-13,-1,-13,-2,-12,-2,-12,-3,-12,-2,-11,-2,-11,-2,-11,-2,-11,-2,-10,-2,-10,-2,-10,-3,-9,-3,-9,-3,-8,-3,-8,-3,-8,-3,-8,-2,-8,-2,-8,-2,-8,-2,0,0,0,0,0,0,0,0,0,0,0,0,0,0,-40,36,-32,42,-30,45,-35,41,-27,45,-30,44,-26,40,-26,39,-23,42,-20,41,-19,37,-20,36,-21,36,-23,34,-15,33,-8,32,-6,25,-4,25,0,27,9,23,14,28,15,26,22,27,21,27,31,33,29,40,32,38,32,44,34,44,32,50,32,47,32,49,34,44,33,48,34,46,38,52,35,55,33,59,29,57,31,55,22,49,24,49,22,53,23,53,23,54,28,45,18,50,18,47,18,40,15,43,17,43,12,38,12,43,10,39,14,35,15,33,11,40,0,0,0,0,0,0,0,0,0,0,0,0,0,0,0,0,0,0,0,0,0,0,2,-55,12,-56,9,-48,22,-56,17,-48,13,-50,12,-52,14,-54,17,-58,16,-62,22,-56,24,-64,28,-58,30,-61,38,-60,33,-54,33,-59,35,-57,40,-61,41,-56,36,-51,38,-48,37,-43,37,-42,34,-40,32,-49,28,-47,23,-46,22,-44,24,-45,22,-40,21,-48,16,-44,15,-47,16,-45,9,-45,10,-42,8,-43,8,-45,-4,-44,-1,-41,-9,-43,-5,-44,-6,-48,-13,-45,-10,-50,-11,-46,-12,-38,-17,-42,-15,-38,-18,-32,-23,-37,-26,-34,-30,-27,-38,-36,-34,-30,-41,-31,0,0]",1
CSI_DATA,62188,1a:00:00:00:00:00,-38,11,1,0,1,1,1,0,0,0,1,-97,0,11,2,834987105,0,44,0,384,0,"[0,0,0,0,0,0,0,0,0,0,0,0,-3,8,-3,8,-2,8,-2,8,-2,8,-2,7,-2,7,-2,7,-1,7,-1,6,-1,6,0,5,0,5,1,4,2,3,3,3,3,3,4,3,5,2,6,3,7,3,8,4,8,4,9,5,9,5,8,5,0,0,8,6,9,5,9,5,9,6,9,6,9,7,9,7,8,8,8,7,7,7,7,7,7,7,7,6,7,7,6,6,6,6,6,7,5,6,5,6,4,5,4,5,4,5,4,5,4,5,4,5,4,5,0,0,0,0,0,0,0,0,0,0,0,0,0,0,39,-29,41,-26,34,-32,42,-27,36,-27,35,-28,32,-29,36,-34,31,-28,29,-33,27,-29,21,-29,21,-30,22,-30,19,-23,15,-22,15,-27,6,-24,2,-21,-6,-26,-10,-30,-12,-27,-19,-34,-21,-31,-22,-39,-23,-43,-24,-49,-24,-52,-23,-53,-24,-54,-23,-53,-22,-53,-16,-51,-21,-57,-25,-54,-21,-58,-21,-59,-17,-61,-15,-59,-14,-61,-15,-57,-11,-57,-13,-60,-12,-60,-8,-57,-8,-52,-4,-56,-3,-51,-6,-48,-3,-44,-4,-42,-3,-39,-1,-38,-1,-38,-3,-38,-6,-37,-4,-42,0,0,0,0,0,0,0,0,0,0,0,0,0,0,0,0,0,0,0,0,0,0,-21,41,-22,45,-28,46,-30,44,-31,43,-27,38,-33,41,-31,44,-31,53,-35,50,-45,55,-44,52,-48,51,-50,46,-50,46,-51,47,-49,47,-52,45,-59,45,-55,36,-55,39,-54,40,-48,30,-45,35,-46,33,-43,29,-40,31,-39,37,-39,32,-34,37,-31,39,-33,34,-30,38,-28,37,-25,37,-23,38,-22,40,-20,42,-19,41,-13,41,-10,45,-7,43,-4,46,-9,47,-3,46,1,52,-4,47,-2,45,0,44,1,43,6,40,3,37,9,36,9,35,15,43,19,42,19,38,0,0]",1
CSI_DATA,62189,1a:00:00:00:00:00,-38,11,1,0,1,1,1,0,0,0,1,-97,0,11,2,834996034,0,44,0,384,0,"[0,0,0,0,0,0,0,0,0,0,0,0,-6,6,-5,6,-5,6,-5,6,-5,6,-4,6,-4,6,-4,6,-4,5,-3,5,-3,5,-2,4,-1,4,-1,4,0,4,1,4,2,4,3,4,4,4,5,5,5,6,6,6,6,7,7,7,6,8,6,8,0,0,6,9,6,8,6,8,6,8,6,9,6,10,5,10,5,10,4,10,4,9,4,9,4,9,4,9,4,9,3,8,3,8,3,8,2,8,2,7,1,7,2,7,2,7,2,6,2,6,2,6,1,6,0,0,0,0,0,0,0,0,0,0,0,0,0,0,40,0,48,2,47,3,43,-1,47,3,41,-2,43,-4,41,0,39,-5,41,-6,39,-2,36,-2,32,-8,33,-9,28,-9,26,-8,28,-12,15,-16,18,-23,14,-20,12,-27,9,-25,7,-34,2,-41,5,-42,9,-51,12,-49,12,-57,16,-54,13,-57,15,-57,22,-55,14,-52,18,-59,13,-58,21,-63,25,-60,27,-57,33,-60,30,-56,28,-52,24,-47,30,-48,27,-49,30,-48,26,-44,32,-45,25,-38,23,-44,20,-39,29,-36,26,-28,22,-33,21,-31,18,-31,21,-30,25,-31,0,0,0,0,0,0,0,0,0,0,0,0,0,0,0,0,0,0,0,0,0,0,-42,30,-42,25,-39,20,-49,21,-44,24,-47,24,-46,23,-49,26,-54,25,-56,26,-62,22,-61,21,-65,20,-68,17,-68,15,-63,12,-69,16,-69,13,-72,12,-72,5,-69,4,-67,2,-58,2,-63,3,-55,5,-58,6,-52,4,-54,13,-52,12,-54,16,-44,12,-52,19,-50,14,-47,15,-47,18,-44,15,-43,22,-44,23,-42,20,-38,31,-40,33,-34,30,-34,30,-38,34,-39,32,-29,38,-31,38,-34,33,-29,33,-29,30,-21,33,-21,33,-19,37,-12,27,-13,43,-12,46,-14,39,0,0]",1
CSI_DATA,62190,1a:00:00:00:00:00,-38,11,1,0,1,1,1,0,0,0,1,-97,0,11,2,835006019,0,44,0,384,0,"[0,0,0,0,0,0,0,0,0,0,0,0,-5,-9,-5,-8,-5,-8,-5,-7,-5,-8,-5,-7,-5,-6,-5,-6,-5,-6,-4,-5,-4,-5,-4,-4,-4,-3,-4,-2,-4,-2,-5,0,-5,0,-6,1,-6,2,-7,3,-8,3,-9,3,-10,3,-10,3,-11,3,-11,3,0,0,-11,2,-11,2,-11,2,-11,3,-11,2,-12,2,-12,1,-12,1,-11,1,-11,0,-11,1,-10,1,-10,1,-10,0,-10,0,-10,0,-9,0,-9,0,-9,0,-8,-1,-8,-1,-8,-1,-8,-1,-8,0,-8,0,-8,-1,0,0,0,0,0,0,0,0,0,0,0,0,0,0,-20,44,-18,49,-15,49,-20,45,-19,44,-11,42,-14,44,-18,43,-10,40,-6,46,-7,39,-13,33,-8,38,-3,32,-1,27,1,29,3,23,6,23,12,14,20,17,21,16,26,14,29,16,37,15,39,19,43,17,47,27,50,29,46,32,48,33,49,28,46,33,44,30,48,27,48,30,50,35,50,31,46,35,46,38,47,38,43,37,44,39,41,38,38,32,39,38,36,35,33,34,32,30,30,34,26,31,28,33,24,32,27,26,27,26,26,30,22,28,24,30,0,0,0,0,0,0,0,0,0,0,0,0,0,0,0,0,0,0,0,0,0,0,-20,-50,-10,-52,-15,-47,-11,-50,-10,-52,-7,-49,-3,-49,-6,-55,-10,-59,-10,-58,-6,-63,1,-67,3,-67,2,-68,5,-68,4,-67,2,-63,8,-69,9,-68,10,-66,10,-67,17,-67,17,-65,8,-59,11,-51,9,-58,3,-52,4,-53,4,-55,-1,-55,-2,-52,-4,-57,-5,-52,-4,-50,-9,-53,-13,-53,-9,-50,-15,-51,-13,-48,-18,-46,-14,-46,-22,-41,-26,-47,-25,-44,-33,-48,-22,-51,-28,-47,-25,-40,-25,-43,-27,-36,-30,-31,-30,-32,-32,-26,-31,-25,-39,-24,-41,-22,-45,-21,0,0]",1
CSI_DATA,62191,1a:00:00:00:00:00,-38,11,1,0,1,1,1,0,0,0,1,-97,0,11,2,835016031,0,44,0,384,0,"[0,0,0,0,0,0,0,0,0,0,0,0,9,0,9,0,8,0,8,0,8,0,8,0,8,0,7,0,6,0,6,-1,6,-1,5,-1,4,-1,4,-2,3,-3,2,-3,2,-4,2,-5,1,-6,2,-7,2,-8,2,-9,3,-9,3,-10,4,-10,4,-10,0,0,5,-9,4,-9,4,-10,5,-10,5,-10,5,-10,6,-9,6,-9,6,-9,6,-8,6,-8,6,-8,5,-8,5,-8,6,-7,6,-7,5,-6,5,-6,5,-6,5,-6,5,-5,4,-5,4,-5,4,-5,4,-5,5,-5,0,0,0,0,0,0,0,0,0,0,0,0,0,0,-27,-49,-20,-45,-30,-42,-25,-46,-30,-46,-23,-46,-29,-42,-30,-40,-24,-36,-29,-37,-24,-32,-26,-36,-25,-27,-26,-26,-19,-32,-23,-18,-28,-18,-23,-11,-24,-4,-24,0,-29,0,-28,8,-31,13,-35,17,-42,18,-45,18,-50,20,-54,13,-53,17,-53,16,-54,16,-55,16,-52,12,-54,16,-54,12,-59,10,-61,15,-62,7,-59,8,-55,9,-56,4,-50,4,-55,4,-54,5,-52,5,-51,1,-51,-1,-51,-1,-45,-3,-45,-4,-43,1,-43,-2,-40,-2,-37,-2,-36,-2,-34,-2,-40,-6,0,0,0,0,0,0,0,0,0,0,0,0,0,0,0,0,0,0,0,0,0,0,48,0,49,8,48,11,46,12,48,14,42,12,50,19,50,9,52,13,57,14,54,23,55,25,63,26,58,31,58,30,54,29,60,37,57,33,55,34,56,38,54,35,52,40,46,36,42,37,46,35,47,28,49,27,47,27,48,28,50,21,50,22,49,21,51,21,50,20,54,21,56,13,51,17,51,14,52,11,52,10,51,2,49,4,52,3,56,0,49,7,46,5,50,-1,50,-2,45,-6,46,-6,40,-5,44,-10,45,-12,38,-16,35,-22,42,-22,45,-33,0,0]",1
CSI_DATA,62192,1a:00:00:00:00:00,-38,11,1,0,1,1,1,0,0,0,1,-97,0,11,2,835026023,0,44,0,384,0,"[0,0,0,0,0,0,0,0,0,0,0,0,-6,8,-5,8,-5,8,-5,8,-5,8,-5,7,-5,7,-5,7,-4,6,-4,6,-3,5,-3,5,-2,5,-2,4,-1,4,1,4,2,4,2,4,3,4,4,5,5,6,5,6,5,7,6,8,5,8,5,8,0,0,5,9,5,9,5,9,5,9,5,9,5,10,4,10,4,10,3,9,3,10,3,9,3,9,3,9,2,8,2,9,2,8,2,8,1,8,1,7,1,7,1,7,1,6,1,6,1,6,1,6,1,6,0,0,0,0,0,0,0,0,0,0,0,0,0,0,61,-13,61,-9,52,-12,53,-18,52,-16,49,-12,56,-18,50,-11,52,-18,46,-14,46,-12,42,-14,42,-16,38,-13,32,-11,34,-15,30,-15,24,-17,18,-22,11,-24,11,-25,8,-34,1,-38,6,-38,3,-41,2,-50,6,-54,10,-60,13,-63,10,-57,12,-57,12,-58,13,-55,5,-57,13,-62,15,-56,17,-56,21,-55,25,-63,20,-59,21,-53,18,-50,21,-53,21,-53,20,-46,20,-48,22,-44,22,-44,21,-39,24,-38,21,-34,17,-35,20,-32,23,-33,21,-33,17,-31,19,-33,0,0,0,0,0,0,0,0,0,0,0,0,0,0,0,0,0,0,0,0,0,0,-21,45,-24,45,-29,41,-28,41,-29,39,-29,37,-29,39,-30,45,-31,46,-34,51,-38,48,-41,45,-47,46,-45,43,-47,44,-46,47,-49,45,-52,45,-53,39,-54,44,-57,36,-55,39,-57,35,-48,36,-48,33,-41,37,-41,37,-41,41,-40,41,-35,41,-40,40,-35,44,-35,43,-34,41,-33,43,-31,45,-39,45,-28,47,-33,48,-26,46,-20,47,-25,52,-25,50,-25,53,-19,48,-16,47,-17,46,-20,44,-17,43,-14,44,-2,38,-5,40,4,44,11,40,11,44,6,43,9,60,0,0]",1
CSI_DATA,62193,1a:00:00:00:00:00,-38,11,1,0,1,1,1,0,0,0,1,-97,0,11,2,835036034,0,44,0,384,0,"[0,0,0,0,0,0,0,0,0,0,0,0,-4,-9,-5,-9,-5,-9,-4,-9,-5,-9,-4,-9,-4,-8,-4,-8,-4,-7,-4,-7,-4,-6,-4,-6,-4,-5,-4,-4,-4,-3,-5,-2,-5,-2,-6,-1,-7,0,-8,0,-9,0,-9,0,-10,0,-11,-1,-11,-1,-11,-1,0,0,-11,-2,-11,-2,-12,-2,-12,-2,-12,-2,-12,-2,-12,-3,-11,-3,-11,-4,-10,-4,-10,-3,-10,-4,-10,-4,-9,-4,-9,-4,-9,-4,-8,-4,-8,-3,-8,-3,-7,-3,-7,-3,-7,-3,-7,-3,-6,-3,-7,-3,-7,-3,0,0,0,0,0,0,0,0,0,0,0,0,0,0,-29,45,-31,49,-29,46,-25,47,-29,46,-26,46,-25,41,-24,47,-21,41,-20,46,-17,42,-19,41,-19,41,-16,38,-17,29,-11,31,-8,28,2,28,-1,25,7,28,11,23,16,25,23,26,28,28,29,29,34,37,32,41,37,43,33,43,36,48,34,47,36,51,31,44,35,48,37,52,33,52,33,56,29,56,27,56,26,56,18,53,18,50,22,49,23,53,18,49,15,44,13,45,13,48,15,43,12,40,12,37,9,35,11,38,9,37,8,36,12,34,10,37,0,0,0,0,0,0,0,0,0,0,0,0,0,0,0,0,0,0,0,0,0,0,-8,-49,-3,-47,-5,-49,-4,-45,-6,-46,-6,-46,-6,-46,-11,-52,-7,-54,-6,-58,2,-60,4,-63,4,-63,7,-65,9,-64,4,-63,7,-61,9,-65,9,-62,13,-62,18,-57,16,-60,11,-55,15,-53,11,-47,6,-54,4,-52,3,-54,2,-54,-2,-56,-3,-56,-2,-53,-5,-51,-7,-54,-9,-52,-7,-52,-9,-55,-12,-51,-10,-49,-10,-47,-12,-49,-15,-46,-21,-55,-18,-53,-25,-49,-25,-54,-25,-50,-22,-40,-24,-42,-25,-36,-29,-38,-28,-37,-30,-27,-36,-28,-38,-33,-39,-27,-41,-27,0,0]",1
CSI_DATA,62194,1a:00:00:00:00:00,-38,11,1,0,1,1,1,0,0,0,1,-97,0,11,2,835046021,0,44,0,384,0,"[0,0,0,0,0,0,0,0,0,0,0,0,10,0,10,0,9,0,10,0,9,0,9,0,9,0,8,0,8,0,7,-1,6,-1,6,-1,5,-2,4,-3,4,-3,3,-4,3,-5,2,-6,2,-7,2,-8,2,-9,3,-10,3,-10,3,-11,4,-11,4,-11,0,0,5,-11,5,-11,5,-11,5,-11,6,-11,6,-11,7,-10,7,-10,7,-10,7,-9,6,-9,6,-9,6,-8,6,-8,6,-8,6,-8,5,-7,5,-7,5,-6,5,-6,5,-6,4,-6,4,-6,4,-6,4,-6,5,-6,0,0,0,0,0,0,0,0,0,0,0,0,0,0,-32,-51,-33,-48,-34,-43,-29,-45,-32,-43,-34,-47,-33,-41,-29,-44,-30,-44,-33,-42,-28,-40,-31,-34,-30,-32,-23,-25,-26,-25,-31,-24,-26,-19,-25,-10,-25,-5,-26,3,-27,3,-30,9,-34,15,-38,13,-42,17,-45,21,-49,18,-54,19,-52,19,-59,20,-60,18,-60,17,-56,14,-60,17,-62,17,-64,14,-63,13,-64,14,-68,12,-63,6,-60,4,-58,5,-57,4,-55,7,-56,6,-54,-2,-52,2,-45,1,-48,0,-46,1,-43,0,-39,-4,-40,4,-42,2,-37,1,-38,3,-43,1,0,0,0,0,0,0,0,0,0,0,0,0,0,0,0,0,0,0,0,0,0,0,44,19,42,25,40,27,35,31,39,31,36,28,40,30,45,30,42,30,47,31,43,38,50,40,42,43,43,42,41,45,38,42,46,48,41,44,46,48,37,52,37,44,34,51,33,42,33,41,34,38,34,33,36,34,34,32,38,28,43,28,41,27,41,26,38,25,44,27,47,21,46,22,43,22,48,18,49,13,49,12,47,10,46,11,48,11,52,8,54,0,48,9,47,4,46,7,51,1,40,4,41,-5,44,-8,37,-13,36,-14,40,-20,43,-25,46,-27,0,0]",1
CSI_DATA,62195,1a:00:00:00:00:00,-38,11,1,0,1,1,1,0,0,0,1,-97,0,11,2,835056015,0,44,0,384,0,"[0,0,0,0,0,0,0,0,0,0,0,0,-4,9,-4,9,-4,9,-4,8,-4,8,-3,8,-3,8,-3,7,-3,7,-2,6,-2,6,-1,6,-1,5,0,4,1,4,2,3,3,3,4,3,5,3,6,3,7,4,8,5,8,6,9,6,9,7,9,6,0,0,9,7,9,7,9,7,9,8,9,8,9,8,9,9,8,9,7,9,7,9,7,8,6,8,6,7,6,7,6,7,5,7,5,7,5,6,4,6,4,6,4,6,4,5,4,5,4,5,4,5,4,5,0,0,0,0,0,0,0,0,0,0,0,0,0,0,51,-14,53,-12,53,-12,48,-15,49,-13,50,-17,54,-17,51,-13,47,-12,44,-15,40,-15,41,-13,39,-16,31,-14,26,-19,23,-16,19,-19,19,-20,10,-25,6,-24,0,-34,-3,-32,-6,-40,-5,-43,-4,-47,-9,-53,-5,-58,-4,-57,-4,-67,0,-65,-3,-59,-1,-63,1,-65,0,-68,1,-66,3,-65,4,-69,8,-68,7,-66,11,-65,14,-58,9,-61,9,-58,7,-55,12,-58,8,-56,11,-48,10,-52,13,-47,13,-50,15,-45,5,-41,14,-39,14,-40,11,-39,7,-41,8,-40,0,0,0,0,0,0,0,0,0,0,0,0,0,0,0,0,0,0,0,0,0,0,-45,22,-45,21,-46,19,-49,18,-45,15,-43,11,-46,13,-47,18,-50,20,-53,22,-59,17,-59,17,-64,14,-64,12,-64,11,-61,11,-64,17,-62,11,-65,9,-65,9,-58,5,-58,2,-54,3,-55,6,-52,5,-45,13,-48,15,-48,16,-42,19,-43,21,-42,22,-44,21,-42,23,-41,22,-42,25,-39,30,-38,32,-38,35,-37,36,-35,33,-32,39,-26,41,-27,44,-29,43,-27,43,-23,43,-26,47,-27,37,-21,41,-14,41,-12,37,-10,40,-8,44,-4,40,1,45,0,46,0,46,0,0]",1
CSI_DATA,62196,1a:00:00:00:00:00,-38,11,1,0,1,1,1,0,0,0,1,-97,0,11,2,835076012,0,44,0,384,0,"[0,0,0,0,0,0,0,0,0,0,0,0,8,-2,8,-2,8,-2,8,-2,8,-2,8,-2,7,-2,7,-2,7,-2,6,-2,6,-2,5,-3,4,-3,3,-3,2,-4,1,-4,0,-5,0,-6,-1,-7,-1,-8,-1,-9,-1,-10,-1,-11,-1,-11,0,-11,0,-12,0,0,0,-12,0,-12,0,-12,0,-13,0,-13,1,-13,2,-13,2,-12,2,-12,2,-12,2,-11,2,-11,2,-11,2,-10,2,-10,2,-10,2,-9,2,-9,2,-9,1,-8,2,-8,1,-8,1,-7,1,-7,1,-8,1,-8,0,0,0,0,0,0,0,0,0,0,0,0,0,0,-25,-43,-30,-43,-30,-37,-28,-38,-38,-40,-35,-41,-37,-38,-33,-35,-36,-36,-35,-31,-34,-27,-31,-32,-30,-27,-31,-28,-25,-21,-27,-23,-27,-13,-24,-8,-25,-4,-25,5,-27,11,-25,16,-30,19,-31,25,-32,28,-46,31,-42,32,-50,30,-52,30,-54,34,-53,29,-55,31,-53,31,-57,36,-56,31,-63,35,-61,30,-59,29,-61,25,-61,24,-58,22,-53,21,-50,22,-57,14,-52,19,-52,12,-54,18,-53,15,-44,13,-41,11,-44,15,-42,9,-40,14,-41,15,-37,11,-40,13,-43,12,0,0,0,0,0,0,0,0,0,0,0,0,0,0,0,0,0,0,0,0,0,0,35,31,30,37,29,36,31,40,35,42,28,33,29,36,36,36,36,46,38,45,37,51,36,49,35,51,38,54,35,54,30,48,36,54,33,53,33,50,28,54,29,56,28,57,26,50,25,50,28,47,30,41,29,40,30,38,37,37,38,32,37,30,35,30,39,27,42,30,45,25,43,26,41,27,42,25,48,25,46,17,49,15,49,12,50,18,51,11,48,10,48,16,47,11,48,6,46,10,44,6,41,-2,40,-6,39,-5,34,-11,38,-18,40,-18,37,-21,0,0]",1
CSI_DATA,62197,1a:00:00:00:00:00,-39,11,1,0,1,1,1,0,0,0,1,-97,0,11,2,835087038,0,44,0,384,0,"[0,0,0,0,0,0,0,0,0,0,0,0,-9,-3,-9,-3,-9,-2,-9,-2,-9,-2,-9,-2,-9,-2,-9,-2,-8,-2,-8,-2,-7,-2,-6,-1,-6,-1,-5,0,-4,1,-4,1,-3,3,-3,3,-3,4,-3,6,-3,6,-3,7,-4,8,-4,8,-5,9,-5,9,0,0,-5,9,-5,9,-5,9,-5,10,-6,10,-7,10,-7,9,-7,9,-7,9,-7,8,-7,8,-7,8,-6,7,-6,7,-6,7,-6,6,-6,6,-6,6,-5,5,-5,5,-5,5,-5,5,-4,5,-4,5,-5,6,-5,5,0,0,0,0,0,0,0,0,0,0,0,0,0,0,11,48,19,42,23,45,19,47,21,46,22,42,20,38,21,44,22,42,24,40,21,39,17,41,19,36,18,31,17,31,19,29,15,19,15,17,20,8,19,5,21,1,25,-6,29,-9,32,-11,33,-10,43,-16,47,-13,54,-13,53,-14,52,-11,56,-15,61,-13,52,-17,56,-17,59,-14,60,-16,62,-16,65,-8,57,-10,64,-8,52,-7,56,-2,56,3,56,-2,53,-2,47,-2,47,1,48,-3,41,3,38,-3,42,2,36,0,36,-6,35,0,40,-2,39,-4,42,0,0,0,0,0,0,0,0,0,0,0,0,0,0,0,0,0,0,0,0,0,0,0,-33,-39,-30,-41,-25,-43,-23,-45,-25,-38,-28,-41,-29,-44,-25,-44,-30,-46,-32,-44,-29,-53,-26,-57,-28,-62,-26,-58,-22,-60,-22,-55,-26,-56,-27,-60,-27,-61,-25,-59,-26,-58,-24,-62,-20,-53,-19,-52,-22,-53,-21,-52,-25,-48,-27,-47,-26,-43,-26,-50,-32,-45,-33,-41,-36,-38,-34,-43,-39,-42,-37,-42,-40,-40,-38,-37,-43,-36,-42,-35,-44,-32,-42,-27,-44,-28,-47,-27,-45,-27,-49,-24,-45,-21,-48,-26,-46,-18,-41,-20,-37,-17,-40,-9,-37,-8,-36,-8,-41,3,-35,5,-52,11,0,0]",1
CSI_DATA,62198,1a:00:00:00:00:00,-39,11,1,0,1,1,1,0,0,0,1,-97,0,11,2,835096013,0,44,0,384,0,"[0,0,0,0,0,0,0,0,0,0,0,0,-7,-8,-7,-8,-7,-8,-7,-8,-7,-8,-7,-7,-7,-7,-6,-7,-6,-7,-6,-7,-5,-6,-5,-5,-4,-5,-4,-4,-4,-3,-4,-2,-4,-1,-5,1,-5,1,-6,2,-7,3,-8,3,-9,4,-9,4,-10,4,-10,4,0,0,-10,3,-11,3,-10,3,-11,4,-11,3,-12,3,-12,2,-12,2,-11,1,-11,1,-11,1,-10,1,-10,1,-10,1,-10,0,-9,1,-9,0,-8,1,-8,0,-8,0,-8,0,-7,0,-7,1,-7,1,-8,1,-8,1,0,0,0,0,0,0,0,0,0,0,0,0,0,0,-22,51,-21,48,-16,48,-21,51,-15,48,-12,48,-14,53,-17,48,-15,50,-17,41,-11,46,-11,43,-13,38,-10,39,-5,36,-5,35,-4,30,0,22,5,23,11,16,13,20,23,15,24,11,30,12,33,14,42,17,45,19,42,21,47,28,45,27,48,22,44,30,50,30,48,26,49,31,55,27,48,30,50,36,44,40,41,40,41,36,36,34,37,35,35,31,36,34,31,35,29,33,33,29,27,27,26,26,27,27,23,26,26,25,29,25,25,24,29,23,27,29,0,0,0,0,0,0,0,0,0,0,0,0,0,0,0,0,0,0,0,0,0,0,-11,-48,-9,-48,-6,-47,1,-48,-3,-51,-2,-43,-3,-48,-9,-53,-8,-59,-9,-56,-5,-64,3,-65,-3,-65,0,-67,3,-67,7,-65,6,-66,4,-68,5,-67,13,-63,14,-63,10,-69,15,-63,14,-53,8,-51,5,-56,7,-62,7,-58,0,-60,0,-56,-2,-52,-4,-57,-6,-53,-1,-55,-10,-53,-7,-56,-12,-53,-12,-54,-12,-52,-15,-53,-22,-49,-24,-49,-21,-52,-24,-49,-25,-44,-27,-52,-22,-48,-24,-46,-23,-42,-24,-37,-26,-41,-24,-29,-27,-32,-36,-28,-38,-17,-41,-27,-45,-23,0,0]",1
CSI_DATA,62199,1a:00:00:00:00:00,-39,11,1,0,1,1,1,0,0,0,1,-97,0,11,2,835106043,0,44,0,384,0,"[0,0,0,0,0,0,0,0,0,0,0,0,9,-3,9,-3,9,-3,9,-3,9,-3,9,-3,8,-3,8,-3,8,-3,7,-2,7,-2,6,-2,5,-2,4,-2,3,-3,2,-3,1,-4,1,-4,0,-5,-1,-6,-1,-7,-1,-8,-1,-9,-1,-10,0,-10,0,-10,0,0,0,-10,0,-10,-1,-10,0,-11,0,-11,0,-11,1,-11,1,-11,2,-11,2,-10,1,-10,2,-10,2,-9,1,-9,2,-9,2,-8,1,-8,1,-8,1,-7,1,-7,1,-7,1,-7,1,-7,0,-7,1,-7,1,-7,0,0,0,0,0,0,0,0,0,0,0,0,0,0,-46,-30,-46,-24,-47,-23,-47,-25,-47,-24,-52,-26,-46,-20,-52,-26,-47,-25,-42,-24,-45,-20,-43,-20,-35,-16,-35,-16,-36,-16,-30,-14,-29,-8,-26,-10,-26,-4,-18,1,-20,8,-17,12,-20,19,-21,21,-21,27,-27,30,-26,29,-34,34,-35,36,-35,37,-35,35,-37,34,-37,36,-36,39,-37,38,-42,40,-45,35,-46,37,-42,34,-43,33,-44,25,-45,29,-46,30,-44,29,-41,23,-39,24,-44,23,-39,20,-39,22,-39,19,-31,19,-28,16,-29,16,-32,14,-30,18,-27,16,-33,17,0,0,0,0,0,0,0,0,0,0,0,0,0,0,0,0,0,0,0,0,0,0,46,-11,53,-4,50,-4,49,0,45,0,47,0,48,-8,50,-2,55,-4,53,-1,64,3,61,6,70,9,62,6,64,11,64,11,70,9,64,12,68,10,66,13,65,19,65,18,57,20,58,19,55,14,54,13,53,6,53,11,56,6,57,8,52,5,55,1,55,-3,55,3,50,-7,48,-4,50,0,51,-5,54,-7,49,-10,51,-18,52,-17,51,-18,53,-20,49,-21,55,-19,53,-24,46,-23,48,-21,38,-16,41,-25,37,-18,38,-26,27,-26,29,-34,26,-41,29,-38,0,0]",1
CSI_DATA,62200,1a:00:00:00:00:00,-39,11,1,0,1,1,1,0,0,0,1,-97,0,11,2,835116047,0,44,0,384,0,"[0,0,0,0,0,0,0,0,0,0,0,0,-2,10,-2,10,-2,10,-2,9,-2,9,-2,9,-2,9,-2,8,-2,8,-2,7,-2,6,-1,6,-1,5,0,4,0,4,1,3,2,3,3,2,4,2,5,2,6,2,7,3,8,3,8,4,8,4,8,4,0,0,8,5,9,4,8,4,9,5,9,5,9,5,9,6,8,6,8,6,7,6,7,6,7,6,7,6,6,6,6,6,5,6,5,6,5,5,5,5,4,5,4,4,4,4,4,4,4,4,4,4,4,4,0,0,0,0,0,0,0,0,0,0,0,0,0,0,52,-28,49,-24,56,-26,53,-26,49,-24,46,-25,46,-27,49,-26,44,-26,42,-24,40,-20,35,-21,36,-28,35,-20,33,-19,25,-18,24,-19,21,-19,13,-18,9,-20,3,-23,-1,-23,-5,-27,-4,-32,-5,-31,-13,-41,-16,-41,-10,-46,-11,-46,-9,-50,-11,-52,-6,-58,-9,-48,-16,-52,-12,-56,-11,-55,-10,-55,-6,-61,-7,-58,-7,-55,-2,-54,1,-58,4,-55,-2,-52,1,-54,0,-47,4,-47,3,-46,6,-44,10,-37,8,-37,5,-33,6,-38,4,-37,3,-36,3,-39,5,-37,0,0,0,0,0,0,0,0,0,0,0,0,0,0,0,0,0,0,0,0,0,0,-20,47,-23,43,-26,42,-31,43,-25,42,-27,41,-25,43,-28,42,-27,49,-29,48,-37,49,-35,54,-42,52,-41,50,-45,52,-43,50,-45,48,-44,54,-48,47,-47,47,-50,43,-51,39,-44,38,-45,38,-42,34,-40,39,-36,44,-36,45,-32,45,-33,45,-34,39,-29,43,-30,42,-30,42,-26,47,-25,45,-20,46,-19,49,-14,48,-18,47,-13,50,-8,51,-10,56,-9,53,-10,56,-9,51,-6,54,-5,48,-5,50,-5,42,-4,45,3,37,7,41,9,42,9,38,20,43,16,46,0,0]",1
CSI_DATA,62201,1a:00:00:00:00:00,-38,11,1,0,1,1,1,0,0,0,1,-97,0,11,2,835136044,0,44,0,384,0,"[0,0,0,0,0,0,0,0,0,0,0,0,8,-8,7,-8,7,-8,7,-7,7,-7,7,-7,6,-7,6,-6,5,-6,5,-6,4,-6,3,-5,3,-5,1,-5,1,-5,0,-5,-1,-5,-2,-6,-3,-6,-4,-7,-5,-7,-5,-8,-5,-9,-5,-10,-5,-10,-5,-10,0,0,-5,-11,-6,-11,-6,-11,-6,-11,-6,-12,-6,-12,-5,-12,-5,-12,-4,-12,-4,-12,-4,-12,-4,-11,-4,-11,-3,-11,-3,-10,-3,-10,-3,-10,-2,-9,-2,-9,-2,-8,-2,-8,-2,-8,-2,-8,-2,-8,-2,-8,-2,-8,0,0,0,0,0,0,0,0,0,0,0,0,0,0,-65,-3,-63,-8,-61,-3,-58,-8,-58,-5,-60,-9,-55,-1,-59,-6,-51,-4,-48,-8,-53,-7,-47,-7,-41,0,-43,2,-40,2,-35,1,-31,4,-25,11,-24,11,-16,17,-20,26,-13,27,-14,33,-18,34,-18,41,-17,43,-16,46,-22,50,-25,51,-20,57,-24,52,-30,53,-27,57,-26,59,-24,59,-34,57,-30,57,-31,57,-41,56,-35,52,-32,51,-36,49,-34,48,-33,48,-34,46,-35,42,-33,42,-34,36,-35,34,-29,31,-31,30,-30,29,-28,27,-28,28,-24,26,-33,30,-31,26,0,0,0,0,0,0,0,0,0,0,0,0,0,0,0,0,0,0,0,0,0,0,45,-22,48,-15,48,-14,50,-9,49,-10,47,-11,46,-14,49,-11,53,-13,51,-19,58,-12,65,-8,62,-8,62,-8,62,-1,61,-3,64,-4,60,-3,66,-4,63,0,62,0,58,2,54,3,55,0,51,-3,51,-7,52,-6,51,-8,49,-10,49,-15,49,-10,49,-17,45,-20,52,-20,50,-21,43,-19,45,-23,45,-27,47,-24,40,-30,38,-29,38,-28,38,-33,43,-35,35,-40,38,-34,36,-31,35,-34,38,-33,34,-34,25,-36,23,-36,21,-42,14,-38,12,-44,5,-46,9,-53,0,0]",1
CSI_DATA,62202,1a:00:00:00:00:00,-38,11,1,0,1,1,1,0,0,0,1,-97,0,11,2,835166012,0,44,0,384,0,"[0,0,0,0,0,0,0,0,0,0,0,0,2,-10,2,-10,2,-10,2,-10,2,-10,2,-10,2,-9,2,-9,2,-8,1,-8,1,-7,0,-7,0,-6,-1,-5,-2,-5,-3,-4,-4,-4,-5,-4,-6,-4,-7,-5,-8,-5,-9,-6,-9,-7,-10,-7,-10,-7,-9,-7,0,0,-10,-8,-10,-8,-10,-8,-10,-8,-10,-9,-10,-9,-10,-10,-9,-10,-9,-10,-8,-9,-8,-9,-8,-9,-8,-9,-7,-9,-7,-8,-7,-8,-7,-8,-6,-8,-6,-7,-6,-7,-6,-7,-6,-7,-6,-7,-6,-7,-6,-7,-5,-7,0,0,0,0,0,0,0,0,0,0,0,0,0,0,-50,19,-47,21,-46,24,-47,29,-43,29,-46,32,-45,28,-47,30,-41,28,-40,29,-40,25,-37,20,-34,25,-33,21,-31,19,-22,26,-24,17,-12,22,-12,25,-1,28,3,27,4,34,6,32,11,39,13,41,14,49,14,52,16,58,10,61,15,57,12,61,14,59,17,63,13,58,17,62,16,66,6,67,7,68,2,68,3,63,8,59,3,62,2,60,0,55,0,59,1,55,6,55,1,51,-4,47,-1,47,-1,47,-1,42,-2,46,-1,44,0,44,0,40,-4,43,0,0,0,0,0,0,0,0,0,0,0,0,0,0,0,0,0,0,0,0,0,0,34,-34,41,-30,41,-26,44,-22,42,-22,42,-26,38,-24,41,-26,42,-33,50,-30,53,-31,54,-30,58,-27,59,-27,59,-24,59,-22,54,-25,58,-26,57,-27,59,-19,60,-20,62,-19,53,-19,54,-16,50,-17,43,-22,43,-25,41,-25,43,-28,42,-29,37,-31,41,-29,40,-26,42,-29,40,-31,37,-33,32,-31,30,-41,25,-43,24,-41,22,-43,20,-41,22,-44,18,-48,17,-44,23,-42,21,-39,14,-38,16,-43,11,-36,10,-40,-3,-39,-4,-38,-3,-39,-2,-36,-8,-43,-11,-39,0,0]",1
CSI_DATA,62203,1a:00:00:00:00:00,-39,11,1,0,1,1,1,0,0,0,1,-97,0,11,2,835186040,0,44,0,384,0,"[0,0,0,0,0,0,0,0,0,0,0,0,-11,1,-11,1,-10,1,-11,1,-10,1,-10,1,-10,1,-9,0,-8,1,-8,1,-7,1,-6,1,-5,1,-4,1,-3,2,-2,3,-2,4,-1,4,0,6,0,7,0,8,0,8,0,9,0,10,-1,10,-1,10,0,0,-1,11,-1,10,-1,11,-1,11,-1,12,-2,12,-2,12,-2,11,-3,11,-3,10,-2,11,-2,10,-2,10,-2,10,-3,9,-3,9,-3,9,-3,8,-3,8,-3,7,-3,7,-2,7,-2,7,-2,8,-2,7,-3,7,0,0,0,0,0,0,0,0,0,0,0,0,0,0,36,32,42,29,42,35,43,33,42,27,42,34,47,38,45,36,39,31,38,33,36,28,38,24,35,27,39,21,26,18,23,13,21,8,25,2,18,2,19,-3,22,-14,21,-19,26,-25,24,-31,29,-33,34,-39,33,-42,37,-36,38,-40,39,-38,39,-41,43,-46,44,-40,44,-45,46,-44,48,-49,50,-46,50,-41,49,-42,48,-41,48,-41,51,-39,43,-37,43,-37,47,-34,45,-32,42,-30,46,-27,42,-23,39,-28,40,-27,38,-26,39,-25,39,-25,34,-26,38,-25,37,-27,0,0,0,0,0,0,0,0,0,0,0,0,0,0,0,0,0,0,0,0,0,0,-45,-29,-38,-36,-40,-37,-39,-35,-31,-41,-37,-33,-35,-36,-40,-35,-41,-35,-42,-37,-48,-43,-48,-45,-47,-51,-41,-46,-42,-48,-41,-48,-38,-48,-37,-48,-41,-49,-38,-49,-40,-48,-36,-52,-32,-49,-34,-44,-30,-38,-36,-40,-37,-34,-44,-31,-43,-29,-43,-29,-46,-23,-46,-29,-45,-24,-44,-25,-46,-19,-43,-22,-48,-17,-47,-15,-50,-10,-51,-12,-46,-9,-49,-7,-52,-6,-54,-3,-54,-5,-55,3,-58,-4,-44,-3,-48,4,-45,1,-39,7,-38,12,-42,16,-26,13,-34,29,-29,26,-34,28,0,0]",1
CSI_DATA,62204,1a:00:00:00:00:00,-39,11,1,0,1,1,1,0,0,0,1,-97,0,11,2,835206023,0,44,0,384,0,"[0,0,0,0,0,0,0,0,0,0,0,0,4,8,4,8,4,7,4,7,4,7,4,7,4,6,3,6,3,5,3,5,3,4,3,3,2,3,2,1,3,1,3,-1,3,-2,4,-3,4,-3,5,-4,6,-5,7,-5,7,-5,8,-5,9,-5,9,-5,0,0,9,-5,9,-5,10,-5,10,-5,10,-5,11,-5,10,-4,10,-4,10,-4,10,-4,10,-4,9,-3,9,-3,9,-3,8,-3,8,-3,8,-2,8,-3,7,-2,7,-3,7,-2,6,-2,6,-3,6,-3,7,-3,7,-3,0,0,0,0,0,0,0,0,0,0,0,0,0,0,19,-43,18,-47,26,-41,29,-44,26,-45,22,-41,18,-39,23,-42,24,-39,15,-39,22,-38,20,-32,16,-32,14,-29,12,-28,5,-24,5,-22,1,-23,-4,-15,-11,-19,-17,-19,-20,-16,-30,-20,-33,-19,-37,-16,-41,-19,-43,-26,-41,-26,-43,-33,-44,-31,-45,-30,-51,-31,-47,-32,-51,-33,-51,-37,-48,-31,-54,-32,-50,-37,-45,-38,-46,-39,-44,-40,-46,-38,-43,-36,-44,-35,-39,-35,-35,-32,-34,-37,-33,-34,-37,-34,-33,-33,-33,-33,-25,-28,-29,-30,-25,-26,-29,-25,-29,-25,-30,-28,0,0,0,0,0,0,0,0,0,0,0,0,0,0,0,0,0,0,0,0,0,0,-21,47,-23,45,-27,44,-28,37,-30,41,-30,41,-28,39,-28,49,-32,49,-30,51,-35,49,-38,55,-39,53,-40,48,-42,47,-42,45,-42,49,-41,47,-44,50,-49,44,-50,47,-43,41,-43,39,-37,38,-32,37,-31,36,-32,38,-24,44,-24,40,-21,42,-22,49,-17,49,-15,48,-16,43,-15,48,-16,45,-14,49,-12,49,-8,48,-8,51,-4,51,2,44,-1,47,4,52,2,50,1,42,4,42,0,43,7,38,6,37,9,30,15,30,21,31,25,24,23,26,36,20,29,20,0,0]",1
CSI_DATA,62205,1a:00:00:00:00:00,-39,11,1,0,1,1,1,0,0,0,1,-97,0,11,2,835216029,0,44,0,384,0,"[0,0,0,0,0,0,0,0,0,0,0,0,-10,-1,-10,-1,-10,-1,-10,-1,-10,-1,-9,-1,-9,-1,-8,-1,-8,-1,-7,-1,-7,-1,-6,0,-5,0,-4,1,-4,1,-3,2,-2,3,-2,4,-2,5,-2,6,-2,7,-2,8,-2,9,-2,9,-3,10,-3,10,0,0,-3,10,-3,10,-3,10,-3,11,-4,11,-4,11,-5,10,-5,10,-5,10,-5,9,-5,9,-5,8,-4,8,-4,8,-5,8,-5,8,-4,7,-4,7,-4,7,-4,6,-4,6,-4,6,-3,6,-3,6,-3,6,-4,6,0,0,0,0,0,0,0,0,0,0,0,0,0,0,25,42,23,42,28,48,25,47,29,42,27,42,27,39,22,40,23,40,29,38,22,37,22,36,21,27,23,27,19,25,18,21,21,17,20,10,21,1,21,-1,24,-4,24,-6,31,-18,33,-19,34,-23,39,-21,45,-27,46,-23,49,-25,50,-27,51,-22,57,-26,52,-24,51,-26,58,-30,59,-25,58,-23,59,-16,60,-21,55,-14,50,-14,53,-17,55,-13,53,-12,48,-16,50,-16,48,-11,46,-12,42,-7,41,-6,43,-9,38,-9,36,-6,40,-9,40,-9,36,-18,42,-7,0,0,0,0,0,0,0,0,0,0,0,0,0,0,0,0,0,0,0,0,0,0,-40,-35,-34,-39,-34,-41,-33,-43,-32,-42,-29,-42,-32,-44,-34,-42,-36,-47,-39,-45,-37,-55,-32,-58,-34,-61,-28,-64,-26,-59,-29,-61,-28,-60,-29,-64,-31,-62,-28,-61,-25,-63,-24,-61,-21,-58,-19,-55,-21,-53,-23,-48,-23,-46,-30,-46,-31,-41,-30,-40,-32,-39,-32,-43,-37,-40,-37,-38,-40,-38,-37,-32,-41,-37,-43,-33,-42,-27,-44,-32,-44,-26,-43,-20,-47,-21,-50,-19,-46,-21,-46,-12,-43,-16,-46,-16,-49,-13,-39,-14,-36,-8,-37,2,-35,3,-34,8,-41,19,-39,17,-42,17,0,0]",1
CSI_DATA,62206,1a:00:00:00:00:00,-39,11,1,0,1,1,1,0,0,0,1,-97,0,11,2,835236042,0,44,0,384,0,"[0,0,0,0,0,0,0,0,0,0,0,0,3,10,2,10,3,10,2,10,2,9,2,9,2,9,2,8,1,8,1,7,1,7,1,6,1,5,2,4,2,3,3,2,3,1,4,1,5,0,6,-1,7,-1,8,-1,8,-1,9,-1,9,0,9,0,0,0,10,0,10,0,10,0,10,0,11,0,11,1,11,1,10,2,10,2,9,2,9,2,9,2,8,2,8,2,8,2,8,2,7,2,7,1,7,1,6,1,6,1,6,1,6,1,6,1,6,1,6,1,0,0,0,0,0,0,0,0,0,0,0,0,0,0,30,-51,35,-52,36,-50,30,-52,32,-53,37,-53,34,-45,34,-48,29,-51,28,-47,29,-44,27,-40,28,-39,20,-35,21,-32,19,-34,13,-31,9,-24,5,-25,1,-26,-3,-25,-16,-23,-18,-23,-22,-26,-28,-29,-34,-36,-31,-33,-32,-39,-35,-40,-35,-41,-39,-44,-41,-41,-38,-42,-38,-43,-37,-49,-41,-48,-36,-50,-36,-51,-33,-54,-31,-49,-29,-48,-26,-42,-27,-48,-28,-42,-22,-44,-27,-40,-29,-39,-24,-38,-26,-41,-25,-36,-22,-40,-20,-37,-19,-32,-20,-31,-17,-29,-20,-33,-18,-36,0,0,0,0,0,0,0,0,0,0,0,0,0,0,0,0,0,0,0,0,0,0,-11,50,-14,52,-22,53,-19,46,-18,52,-18,47,-21,47,-24,50,-29,55,-25,56,-27,58,-33,59,-41,58,-35,59,-36,55,-35,54,-40,52,-34,59,-36,52,-44,54,-46,51,-43,50,-36,47,-37,44,-33,47,-28,42,-24,44,-22,43,-23,44,-22,46,-19,43,-19,50,-14,47,-15,48,-10,48,-10,47,-6,47,-3,46,1,46,3,51,3,43,5,44,4,49,9,47,12,48,6,43,8,45,10,48,7,42,15,44,16,41,21,32,23,31,25,28,34,28,37,32,40,29,0,0]",1
CSI_DATA,62207,1a:00:00:00:00:00,-39,11,1,0,1,1,1,0,0,0,1,-97,0,11,2,835246028,0,44,0,384,0,"[0,0,0,0,0,0,0,0,0,0,0,0,-12,-4,-12,-4,-12,-4,-11,-4,-11,-4,-10,-4,-10,-4,-10,-4,-9,-4,-8,-3,-8,-3,-7,-2,-6,-2,-6,-1,-5,-1,-5,1,-5,1,-4,3,-5,4,-5,4,-5,5,-6,6,-6,7,-7,7,-7,7,-7,7,0,0,-8,7,-8,7,-8,7,-8,8,-9,7,-9,7,-9,7,-10,6,-9,6,-9,6,-9,6,-8,5,-8,5,-8,5,-8,5,-8,4,-7,4,-7,4,-7,3,-7,3,-7,3,-6,3,-6,4,-6,3,-6,4,-6,4,0,0,0,0,0,0,0,0,0,0,0,0,0,0,36,61,33,55,31,51,29,55,25,55,34,59,28,51,28,54,26,54,30,52,21,46,19,48,20,41,23,41,20,37,21,30,18,24,22,21,19,16,24,13,22,5,26,3,28,-1,37,-6,42,-6,44,-7,50,1,50,-4,51,-4,58,-7,49,-2,59,-2,56,-1,59,-4,56,-3,64,-4,61,2,61,6,61,8,61,12,55,10,58,13,57,9,50,5,51,8,51,9,47,13,47,12,41,9,38,12,38,11,38,11,38,7,30,9,36,6,30,7,38,10,0,0,0,0,0,0,0,0,0,0,0,0,0,0,0,0,0,0,0,0,0,0,-42,-18,-44,-25,-43,-32,-46,-29,-44,-31,-45,-34,-44,-27,-45,-31,-49,-32,-49,-36,-49,-46,-49,-44,-43,-49,-47,-47,-41,-48,-41,-45,-49,-48,-41,-43,-43,-48,-38,-49,-33,-55,-37,-46,-33,-49,-35,-47,-33,-39,-34,-38,-34,-37,-35,-38,-39,-34,-37,-30,-41,-28,-43,-31,-38,-27,-38,-27,-46,-27,-42,-28,-45,-20,-46,-19,-47,-19,-46,-16,-47,-14,-49,-9,-53,-10,-47,-11,-51,-7,-50,-6,-50,-6,-51,-5,-46,-5,-45,1,-40,1,-43,5,-43,8,-40,11,-46,22,-44,24,-46,24,0,0]",1
CSI_DATA,62208,1a:00:00:00:00:00,-39,11,1,0,1,1,1,0,0,0,1,-97,0,11,2,835256018,0,44,0,384,0,"[0,0,0,0,0,0,0,0,0,0,0,0,9,-8,8,-7,8,-8,8,-7,8,-7,8,-7,8,-6,7,-6,7,-6,6,-5,6,-5,5,-5,4,-5,3,-5,2,-5,1,-5,0,-6,-1,-6,-2,-7,-2,-8,-2,-8,-3,-9,-2,-10,-2,-11,-2,-11,-2,-11,0,0,-2,-11,-2,-11,-2,-11,-2,-12,-2,-12,-1,-12,0,-12,0,-12,0,-12,1,-11,0,-11,1,-10,0,-10,1,-10,1,-10,1,-9,1,-9,1,-8,1,-8,1,-7,1,-7,0,-7,0,-8,0,-7,0,-7,0,-7,0,0,0,0,0,0,0,0,0,0,0,0,0,0,-70,-9,-64,-1,-59,-6,-67,-4,-59,-5,-68,-10,-58,-5,-65,-3,-63,-8,-52,-3,-51,1,-52,-2,-45,-3,-44,0,-42,0,-37,3,-32,3,-33,9,-30,10,-23,12,-18,23,-16,29,-15,30,-18,36,-26,41,-22,45,-24,47,-26,50,-28,50,-31,50,-32,51,-36,51,-28,50,-30,54,-25,49,-35,52,-35,49,-41,53,-45,50,-38,46,-41,41,-42,40,-40,44,-35,42,-36,36,-36,38,-40,32,-37,33,-37,30,-37,27,-33,24,-32,23,-30,27,-30,24,-26,22,-28,23,-30,25,0,0,0,0,0,0,0,0,0,0,0,0,0,0,0,0,0,0,0,0,0,0,41,-27,42,-29,48,-23,46,-23,45,-25,46,-20,48,-19,47,-22,49,-23,57,-22,58,-21,62,-20,58,-19,65,-13,61,-11,55,-14,58,-11,60,-12,60,-10,62,-11,62,-4,59,-8,48,-4,51,-13,44,-10,45,-14,43,-14,45,-18,41,-19,46,-19,45,-18,46,-25,42,-25,42,-27,44,-26,45,-25,41,-24,37,-27,36,-28,35,-37,30,-34,32,-36,29,-37,29,-42,28,-41,31,-37,28,-41,25,-40,24,-39,23,-39,16,-37,8,-37,17,-41,5,-42,6,-51,-1,-53,4,-59,0,0]",1
CSI_DATA,62209,1a:00:00:00:00:00,-38,11,1,0,1,1,1,0,0,0,1,-97,0,11,2,835266028,0,44,0,384,0,"[0,0,0,0,0,0,0,0,0,0,0,0,1,10,0,10,0,10,0,10,1,9,0,9,0,8,0,8,0,8,1,7,1,7,1,6,1,6,2,5,3,4,3,3,4,3,5,2,6,2,7,2,8,2,9,3,9,3,10,4,10,4,10,4,0,0,10,5,10,4,10,5,10,5,10,5,10,5,10,6,9,6,9,6,9,6,8,6,8,6,8,6,7,6,7,6,6,6,6,6,6,5,5,5,5,5,5,5,5,4,5,4,5,4,5,4,5,4,0,0,0,0,0,0,0,0,0,0,0,0,0,0,46,-38,42,-47,37,-49,39,-48,46,-42,33,-49,40,-47,38,-40,32,-39,38,-45,30,-34,30,-40,25,-38,26,-34,23,-34,19,-30,17,-35,12,-34,5,-24,0,-27,-7,-35,-10,-36,-11,-38,-15,-39,-19,-42,-22,-50,-23,-57,-25,-57,-22,-56,-22,-59,-23,-58,-23,-61,-17,-60,-24,-60,-22,-58,-21,-64,-17,-65,-11,-68,-11,-70,-9,-62,-11,-59,-10,-61,-8,-63,-5,-60,-1,-55,-3,-56,0,-49,3,-55,0,-49,2,-44,-3,-42,4,-42,-1,-41,1,-41,-7,-41,-4,-36,-1,-40,0,0,0,0,0,0,0,0,0,0,0,0,0,0,0,0,0,0,0,0,0,0,-8,49,-12,50,-16,48,-16,51,-19,45,-20,49,-21,46,-25,48,-23,50,-25,52,-26,57,-32,54,-32,55,-37,53,-38,46,-38,49,-38,50,-37,49,-39,43,-41,48,-36,45,-35,49,-32,45,-34,39,-28,40,-25,40,-27,43,-28,45,-21,42,-23,43,-20,46,-21,44,-18,46,-20,46,-17,45,-14,39,-11,47,-8,44,-8,41,-5,46,1,47,4,40,0,45,6,44,2,46,4,44,-1,44,5,43,8,37,11,38,18,37,24,30,23,29,27,31,34,33,36,31,38,34,0,0]",1
CSI_DATA,62210,1a:00:00:00:00:00,-38,11,1,0,1,1,1,0,0,0,1,-97,0,11,2,835276217,0,44,0,384,0,"[0,0,0,0,0,0,0,0,0,0,0,0,-9,-7,-9,-7,-9,-6,-9,-6,-9,-6,-8,-6,-8,-5,-8,-5,-8,-5,-7,-4,-7,-4,-7,-3,-7,-2,-6,-1,-6,0,-6,1,-6,1,-7,3,-7,3,-8,4,-8,5,-9,5,-10,5,-10,6,-11,5,-11,5,0,0,-11,5,-11,5,-11,6,-12,6,-12,5,-12,5,-13,5,-12,4,-12,4,-12,3,-12,3,-11,3,-11,2,-11,2,-10,2,-10,2,-9,2,-9,2,-8,1,-8,1,-8,1,-8,1,-7,2,-7,2,-8,2,-8,1,0,0,0,0,0,0,0,0,0,0,0,0,0,0,11,52,14,58,17,54,12,53,17,48,15,55,16,54,17,50,17,48,17,47,15,45,19,41,14,39,14,35,20,34,21,32,23,25,21,22,26,12,32,8,35,9,36,9,45,3,44,6,49,6,55,1,57,5,61,4,58,14,59,11,59,11,64,13,63,10,67,9,65,8,62,15,66,11,65,17,68,19,65,20,64,16,61,25,59,22,53,18,53,20,48,22,48,23,47,19,39,25,40,19,37,17,40,17,35,14,33,15,37,17,35,16,37,16,0,0,0,0,0,0,0,0,0,0,0,0,0,0,0,0,0,0,0,0,0,0,-27,-43,-22,-44,-18,-48,-16,-51,-17,-48,-13,-44,-17,-49,-17,-53,-20,-52,-19,-54,-17,-61,-13,-65,-11,-63,-9,-63,-4,-59,-3,-58,-11,-62,-9,-60,-4,-59,-7,-60,-2,-63,-5,-56,-4,-58,-6,-54,-8,-49,-8,-47,-9,-50,-14,-47,-15,-43,-18,-48,-19,-41,-21,-48,-22,-40,-18,-40,-23,-38,-25,-40,-23,-40,-27,-41,-26,-38,-34,-27,-30,-27,-31,-31,-41,-25,-40,-31,-35,-29,-30,-20,-32,-23,-31,-20,-27,-15,-31,-17,-36,-12,-38,-4,-39,0,-37,0,-44,14,-43,10,-48,12,0,0]",1
CSI_DATA,62211,1a:00:00:00:00:00,-38,11,1,0,1,1,1,0,0,0,1,-97,0,11,2,835286027,0,44,0,384,0,"[0,0,0,0,0,0,0,0,0,0,0,0,7,-7,7,-7,7,-6,7,-6,7,-6,7,-6,6,-6,6,-6,6,-5,5,-5,4,-5,4,-5,3,-5,2,-5,1,-6,0,-6,0,-6,-1,-7,-2,-8,-2,-9,-2,-10,-2,-11,-2,-11,-2,-11,-1,-12,-1,-12,0,0,-1,-12,-1,-12,-1,-12,-1,-12,0,-13,0,-13,1,-13,1,-12,2,-12,2,-11,1,-11,1,-11,1,-11,2,-10,2,-9,2,-9,2,-9,2,-8,1,-8,2,-7,2,-7,1,-7,1,-7,1,-7,1,-8,1,-7,0,0,0,0,0,0,0,0,0,0,0,0,0,0,-61,-14,-55,-17,-56,-10,-52,-11,-54,-13,-54,-13,-52,-10,-52,-11,-53,-9,-52,-8,-47,-8,-42,-10,-44,-8,-45,-1,-37,-5,-34,3,-37,6,-28,11,-30,11,-23,18,-27,23,-26,30,-27,32,-26,33,-29,43,-32,46,-33,48,-39,48,-45,46,-44,49,-39,50,-51,49,-45,47,-42,45,-45,49,-48,50,-48,49,-53,44,-54,43,-53,39,-54,32,-52,32,-49,33,-48,36,-49,31,-45,28,-45,23,-42,23,-38,19,-38,24,-39,17,-37,20,-34,21,-35,24,-33,21,-31,23,-39,18,0,0,0,0,0,0,0,0,0,0,0,0,0,0,0,0,0,0,0,0,0,0,48,-13,51,-10,50,-10,50,-3,51,-5,50,-5,51,-2,48,-3,60,-3,60,-3,58,3,59,9,65,7,64,11,58,12,56,9,55,13,57,9,55,9,60,12,55,16,52,14,49,17,45,11,48,11,46,7,46,7,48,7,48,2,48,1,46,-3,50,-2,43,-2,45,-1,41,-5,46,-10,46,-10,42,-12,40,-15,41,-16,36,-19,39,-16,38,-20,42,-24,38,-23,37,-26,34,-18,28,-20,30,-18,27,-24,19,-27,19,-25,14,-28,8,-34,10,-38,10,-46,7,-52,0,0]",1
CSI_DATA,62212,1a:00:00:00:00:00,-39,11,1,0,1,1,1,0,0,0,1,-97,0,11,2,835296028,0,44,0,384,0,"[0,0,0,0,0,0,0,0,0,0,0,0,1,10,1,10,2,10,1,10,1,9,1,9,1,8,1,8,1,8,1,7,1,6,2,6,2,5,3,4,3,3,4,3,5,2,6,2,7,2,8,2,9,2,10,2,10,3,11,3,11,4,11,4,0,0,11,4,11,4,11,4,11,5,11,5,11,5,11,6,10,6,10,6,9,6,9,6,8,6,8,5,8,5,7,5,7,5,7,5,7,5,6,4,6,4,6,4,6,4,6,4,6,4,6,4,6,4,0,0,0,0,0,0,0,0,0,0,0,0,0,0,31,-47,37,-41,39,-44,35,-42,36,-42,40,-48,38,-37,36,-41,36,-39,37,-41,28,-42,31,-35,29,-35,20,-31,20,-34,16,-32,9,-24,6,-31,3,-28,-2,-27,-6,-37,-18,-33,-18,-37,-24,-44,-24,-45,-23,-55,-28,-55,-25,-56,-22,-57,-21,-56,-21,-65,-24,-65,-18,-65,-22,-65,-20,-65,-18,-68,-18,-62,-13,-69,-10,-67,-9,-68,-9,-62,-12,-60,-9,-57,-10,-57,-12,-59,-2,-56,0,-51,-6,-50,-4,-49,-7,-42,-5,-46,-5,-44,-7,-41,0,-39,-3,-41,-6,-41,-4,-43,0,0,0,0,0,0,0,0,0,0,0,0,0,0,0,0,0,0,0,0,0,0,-15,44,-21,45,-22,40,-27,45,-28,44,-25,44,-26,43,-27,48,-30,51,-34,52,-37,47,-40,47,-39,49,-43,44,-50,41,-41,42,-45,43,-44,42,-47,42,-52,41,-46,37,-46,37,-42,34,-40,34,-41,32,-37,36,-34,37,-31,35,-32,37,-29,41,-30,40,-29,37,-23,43,-25,41,-22,40,-23,44,-17,44,-12,41,-13,41,-11,45,-9,45,-5,45,-7,47,-7,44,-3,48,-12,43,-1,39,3,36,0,42,3,33,6,33,16,32,22,35,20,26,27,36,31,29,30,35,0,0]",1
CSI_DATA,62213,1a:00:00:00:00:00,-39,11,1,0,1,1,1,0,0,0,1,-97,0,11,2,835306042,0,44,0,384,0,"[0,0,0,0,0,0,0,0,0,0,0,0,-9,-6,-9,-6,-9,-6,-8,-6,-8,-6,-8,-6,-8,-6,-7,-6,-7,-5,-6,-5,-6,-4,-6,-3,-5,-3,-5,-2,-5,-1,-5,1,-6,1,-6,2,-6,3,-7,4,-8,4,-9,5,-10,4,-10,4,-11,4,-10,4,0,0,-11,4,-11,4,-11,4,-11,4,-12,4,-12,3,-12,3,-11,2,-11,2,-11,2,-10,2,-10,1,-10,1,-10,1,-9,1,-9,1,-9,1,-8,1,-8,1,-8,1,-8,1,-8,1,-8,1,-8,1,-8,1,-8,1,0,0,0,0,0,0,0,0,0,0,0,0,0,0,5,54,4,55,8,56,6,56,8,56,4,56,5,56,3,54,4,50,10,52,1,51,4,44,7,44,8,34,8,32,8,30,8,22,18,16,17,18,21,16,32,15,38,10,40,8,42,12,44,9,52,10,56,14,62,16,58,16,58,18,62,19,61,22,53,15,64,19,60,22,60,25,57,24,58,32,57,31,57,29,43,27,49,26,51,24,53,24,49,28,45,22,43,27,41,21,40,24,38,18,38,19,35,21,33,18,39,20,40,20,37,22,36,25,0,0,0,0,0,0,0,0,0,0,0,0,0,0,0,0,0,0,0,0,0,0,-26,-40,-24,-45,-25,-44,-23,-48,-18,-45,-25,-51,-21,-50,-19,-51,-25,-51,-22,-57,-18,-62,-15,-66,-12,-66,-6,-65,-12,-61,-10,-54,-8,-63,-11,-61,-5,-65,-7,-64,1,-63,-6,-60,1,-55,-9,-58,-4,-51,-4,-46,-9,-49,-9,-49,-11,-44,-20,-47,-14,-42,-16,-47,-18,-42,-20,-43,-18,-44,-23,-45,-18,-41,-24,-40,-30,-39,-29,-33,-31,-31,-32,-30,-36,-27,-34,-30,-35,-35,-32,-24,-27,-23,-37,-23,-34,-22,-35,-17,-37,-12,-36,-11,-35,-6,-39,-2,-44,-2,-43,8,-54,8,0,0]",1
CSI_DATA,62214,1a:00:00:00:00:00,-39,11,1,0,1,1,1,0,0,0,1,-97,0,11,2,835316020,0,44,0,384,0,"[0,0,0,0,0,0,0,0,0,0,0,0,10,-5,10,-4,10,-4,9,-4,9,-4,9,-4,8,-4,8,-3,7,-3,7,-3,6,-3,5,-3,4,-3,3,-4,2,-4,1,-5,1,-5,0,-6,-1,-7,-1,-8,-1,-9,-1,-10,0,-11,0,-11,0,-11,0,-11,0,0,1,-12,0,-12,0,-11,1,-12,1,-12,2,-12,2,-12,2,-11,3,-11,3,-10,2,-10,2,-10,2,-9,2,-9,2,-9,2,-9,2,-9,2,-8,2,-8,2,-8,2,-8,1,-8,1,-8,1,-8,2,-8,2,-8,0,0,0,0,0,0,0,0,0,0,0,0,0,0,-56,-32,-52,-31,-55,-27,-54,-29,-55,-33,-58,-31,-52,-31,-51,-30,-46,-24,-49,-27,-43,-21,-38,-31,-40,-24,-39,-16,-29,-17,-32,-12,-31,-7,-30,-2,-28,0,-25,8,-26,12,-27,15,-33,26,-30,31,-37,25,-40,35,-46,34,-51,33,-49,30,-48,32,-53,34,-55,33,-49,32,-53,36,-53,34,-55,35,-54,31,-57,31,-59,23,-59,23,-54,19,-53,23,-54,19,-50,26,-51,21,-44,18,-44,20,-42,18,-43,14,-39,17,-40,12,-37,12,-38,15,-38,15,-36,15,-43,17,-50,11,0,0,0,0,0,0,0,0,0,0,0,0,0,0,0,0,0,0,0,0,0,0,49,-3,49,2,48,2,51,4,47,4,50,4,49,1,50,9,56,5,57,8,64,11,69,17,64,19,60,20,56,26,54,22,62,17,59,20,61,23,56,26,56,26,53,34,49,27,48,23,45,19,46,18,46,19,46,14,43,15,49,9,47,5,41,4,42,10,45,3,47,3,41,4,46,-1,45,-4,46,-5,47,-14,45,-15,45,-15,48,-10,45,-19,44,-22,48,-23,41,-20,40,-22,37,-21,35,-22,26,-26,29,-28,27,-37,21,-36,25,-43,23,-50,22,-46,0,0]",1
CSI_DATA,62215,1a:00:00:00:00:00,-39,11,1,0,1,1,1,0,0,0,1,-97,0,11,2,835326046,0,44,0,384,0,"[0,0,0,0,0,0,0,0,0,0,0,0,-5,11,-5,11,-5,11,-4,10,-4,10,-5,9,-4,9,-4,8,-4,7,-3,7,-3,6,-2,6,-1,5,0,5,1,4,2,4,3,4,4,4,5,4,6,4,7,5,7,5,8,6,8,6,8,7,8,7,0,0,8,7,8,7,9,7,9,8,9,8,8,9,8,9,7,9,7,9,6,9,6,8,6,8,5,8,5,7,5,7,5,7,5,7,4,6,4,6,4,6,4,6,4,6,4,5,4,5,4,6,4,6,0,0,0,0,0,0,0,0,0,0,0,0,0,0,60,-22,58,-18,58,-26,67,-22,52,-27,62,-20,61,-22,52,-18,51,-18,50,-16,41,-15,44,-17,38,-19,36,-16,31,-16,27,-17,24,-19,18,-20,13,-21,9,-29,2,-30,6,-26,-3,-34,-4,-41,-4,-46,-2,-52,-4,-54,-5,-51,-2,-55,-4,-64,-2,-63,5,-67,3,-57,-2,-64,2,-63,7,-65,3,-63,13,-64,12,-60,14,-55,13,-55,17,-53,9,-56,11,-58,11,-51,11,-50,10,-54,8,-50,11,-41,7,-42,7,-40,6,-40,5,-37,10,-42,5,-37,7,-40,7,-39,0,0,0,0,0,0,0,0,0,0,0,0,0,0,0,0,0,0,0,0,0,0,-27,38,-31,37,-32,36,-39,34,-34,32,-36,35,-36,36,-39,35,-40,42,-45,41,-46,37,-56,39,-58,37,-55,33,-56,31,-53,28,-54,28,-55,29,-59,26,-59,27,-56,28,-52,23,-51,22,-52,20,-45,24,-38,23,-41,28,-43,30,-36,28,-40,31,-36,30,-32,33,-37,30,-34,34,-34,35,-34,34,-24,36,-22,39,-20,35,-19,43,-18,39,-10,47,-13,42,-14,48,-17,46,-12,47,-10,42,-6,39,-5,45,-5,42,-1,43,7,44,13,43,13,42,20,46,25,50,29,54,0,0]",1
CSI_DATA,62216,1a:00:00:00:00:00,-39,11,1,0,1,1,1,0,0,0,1,-97,0,11,2,835336015,0,44,0,384,0,"[0,0,0,0,0,0,0,0,0,0,0,0,-6,-10,-6,-10,-6,-10,-6,-9,-5,-9,-6,-8,-5,-8,-5,-8,-5,-7,-5,-6,-5,-5,-4,-5,-4,-4,-5,-3,-5,-2,-5,-1,-6,0,-6,1,-7,2,-8,2,-9,2,-10,2,-10,3,-11,3,-11,3,-11,3,0,0,-12,2,-12,2,-12,3,-12,2,-13,2,-13,1,-13,1,-13,0,-12,0,-12,0,-11,0,-11,0,-11,0,-10,-1,-10,0,-9,-1,-9,-1,-9,0,-8,-1,-8,-1,-8,-1,-8,0,-8,0,-7,0,-8,0,-8,-1,0,0,0,0,0,0,0,0,0,0,0,0,0,0,-12,58,-13,56,-15,67,-13,63,-12,59,-15,62,-9,53,-11,56,-12,48,-13,47,-6,42,-7,45,-3,44,-4,44,-3,36,3,28,8,27,13,25,19,25,19,19,26,20,30,19,37,19,38,12,42,18,46,15,53,21,56,27,55,26,58,28,56,27,58,29,57,29,59,31,52,34,58,35,57,40,49,43,56,42,54,45,50,41,45,42,42,40,44,38,44,37,37,34,37,42,37,33,33,30,31,33,32,30,24,30,25,26,25,24,30,25,29,27,32,31,0,0,0,0,0,0,0,0,0,0,0,0,0,0,0,0,0,0,0,0,0,0,-15,-45,-14,-50,-11,-48,-8,-54,-6,-48,-13,-47,-7,-53,-6,-55,-6,-60,-11,-60,-5,-64,-8,-66,1,-68,4,-65,8,-63,5,-61,5,-63,8,-64,6,-60,5,-60,16,-57,12,-58,10,-55,3,-49,8,-48,2,-50,1,-47,-7,-48,-1,-46,-7,-50,-8,-45,-10,-48,-8,-43,-13,-47,-16,-47,-19,-46,-17,-42,-24,-37,-22,-39,-25,-40,-30,-38,-31,-35,-32,-41,-34,-35,-39,-36,-28,-26,-35,-35,-34,-26,-35,-27,-38,-26,-41,-19,-46,-18,-44,-15,-47,-12,-50,-7,-58,-10,-60,-8,0,0]",1
CSI_DATA,62217,1a:00:00:00:00:00,-39,11,1,0,1,1,1,0,0,0,1,-97,0,11,2,835346018,0,44,0,384,0,"[0,0,0,0,0,0,0,0,0,0,0,0,10,2,10,1,9,1,9,1,9,1,8,1,8,0,7,0,7,0,6,-1,6,-1,5,-1,5,-2,4,-3,3,-4,3,-5,2,-6,2,-7,2,-8,2,-8,3,-9,3,-10,4,-11,4,-11,4,-11,5,-11,0,0,5,-12,5,-11,5,-12,5,-12,6,-12,6,-12,7,-11,7,-11,7,-11,7,-10,7,-10,7,-9,6,-9,6,-8,6,-8,6,-8,6,-7,5,-7,5,-7,5,-6,5,-7,4,-6,4,-6,4,-6,5,-6,5,-6,0,0,0,0,0,0,0,0,0,0,0,0,0,0,-33,-56,-24,-55,-32,-54,-22,-58,-26,-52,-30,-48,-24,-45,-20,-49,-30,-43,-24,-42,-22,-38,-19,-31,-23,-32,-21,-30,-21,-27,-24,-19,-27,-17,-26,-12,-29,-4,-31,1,-33,3,-35,9,-35,10,-38,14,-52,11,-56,20,-53,13,-54,16,-60,23,-61,14,-67,11,-70,12,-63,16,-73,20,-69,13,-72,16,-69,13,-77,7,-66,0,-67,3,-63,0,-62,2,-65,0,-59,-2,-56,-2,-57,-1,-53,-3,-51,-2,-45,-3,-46,-4,-46,-7,-41,0,-39,-4,-39,-2,-41,-3,-38,-1,-41,-5,0,0,0,0,0,0,0,0,0,0,0,0,0,0,0,0,0,0,0,0,0,0,38,26,39,35,36,34,31,36,33,35,34,40,32,37,40,40,41,42,34,47,35,47,37,54,34,54,32,57,28,58,21,51,31,53,26,51,27,49,25,51,25,52,20,52,22,48,20,44,22,43,31,37,29,44,30,39,29,36,30,35,32,30,33,34,31,29,29,26,30,26,34,23,32,24,33,21,41,15,37,14,42,15,39,8,42,5,43,14,39,3,43,1,41,2,42,2,45,7,37,3,41,-10,42,-13,38,-18,39,-18,45,-23,48,-25,46,-30,0,0]",1
CSI_DATA,62218,1a:00:00:00:00:00,-38,11,1,0,1,1,1,0,0,0,1,-97,0,11,2,835366038,0,44,0,384,0,"[0,0,0,0,0,0,0,0,0,0,0,0,0,-11,0,-11,0,-10,0,-10,-1,-9,-1,-10,-1,-9,-1,-9,-1,-8,-2,-8,-2,-7,-2,-7,-3,-6,-3,-5,-4,-5,-5,-4,-6,-4,-7,-3,-8,-4,-9,-4,-9,-4,-11,-5,-11,-5,-11,-5,-11,-6,-11,-6,0,0,-11,-7,-12,-7,-12,-7,-12,-7,-12,-8,-11,-8,-11,-9,-10,-9,-10,-9,-9,-8,-9,-8,-9,-8,-8,-8,-8,-8,-7,-7,-8,-7,-7,-7,-7,-7,-6,-7,-6,-6,-6,-7,-6,-6,-6,-6,-6,-6,-6,-6,-6,-6,0,0,0,0,0,0,0,0,0,0,0,0,0,0,-42,42,-39,41,-32,45,-40,38,-41,49,-34,43,-36,39,-32,40,-27,33,-29,37,-25,34,-23,39,-20,33,-15,30,-12,37,-7,32,-6,30,1,25,1,28,11,31,13,39,18,33,19,38,24,39,25,46,23,50,29,53,27,55,25,56,29,55,25,57,28,62,25,62,23,59,24,59,20,61,21,64,15,64,10,63,12,65,13,58,13,57,6,61,12,57,9,54,6,50,7,51,5,52,0,44,-3,45,1,43,2,39,-1,41,3,42,4,37,2,36,1,42,0,0,0,0,0,0,0,0,0,0,0,0,0,0,0,0,0,0,0,0,0,0,5,-49,8,-49,9,-47,15,-46,12,-47,19,-47,14,-49,18,-50,19,-53,22,-57,24,-57,29,-57,30,-60,31,-57,31,-50,34,-51,31,-52,33,-52,36,-54,36,-51,39,-47,39,-46,31,-46,26,-40,26,-47,23,-46,21,-50,25,-47,22,-47,18,-49,20,-45,21,-46,19,-42,15,-46,21,-44,11,-42,13,-37,9,-41,6,-43,4,-46,2,-45,-2,-41,-2,-38,-4,-45,-8,-49,-3,-42,-9,-36,-6,-41,-12,-34,-12,-36,-11,-27,-21,-30,-24,-33,-32,-26,-30,-27,-39,-31,-38,-39,0,0]",1
CSI_DATA,62219,1a:00:00:00:00:00,-38,11,1,0,1,1,1,0,0,0,1,-97,0,11,2,835386028,0,44,0,384,0,"[0,0,0,0,0,0,0,0,0,0,0,0,-11,0,-10,-1,-10,0,-10,0,-10,-1,-9,0,-9,-1,-8,0,-8,0,-7,0,-7,1,-6,1,-6,1,-5,2,-4,3,-4,4,-3,5,-3,6,-3,7,-3,7,-4,8,-4,9,-5,10,-5,10,-5,10,-5,10,0,0,-6,10,-6,10,-6,10,-6,11,-7,10,-7,10,-8,9,-8,9,-8,8,-8,8,-7,8,-7,8,-7,7,-6,7,-7,7,-7,7,-6,6,-6,6,-6,5,-6,5,-6,5,-5,5,-5,5,-5,5,-5,5,-5,5,0,0,0,0,0,0,0,0,0,0,0,0,0,0,29,52,31,46,37,48,33,46,27,43,37,45,25,43,26,49,33,37,27,44,28,37,26,36,28,32,28,24,27,26,27,17,21,14,29,8,29,3,26,-1,37,-2,35,-4,46,-12,45,-13,48,-15,52,-14,57,-12,57,-11,61,-11,60,-13,60,-13,65,-9,59,-9,68,-11,64,-9,71,-2,66,-6,64,-8,63,4,61,9,57,4,56,7,59,10,55,5,56,10,57,6,52,8,50,10,46,8,42,9,42,7,40,7,45,6,37,7,44,11,35,7,43,7,0,0,0,0,0,0,0,0,0,0,0,0,0,0,0,0,0,0,0,0,0,0,-43,-20,-46,-23,-42,-25,-44,-34,-43,-32,-41,-31,-42,-32,-41,-31,-49,-35,-47,-38,-46,-38,-46,-43,-43,-50,-42,-50,-41,-51,-36,-45,-41,-53,-39,-53,-37,-54,-34,-54,-37,-51,-34,-52,-30,-47,-28,-49,-31,-40,-31,-43,-34,-40,-37,-41,-34,-34,-39,-36,-36,-33,-37,-35,-37,-34,-42,-32,-41,-30,-39,-24,-36,-24,-37,-23,-38,-21,-40,-20,-41,-21,-40,-14,-40,-17,-46,-12,-43,-13,-39,-4,-42,-9,-43,-7,-38,-3,-38,2,-30,3,-31,5,-35,11,-35,16,-35,19,-38,19,-40,28,0,0]",1
CSI_DATA,62220,1a:00:00:00:00:00,-38,11,1,0,1,1,1,0,0,0,1,-97,0,11,2,835406036,0,44,0,384,0,"[0,0,0,0,0,0,0,0,0,0,0,0,-1,11,-1,10,-1,10,-2,10,-1,9,-1,9,-1,8,-1,7,-1,7,-1,6,0,6,0,5,1,4,1,3,2,3,4,2,5,2,5,2,6,1,7,1,8,2,9,2,10,3,10,3,10,3,10,3,0,0,10,4,11,4,10,4,11,4,11,4,11,5,10,5,10,5,9,5,9,5,9,4,8,5,9,4,8,4,8,4,8,4,8,4,7,4,6,4,6,4,6,4,6,4,6,3,6,3,6,4,6,3,0,0,0,0,0,0,0,0,0,0,0,0,0,0,51,-41,44,-38,49,-38,52,-38,51,-32,46,-37,48,-27,48,-32,35,-33,40,-33,34,-29,36,-23,29,-29,25,-21,25,-24,21,-23,17,-21,3,-24,4,-25,-8,-30,-8,-31,-17,-30,-18,-41,-21,-39,-26,-46,-21,-51,-18,-51,-18,-57,-22,-63,-17,-59,-27,-58,-21,-63,-21,-57,-26,-64,-22,-64,-20,-64,-19,-61,-15,-66,-7,-64,-11,-64,-9,-60,-11,-57,-12,-60,-7,-58,-12,-57,-12,-53,-9,-56,-10,-51,-12,-46,-6,-48,-5,-45,-2,-44,-8,-46,-3,-39,-4,-45,-3,-45,-5,-43,0,0,0,0,0,0,0,0,0,0,0,0,0,0,0,0,0,0,0,0,0,0,-30,39,-30,37,-33,36,-41,34,-34,35,-34,34,-35,36,-39,39,-42,40,-40,40,-49,44,-54,39,-57,35,-54,38,-58,31,-56,31,-59,36,-52,33,-58,32,-59,30,-53,26,-51,28,-50,25,-44,24,-46,24,-42,28,-42,28,-37,34,-35,28,-29,35,-27,38,-32,34,-25,35,-29,34,-26,35,-27,39,-20,39,-21,44,-20,43,-15,38,-13,43,-9,43,-8,43,-11,44,-5,46,-14,43,-5,43,-1,41,0,40,1,39,7,36,9,37,19,38,15,31,26,40,29,41,26,37,0,0]",1
CSI_DATA,62221,1a:00:00:00:00:00,-38,11,1,0,1,1,1,0,0,0,1,-97,0,11,2,835426026,0,44,0,384,0,"[0,0,0,0,0,0,0,0,0,0,0,0,11,0,10,0,10,0,10,0,9,0,9,0,8,0,8,0,7,0,7,-1,6,-1,5,-2,5,-2,4,-3,3,-4,3,-5,2,-5,2,-6,2,-7,2,-8,2,-9,2,-10,3,-11,3,-11,3,-11,3,-11,0,0,4,-11,4,-11,3,-11,4,-12,4,-11,5,-12,5,-11,5,-11,6,-11,6,-10,5,-10,5,-9,4,-9,4,-9,5,-9,4,-9,4,-9,4,-8,4,-8,4,-7,4,-7,4,-7,4,-7,3,-7,4,-7,4,-7,0,0,0,0,0,0,0,0,0,0,0,0,0,0,-36,-44,-34,-42,-40,-47,-36,-44,-36,-48,-36,-45,-35,-45,-33,-46,-31,-40,-27,-42,-26,-34,-25,-35,-27,-33,-25,-26,-26,-21,-25,-20,-31,-10,-29,-10,-27,-9,-24,4,-32,6,-32,9,-40,15,-45,16,-46,14,-53,20,-54,11,-53,24,-56,12,-56,23,-54,17,-63,16,-59,18,-62,16,-62,15,-65,16,-64,15,-65,10,-66,5,-67,7,-60,5,-60,9,-60,10,-56,7,-58,7,-55,5,-56,8,-51,6,-48,4,-46,5,-48,1,-42,-3,-41,1,-44,-1,-39,-2,-45,2,-44,-7,0,0,0,0,0,0,0,0,0,0,0,0,0,0,0,0,0,0,0,0,0,0,39,22,44,27,42,31,42,33,38,32,40,28,38,29,38,29,41,36,44,36,46,39,44,43,42,48,45,46,38,49,36,45,40,48,43,45,35,46,34,47,34,50,35,49,26,44,29,41,22,38,32,38,34,33,31,35,33,31,36,29,26,26,35,27,36,26,37,18,35,18,39,18,37,21,41,15,36,10,42,9,41,5,44,2,41,5,43,-2,45,3,48,0,43,-1,35,1,43,-4,29,-8,34,-9,36,-11,37,-20,34,-17,28,-28,36,-25,39,-34,0,0]",1
CSI_DATA,62222,1a:00:00:00:00:00,-38,11,1,0,1,1,1,0,0,0,1,-97,0,11,2,835436042,0,44,0,384,0,"[0,0,0,0,0,0,0,0,0,0,0,0,-8,7,-8,7,-8,7,-8,6,-7,6,-7,6,-7,6,-6,6,-6,5,-5,5,-5,5,-4,5,-3,5,-2,5,-1,5,0,5,0,5,1,5,2,6,3,7,3,8,3,8,3,9,4,10,3,10,3,10,0,0,3,11,3,11,3,11,3,11,3,12,3,12,2,12,1,11,1,11,1,11,1,10,1,10,1,10,1,9,0,9,0,9,0,9,0,9,0,8,0,8,0,8,0,7,0,7,0,7,0,7,-1,7,0,0,0,0,0,0,0,0,0,0,0,0,0,0,58,14,61,8,54,13,54,15,58,14,58,7,51,12,55,16,51,10,47,9,45,9,46,5,41,3,40,6,35,2,37,2,25,-6,29,-13,26,-16,24,-17,27,-26,23,-26,21,-34,20,-34,25,-42,34,-48,30,-48,34,-50,33,-53,34,-55,37,-51,35,-52,39,-47,41,-54,41,-52,44,-47,45,-49,49,-46,46,-46,45,-44,48,-37,44,-41,46,-36,46,-41,41,-40,44,-34,40,-30,37,-31,35,-29,33,-28,35,-28,36,-28,35,-29,31,-28,35,-26,33,-23,36,-21,0,0,0,0,0,0,0,0,0,0,0,0,0,0,0,0,0,0,0,0,0,0,-47,9,-53,7,-50,0,-49,-4,-49,3,-52,2,-52,-3,-52,-5,-58,-1,-58,-1,-59,-6,-63,-11,-68,-16,-63,-18,-60,-13,-53,-17,-57,-18,-56,-13,-61,-17,-58,-20,-53,-17,-54,-18,-52,-13,-46,-11,-50,-10,-48,-9,-48,-9,-45,-9,-43,-4,-47,-4,-45,0,-46,-4,-45,4,-43,7,-44,7,-47,6,-39,6,-43,15,-40,13,-42,16,-36,17,-40,25,-38,21,-33,27,-36,23,-47,24,-41,24,-33,27,-32,26,-29,26,-24,26,-19,32,-18,38,-16,36,-9,42,-17,47,-17,52,0,0]",1
CSI_DATA,62223,1a:00:00:00:00:00,-38,11,1,0,1,1,1,0,0,0,1,-97,0,11,2,835446037,0,44,0,384,0,"[0,0,0,0,0,0,0,0,0,0,0,0,-1,-11,-1,-11,-1,-10,-1,-10,-2,-10,-1,-9,-2,-9,-1,-9,-2,-8,-2,-8,-2,-7,-3,-7,-3,-6,-3,-5,-4,-5,-5,-4,-5,-4,-7,-4,-7,-3,-8,-3,-9,-4,-10,-4,-11,-5,-11,-5,-11,-5,-11,-5,0,0,-11,-6,-12,-6,-12,-6,-12,-6,-12,-7,-12,-8,-11,-8,-10,-8,-10,-8,-10,-8,-9,-7,-9,-8,-9,-7,-9,-7,-8,-7,-8,-7,-8,-7,-7,-6,-7,-6,-7,-6,-7,-6,-7,-6,-7,-6,-6,-6,-6,-6,-6,-6,0,0,0,0,0,0,0,0,0,0,0,0,0,0,-26,53,-27,49,-29,53,-28,48,-24,45,-33,49,-24,47,-29,46,-20,48,-20,48,-20,43,-20,38,-17,41,-15,39,-8,37,-9,35,1,33,-1,31,5,30,13,28,15,29,18,33,27,30,26,33,28,37,35,46,34,49,37,50,32,51,36,50,39,57,34,59,34,59,39,58,35,60,33,62,28,60,25,64,25,67,21,62,17,59,17,60,17,60,16,54,17,53,18,54,18,51,13,53,16,49,11,45,8,48,12,48,10,47,11,42,7,40,12,41,6,45,0,0,0,0,0,0,0,0,0,0,0,0,0,0,0,0,0,0,0,0,0,0,-1,-50,4,-52,6,-49,8,-49,11,-51,7,-48,5,-50,13,-52,8,-53,15,-58,18,-61,23,-62,23,-58,28,-56,24,-55,27,-48,24,-57,26,-52,26,-54,32,-49,31,-51,27,-47,23,-45,25,-41,18,-41,20,-42,18,-45,10,-46,12,-42,11,-42,13,-43,12,-44,7,-41,9,-43,4,-41,2,-45,-2,-41,-4,-41,-1,-36,-6,-41,-12,-44,-18,-39,-16,-43,-17,-39,-19,-41,-14,-37,-13,-40,-15,-37,-17,-33,-19,-34,-19,-30,-26,-26,-27,-26,-33,-24,-42,-25,-40,-23,-42,-26,0,0]",1
CSI_DATA,62224,1a:00:00:00:00:00,-38,11,1,0,1,1,1,0,0,0,1,-97,0,11,2,835466030,0,44,0,384,0,"[0,0,0,0,0,0,0,0,0,0,0,0,-10,1,-10,2,-9,2,-9,2,-9,2,-9,2,-8,2,-8,2,-8,2,-7,2,-7,2,-6,2,-6,3,-5,3,-4,4,-3,4,-3,5,-3,6,-2,7,-2,7,-2,8,-2,9,-3,10,-3,10,-3,11,-4,11,0,0,-4,11,-4,11,-4,11,-5,11,-5,11,-6,11,-7,11,-7,10,-7,10,-7,9,-6,9,-6,9,-6,8,-6,8,-6,8,-6,8,-6,7,-6,7,-6,6,-6,6,-6,6,-5,6,-5,6,-5,6,-6,6,-6,5,0,0,0,0,0,0,0,0,0,0,0,0,0,0,46,33,43,31,47,31,42,31,46,30,41,27,40,25,40,24,41,26,38,25,41,23,34,19,37,20,34,16,37,11,34,10,30,10,33,1,29,-7,31,-7,36,-16,31,-19,35,-19,37,-22,45,-26,44,-31,49,-37,50,-34,54,-31,59,-34,60,-32,60,-29,60,-30,63,-34,63,-33,68,-30,67,-27,68,-24,66,-22,68,-18,59,-13,58,-17,58,-20,59,-15,55,-15,55,-15,51,-10,52,-16,48,-11,47,-6,45,-5,42,-3,37,-9,44,-6,44,-8,49,-8,41,-4,0,0,0,0,0,0,0,0,0,0,0,0,0,0,0,0,0,0,0,0,0,0,-50,-6,-49,-11,-47,-15,-50,-15,-47,-17,-45,-16,-48,-16,-47,-17,-51,-20,-54,-22,-53,-29,-52,-30,-55,-31,-52,-29,-47,-32,-48,-30,-48,-28,-49,-32,-49,-35,-45,-34,-47,-33,-42,-34,-37,-35,-39,-32,-40,-29,-36,-24,-41,-22,-41,-26,-42,-20,-47,-17,-42,-15,-41,-15,-40,-19,-38,-15,-40,-13,-42,-10,-45,-9,-40,-7,-45,-5,-47,-3,-41,2,-42,2,-43,7,-48,8,-46,8,-46,8,-41,9,-39,7,-37,9,-36,15,-35,16,-30,21,-25,26,-27,25,-26,32,-30,34,-28,42,0,0]",1
CSI_DATA,62225,1a:00:00:00:00:00,-38,11,1,0,1,1,1,0,0,0,1,-97,0,11,2,835476035,0,44,0,384,0,"[0,0,0,0,0,0,0,0,0,0,0,0,6,-8,5,-8,5,-8,5,-8,5,-8,4,-8,4,-7,4,-7,3,-7,3,-7,3,-7,2,-6,1,-6,0,-6,-1,-6,-1,-6,-2,-6,-3,-6,-4,-6,-5,-7,-5,-8,-6,-8,-6,-9,-6,-10,-6,-11,-6,-10,0,0,-6,-11,-6,-11,-6,-11,-6,-12,-6,-12,-5,-12,-4,-12,-4,-12,-4,-12,-3,-11,-3,-11,-3,-11,-3,-10,-3,-10,-3,-10,-2,-10,-2,-10,-2,-9,-2,-9,-2,-9,-2,-9,-2,-8,-2,-8,-2,-8,-1,-8,-1,-8,0,0,0,0,0,0,0,0,0,0,0,0,0,0,-59,10,-58,3,-62,9,-53,9,-56,10,-59,13,-55,13,-52,10,-48,7,-49,14,-41,12,-46,15,-38,14,-38,16,-33,19,-33,17,-32,18,-21,18,-21,22,-17,23,-10,31,-7,35,-9,42,-4,43,-8,45,-4,53,-9,57,-12,64,-15,63,-10,63,-14,68,-15,64,-14,63,-15,62,-19,65,-22,70,-20,70,-26,65,-27,64,-24,64,-27,57,-22,58,-29,60,-24,57,-27,52,-26,51,-27,53,-24,49,-22,47,-25,40,-25,42,-25,39,-22,41,-27,40,-26,37,-23,35,-27,37,0,0,0,0,0,0,0,0,0,0,0,0,0,0,0,0,0,0,0,0,0,0,40,-31,45,-26,44,-24,48,-21,49,-21,41,-22,43,-18,46,-26,50,-21,53,-23,58,-23,61,-19,64,-20,62,-15,63,-8,65,-13,60,-14,58,-14,61,-12,62,-11,63,-8,54,-9,55,-9,54,-3,53,-11,51,-8,48,-16,44,-15,41,-20,46,-20,44,-17,44,-18,43,-22,41,-21,43,-25,38,-23,37,-26,34,-29,32,-27,31,-32,28,-33,24,-34,26,-40,31,-41,26,-36,31,-37,23,-35,19,-35,22,-36,10,-31,9,-36,5,-33,4,-39,-4,-40,-7,-48,-6,-41,-9,-46,0,0]",1
CSI_DATA,62226,1a:00:00:00:00:00,-38,11,1,0,1,1,1,0,0,0,1,-97,0,11,2,835486034,0,44,0,384,0,"[0,0,0,0,0,0,0,0,0,0,0,0,0,10,0,10,0,9,0,9,0,9,0,8,0,8,1,8,0,7,1,7,1,6,1,6,2,5,2,4,3,3,3,3,5,2,5,2,6,1,7,1,8,1,9,2,10,2,11,2,11,3,11,3,0,0,11,4,11,4,11,4,11,4,12,4,11,5,11,6,10,6,10,6,9,5,9,5,9,5,9,5,9,5,8,5,8,5,7,5,7,5,6,5,6,4,6,5,6,5,6,4,5,4,6,4,6,4,0,0,0,0,0,0,0,0,0,0,0,0,0,0,40,-48,41,-38,40,-38,40,-39,38,-44,38,-41,36,-36,37,-38,36,-41,29,-40,29,-39,28,-35,24,-33,22,-32,25,-30,18,-35,14,-29,6,-31,4,-24,-2,-24,-8,-31,-17,-32,-19,-36,-20,-37,-24,-38,-27,-44,-27,-49,-30,-51,-28,-58,-28,-59,-26,-61,-27,-62,-28,-62,-31,-63,-28,-65,-22,-65,-22,-67,-18,-67,-15,-70,-20,-65,-15,-64,-11,-60,-13,-63,-20,-56,-13,-58,-14,-57,-11,-53,-10,-55,-4,-51,-6,-47,-6,-47,-3,-44,-7,-46,-8,-43,-5,-43,-3,-38,-7,-44,0,0,0,0,0,0,0,0,0,0,0,0,0,0,0,0,0,0,0,0,0,0,-21,47,-23,44,-24,45,-28,44,-28,42,-30,42,-32,42,-29,44,-32,48,-35,49,-38,53,-43,46,-44,46,-49,42,-44,41,-45,39,-48,45,-47,43,-48,40,-45,38,-48,38,-44,38,-40,34,-39,30,-41,34,-40,39,-36,36,-36,40,-27,35,-30,39,-25,40,-24,36,-25,41,-27,43,-26,40,-18,41,-16,41,-17,39,-14,45,-7,46,-10,44,-5,43,-6,45,2,49,-3,44,0,40,-1,41,-2,40,0,36,7,32,10,34,15,35,21,33,23,33,32,38,32,40,34,36,0,0]",1
CSI_DATA,62227,1a:00:00:00:00:00,-38,11,1,0,1,1,1,0,0,0,1,-97,0,11,2,835506015,0,44,0,384,0,"[0,0,0,0,0,0,0,0,0,0,0,0,10,-1,10,-1,9,-1,9,-1,9,-1,8,-1,8,-1,8,-1,7,-1,7,-1,6,-1,5,-2,5,-2,4,-3,3,-3,3,-4,2,-5,2,-6,1,-7,1,-8,1,-8,2,-9,2,-10,2,-11,3,-11,3,-11,0,0,3,-12,3,-12,4,-12,4,-12,4,-12,5,-12,5,-11,6,-11,6,-11,6,-10,5,-10,5,-9,5,-9,5,-9,5,-9,5,-8,5,-8,5,-8,4,-7,4,-7,4,-7,4,-6,4,-6,3,-6,4,-6,4,-6,0,0,0,0,0,0,0,0,0,0,0,0,0,0,-39,-43,-39,-41,-44,-34,-40,-43,-48,-44,-41,-39,-40,-33,-41,-38,-39,-33,-36,-32,-40,-32,-35,-29,-34,-31,-31,-25,-29,-22,-39,-21,-27,-12,-29,-9,-34,-3,-29,2,-32,9,-32,9,-33,17,-39,17,-40,22,-48,25,-49,25,-53,28,-58,28,-55,27,-59,27,-64,25,-61,27,-67,27,-68,23,-67,24,-68,23,-69,20,-68,17,-68,11,-65,10,-58,9,-58,12,-58,15,-56,12,-58,12,-52,6,-52,5,-54,3,-49,5,-46,1,-44,3,-44,4,-41,1,-45,5,-39,3,-44,2,0,0,0,0,0,0,0,0,0,0,0,0,0,0,0,0,0,0,0,0,0,0,46,16,45,21,41,22,44,23,45,28,37,23,39,27,42,24,44,28,45,26,48,36,49,37,50,40,50,37,44,40,45,41,47,38,43,42,42,40,39,41,40,45,39,41,37,40,41,37,35,33,37,31,40,24,38,29,41,28,47,28,42,23,43,21,43,21,39,20,44,20,46,19,43,17,42,13,47,9,48,8,47,7,44,2,49,6,48,0,46,-3,55,1,43,-2,40,-4,42,-2,35,-10,39,-11,33,-15,37,-18,35,-33,35,-27,38,-36,39,-35,0,0]",1
CSI_DATA,62228,1a:00:00:00:00:00,-38,11,1,0,1,1,1,0,0,0,1,-97,0,11,2,835516023,0,44,0,384,0,"[0,0,0,0,0,0,0,0,0,0,0,0,-10,4,-10,4,-10,3,-9,4,-9,4,-9,4,-9,3,-8,3,-8,3,-7,3,-7,3,-6,3,-5,3,-4,4,-3,4,-3,4,-2,5,-1,5,0,6,0,7,0,8,0,9,0,9,0,10,0,11,0,11,0,0,-1,12,0,12,0,12,-1,12,-2,12,-2,13,-3,13,-3,12,-4,12,-4,11,-3,11,-3,10,-3,10,-3,10,-4,9,-4,9,-3,8,-3,8,-3,8,-4,7,-3,7,-3,7,-3,7,-3,7,-3,7,-3,6,0,0,0,0,0,0,0,0,0,0,0,0,0,0,49,40,44,28,51,25,49,29,44,34,49,27,51,26,44,30,45,25,44,26,43,23,40,22,39,15,36,17,37,11,36,12,36,3,26,4,31,-3,28,-6,28,-11,30,-22,29,-23,36,-25,32,-28,40,-34,41,-34,44,-33,48,-35,50,-39,53,-42,58,-42,54,-33,57,-38,58,-34,62,-34,59,-37,66,-31,65,-26,66,-26,58,-24,59,-24,61,-21,55,-26,54,-21,51,-20,49,-16,53,-17,49,-13,45,-15,47,-13,48,-10,41,-11,42,-9,37,-15,38,-9,36,-9,0,0,0,0,0,0,0,0,0,0,0,0,0,0,0,0,0,0,0,0,0,0,-47,-9,-51,-16,-48,-13,-45,-18,-47,-18,-42,-17,-45,-15,-46,-16,-49,-18,-52,-21,-50,-27,-54,-24,-56,-29,-52,-33,-48,-35,-46,-28,-49,-28,-48,-30,-50,-38,-49,-33,-48,-33,-44,-35,-47,-25,-42,-29,-39,-24,-42,-19,-46,-21,-46,-21,-47,-20,-49,-14,-45,-15,-52,-8,-45,-9,-45,-10,-51,-8,-48,-7,-46,-4,-45,-1,-48,0,-50,-4,-49,4,-43,9,-50,9,-47,14,-49,14,-48,3,-44,9,-40,9,-43,14,-36,12,-41,18,-33,21,-29,25,-34,29,-31,36,-25,39,-28,41,0,0]",1
CSI_DATA,62229,1a:00:00:00:00:00,-38,11,1,0,1,1,1,0,0,0,1,-97,0,11,2,835526024,0,44,0,384,0,"[0,0,0,0,0,0,0,0,0,0,0,0,4,-10,4,-10,4,-9,4,-9,3,-9,3,-9,3,-9,3,-9,3,-8,2,-8,2,-8,1,-7,1,-7,0,-6,-1,-6,-2,-6,-3,-6,-4,-6,-5,-6,-6,-6,-7,-6,-7,-7,-8,-8,-8,-9,-8,-9,-8,-9,0,0,-9,-10,-9,-10,-9,-10,-9,-11,-9,-11,-8,-12,-8,-12,-7,-12,-6,-12,-6,-11,-6,-11,-6,-11,-5,-10,-5,-10,-5,-10,-4,-10,-4,-10,-4,-9,-4,-9,-3,-8,-3,-8,-3,-8,-3,-8,-3,-7,-3,-8,-3,-8,0,0,0,0,0,0,0,0,0,0,0,0,0,0,-52,17,-53,11,-55,15,-52,15,-55,16,-45,21,-48,18,-50,26,-46,18,-47,19,-42,21,-40,21,-42,23,-34,20,-33,16,-28,14,-27,19,-19,22,-21,25,-10,22,-10,32,-6,34,0,37,-2,43,1,45,4,48,2,55,0,62,-3,66,0,65,-3,61,-6,67,2,70,0,68,-4,67,-6,71,-11,72,-11,67,-18,68,-16,66,-21,57,-22,62,-19,57,-15,56,-17,55,-19,49,-19,53,-18,48,-21,49,-19,42,-19,41,-19,38,-13,36,-17,36,-13,35,-16,41,-20,39,0,0,0,0,0,0,0,0,0,0,0,0,0,0,0,0,0,0,0,0,0,0,38,-32,40,-26,43,-25,44,-22,42,-21,45,-22,41,-25,41,-25,43,-28,49,-21,55,-24,55,-17,60,-20,59,-14,56,-19,58,-14,56,-18,54,-13,63,-12,54,-9,52,-14,53,-8,44,-16,49,-8,42,-13,40,-17,39,-19,42,-22,41,-26,41,-24,39,-23,37,-26,37,-30,37,-33,33,-29,33,-33,31,-32,31,-35,29,-33,27,-36,27,-39,22,-36,19,-45,21,-44,22,-47,17,-39,17,-42,19,-41,16,-36,11,-40,9,-39,5,-41,2,-45,-11,-38,-12,-44,-13,-44,-18,-52,0,0]",1
CSI_DATA,62230,1a:00:00:00:00:00,-38,11,1,0,1,1,1,0,0,0,1,-97,0,11,2,835536039,0,44,0,384,0,"[0,0,0,0,0,0,0,0,0,0,0,0,2,9,2,8,2,8,2,8,2,8,2,8,2,7,2,7,2,7,2,6,2,6,2,5,3,4,3,3,4,3,4,2,5,1,5,1,6,0,7,0,8,0,9,0,10,0,10,0,10,0,10,1,0,0,11,1,12,1,12,1,12,1,12,2,13,3,12,4,11,4,11,4,10,4,10,3,10,3,9,3,9,4,9,3,8,3,8,3,8,3,7,3,7,3,6,3,6,3,6,3,6,3,6,3,6,3,0,0,0,0,0,0,0,0,0,0,0,0,0,0,28,-41,29,-44,27,-43,32,-43,31,-43,26,-41,25,-42,22,-43,22,-43,19,-40,17,-46,19,-37,17,-36,15,-35,9,-36,7,-35,7,-34,-1,-37,2,-27,-8,-29,-13,-31,-21,-31,-22,-34,-29,-36,-30,-35,-33,-38,-32,-47,-37,-47,-39,-47,-39,-50,-40,-47,-36,-54,-37,-53,-44,-56,-37,-54,-36,-59,-36,-62,-31,-68,-26,-61,-27,-62,-22,-60,-25,-62,-20,-64,-18,-55,-18,-58,-21,-58,-19,-52,-15,-55,-16,-49,-12,-43,-7,-47,-9,-40,-12,-43,-9,-40,-14,-43,-6,-40,-8,-41,0,0,0,0,0,0,0,0,0,0,0,0,0,0,0,0,0,0,0,0,0,0,-12,50,-15,46,-20,44,-23,42,-20,41,-21,39,-21,44,-23,45,-23,52,-25,49,-33,49,-32,49,-34,52,-35,51,-39,46,-39,43,-33,43,-42,46,-38,43,-33,40,-39,41,-42,39,-37,35,-32,40,-27,36,-22,36,-16,34,-24,38,-19,39,-15,42,-13,42,-14,44,-14,46,-12,44,-10,46,-7,50,-4,40,-5,45,-6,43,-2,41,-5,46,7,45,9,44,7,49,7,43,10,42,8,44,11,42,7,40,9,37,12,38,16,30,25,34,26,24,33,26,29,34,34,24,0,0]",1
CSI_DATA,62231,1a:00:00:00:00:00,-38,11,1,0,1,1,1,0,0,0,1,-97,0,11,2,835546028,0,44,0,384,0,"[0,0,0,0,0,0,0,0,0,0,0,0,-7,-6,-7,-6,-7,-6,-7,-6,-7,-5,-8,-5,-7,-5,-7,-5,-7,-4,-7,-4,-7,-3,-6,-3,-6,-2,-6,-1,-5,0,-6,1,-6,2,-6,2,-6,3,-7,4,-7,4,-8,5,-9,5,-9,6,-10,5,-10,6,0,0,-10,6,-11,6,-11,6,-11,7,-12,6,-12,6,-12,5,-12,4,-12,4,-11,4,-11,4,-11,3,-11,3,-11,3,-10,3,-10,3,-10,2,-9,2,-9,2,-9,2,-8,1,-8,1,-8,1,-8,2,-8,1,-8,1,0,0,0,0,0,0,0,0,0,0,0,0,0,0,1,53,6,44,3,46,5,49,4,52,11,46,5,44,8,45,9,44,6,40,13,45,11,42,11,40,12,33,16,35,13,29,15,27,20,20,21,14,25,12,28,11,31,10,42,9,42,11,46,5,52,8,58,9,59,7,56,13,62,9,62,10,64,15,65,8,67,11,68,12,70,20,67,23,67,27,66,21,64,26,58,29,63,26,51,27,54,24,53,22,55,23,49,27,50,26,45,25,43,24,40,28,37,29,37,24,37,21,39,25,39,23,33,25,0,0,0,0,0,0,0,0,0,0,0,0,0,0,0,0,0,0,0,0,0,0,-18,-44,-15,-47,-9,-49,-10,-51,-12,-45,-10,-49,-12,-48,-10,-50,-13,-53,-11,-59,-12,-61,-10,-63,-5,-63,-7,-66,8,-61,4,-53,2,-61,3,-60,0,-58,0,-56,5,-61,3,-56,5,-52,4,-51,-3,-43,-2,-46,-8,-46,-7,-43,-9,-48,-13,-46,-18,-43,-15,-53,-14,-45,-15,-43,-17,-43,-17,-39,-21,-39,-23,-40,-25,-39,-27,-33,-29,-32,-30,-33,-29,-28,-37,-32,-34,-33,-31,-37,-33,-34,-30,-28,-28,-26,-34,-21,-33,-20,-35,-15,-36,-12,-36,-11,-43,-6,-51,0,-47,0,0,0]",1
CSI_DATA,62232,1a:00:00:00:00:00,-38,11,1,0,1,1,1,0,0,0,1,-97,0,11,2,835556025,0,44,0,384,0,"[0,0,0,0,0,0,0,0,0,0,0,0,8,0,8,0,8,0,8,0,8,0,8,-1,7,-1,7,-1,7,-1,6,-1,6,-2,5,-2,5,-2,4,-3,4,-3,3,-4,3,-5,2,-6,2,-7,2,-8,3,-8,3,-9,3,-10,3,-10,4,-11,4,-11,0,0,4,-11,4,-11,5,-12,5,-12,5,-12,6,-12,7,-11,7,-11,7,-10,6,-10,6,-10,6,-9,6,-9,6,-9,6,-9,6,-8,6,-8,6,-8,6,-7,6,-6,6,-6,5,-6,5,-6,4,-6,5,-6,5,-6,0,0,0,0,0,0,0,0,0,0,0,0,0,0,-22,-48,-16,-47,-24,-48,-21,-44,-27,-42,-25,-44,-28,-38,-26,-42,-26,-38,-27,-33,-25,-31,-23,-30,-28,-32,-25,-26,-29,-25,-28,-19,-29,-19,-27,-12,-26,-9,-28,-6,-31,1,-34,3,-39,9,-39,10,-46,9,-56,16,-54,10,-58,13,-58,11,-59,14,-63,14,-66,10,-63,14,-67,14,-69,6,-70,7,-70,4,-71,0,-76,-4,-68,-2,-66,-3,-64,-6,-63,-2,-64,-2,-61,-4,-55,-5,-58,-5,-58,-7,-54,-6,-49,-8,-50,-7,-41,-7,-43,-7,-43,-10,-41,-6,-44,-9,-44,-12,0,0,0,0,0,0,0,0,0,0,0,0,0,0,0,0,0,0,0,0,0,0,35,31,31,29,32,30,29,35,32,39,27,41,29,42,32,44,32,46,35,47,34,50,28,53,31,53,23,56,24,59,22,55,24,56,21,53,25,54,20,56,20,60,21,56,16,52,18,48,21,44,25,41,22,41,25,38,26,42,25,37,28,30,34,42,30,36,32,39,36,35,35,33,36,31,37,28,36,28,40,28,36,25,39,18,40,18,47,20,46,13,38,19,44,15,39,17,43,7,36,7,36,7,36,-2,37,-7,33,-15,38,-14,42,-13,44,-15,0,0]",1
CSI_DATA,62233,1a:00:00:00:00:00,-38,11,1,0,1,1,1,0,0,0,1,-97,0,11,2,835566024,0,44,0,384,0,"[0,0,0,0,0,0,0,0,0,0,0,0,-9,3,-8,4,-8,4,-7,3,-7,4,-7,4,-7,4,-7,4,-6,4,-6,4,-5,4,-5,4,-4,4,-3,4,-2,4,-1,5,-1,5,0,5,1,6,1,7,1,8,2,9,1,9,2,10,1,10,1,10,0,0,1,11,1,11,1,11,1,12,1,12,0,12,-1,12,-1,12,-1,12,-2,11,-1,11,-1,10,-1,10,-1,10,-2,10,-2,9,-2,9,-2,9,-2,8,-2,8,-3,8,-2,7,-2,7,-2,7,-2,7,-2,7,0,0,0,0,0,0,0,0,0,0,0,0,0,0,45,22,45,22,49,15,42,19,48,18,45,13,46,12,44,14,43,13,39,10,37,12,37,10,35,5,33,1,34,0,32,-4,27,-5,26,-7,24,-14,22,-20,21,-19,23,-29,24,-34,27,-33,23,-41,28,-44,30,-44,32,-44,37,-46,39,-49,38,-46,38,-50,39,-49,35,-55,42,-50,45,-55,49,-51,47,-47,47,-49,46,-40,47,-40,43,-45,47,-45,45,-42,48,-38,42,-38,41,-33,43,-32,36,-28,37,-25,40,-27,38,-19,37,-24,38,-20,32,-24,33,-25,34,-21,0,0,0,0,0,0,0,0,0,0,0,0,0,0,0,0,0,0,0,0,0,0,-46,0,-52,-4,-47,-2,-49,-9,-48,-9,-45,-3,-50,-7,-50,-7,-56,-6,-59,-8,-61,-15,-66,-19,-60,-22,-60,-22,-59,-25,-54,-25,-52,-23,-60,-25,-56,-27,-55,-25,-54,-29,-53,-22,-46,-25,-49,-25,-44,-20,-51,-14,-45,-15,-48,-12,-45,-13,-49,-10,-49,-9,-52,-5,-46,-3,-49,-6,-52,-3,-46,1,-46,4,-45,0,-47,8,-46,6,-42,7,-43,17,-43,12,-49,17,-43,15,-38,14,-46,13,-39,15,-37,15,-34,18,-33,24,-22,23,-24,26,-22,25,-19,34,-19,36,-22,43,0,0]",1
CSI_DATA,62234,1a:00:00:00:00:00,-38,11,1,0,1,1,1,0,0,0,1,-97,0,11,2,835586017,0,44,0,384,0,"[0,0,0,0,0,0,0,0,0,0,0,0,2,9,2,9,2,8,2,8,2,8,2,7,2,7,3,6,3,6,3,5,3,5,3,4,3,4,3,3,4,2,4,1,5,0,5,0,6,-1,7,-1,8,-2,9,-2,9,-2,10,-2,10,-1,10,-1,0,0,11,-1,11,-1,12,-1,12,-1,12,0,13,0,12,1,12,1,11,1,11,1,11,1,11,2,10,2,10,2,10,2,9,2,9,2,8,2,8,2,7,2,7,2,7,2,7,2,7,2,7,2,7,2,0,0,0,0,0,0,0,0,0,0,0,0,0,0,27,-47,31,-49,29,-47,32,-48,26,-48,27,-43,28,-44,28,-45,19,-43,19,-40,16,-44,18,-36,11,-37,7,-33,8,-31,4,-38,3,-32,0,-25,-7,-29,-16,-26,-19,-29,-24,-29,-26,-27,-32,-28,-35,-31,-38,-33,-37,-37,-38,-39,-37,-44,-43,-44,-42,-42,-39,-51,-43,-47,-44,-48,-47,-53,-39,-52,-41,-55,-41,-54,-35,-53,-35,-60,-29,-52,-31,-52,-31,-55,-31,-52,-26,-50,-27,-54,-21,-50,-22,-53,-15,-48,-23,-43,-14,-48,-15,-41,-16,-41,-19,-39,-16,-39,-14,-40,-14,-43,0,0,0,0,0,0,0,0,0,0,0,0,0,0,0,0,0,0,0,0,0,0,3,48,-4,51,-1,48,-6,50,-4,46,-4,49,-8,49,-2,54,-8,62,-8,56,-13,63,-16,62,-17,63,-25,63,-26,61,-21,54,-26,60,-21,58,-21,61,-26,57,-28,59,-26,53,-26,51,-22,49,-18,50,-15,46,-14,47,-10,54,-10,50,-6,49,-8,49,-5,49,-2,49,-1,48,-1,52,1,48,4,44,2,47,1,47,12,50,13,49,13,46,12,44,15,50,17,50,15,51,19,45,15,48,13,46,20,38,26,36,22,36,29,29,29,29,37,27,39,28,44,29,0,0]",1
CSI_DATA,62235,1a:00:00:00:00:00,-38,11,1,0,1,1,1,0,0,0,1,-97,0,11,2,835598954,0,44,0,384,0,"[0,0,0,0,0,0,0,0,0,0,0,0,-4,10,-4,9,-3,9,-3,8,-3,8,-3,8,-3,7,-2,7,-2,6,-1,6,-1,6,-1,5,0,5,1,4,1,4,2,3,3,3,4,3,5,2,6,3,7,3,8,4,8,4,9,4,9,5,9,5,0,0,9,6,10,6,9,6,10,6,10,6,9,7,9,7,8,7,8,7,8,8,7,7,7,7,7,7,7,7,6,7,6,7,6,7,5,6,5,6,4,5,4,6,4,5,5,5,4,5,4,5,4,6,0,0,0,0,0,0,0,0,0,0,0,0,0,0,51,-23,58,-24,54,-15,52,-22,49,-15,54,-19,52,-18,46,-13,44,-17,44,-19,37,-18,37,-18,30,-20,28,-18,26,-19,22,-21,18,-22,16,-23,11,-24,5,-25,2,-31,-1,-34,-5,-38,-7,-38,-6,-47,-10,-47,-5,-57,-8,-54,-6,-58,-8,-59,-5,-57,-4,-59,0,-65,-7,-63,-4,-67,-1,-68,2,-67,3,-66,11,-64,6,-64,9,-61,7,-62,9,-62,9,-58,11,-53,11,-52,15,-51,11,-51,11,-47,10,-41,16,-44,9,-39,13,-40,13,-41,11,-39,7,-46,14,-42,0,0,0,0,0,0,0,0,0,0,0,0,0,0,0,0,0,0,0,0,0,0,-20,44,-23,44,-27,39,-31,38,-31,40,-29,39,-33,37,-34,44,-36,47,-38,44,-42,46,-42,42,-48,46,-51,42,-48,37,-48,35,-50,36,-50,37,-49,35,-48,34,-52,30,-50,32,-43,27,-42,28,-38,27,-36,37,-36,32,-36,33,-35,33,-32,37,-26,40,-29,37,-31,37,-29,38,-31,39,-22,43,-23,41,-20,45,-17,47,-15,48,-17,50,-11,51,-14,49,-14,48,-16,48,-9,45,-11,46,-8,45,-12,47,-3,45,-3,41,6,44,10,43,18,45,12,47,21,50,16,47,0,0]",1
CSI_DATA,62236,1a:00:00:00:00:00,-38,11,1,0,1,1,1,0,0,0,1,-97,0,11,2,835606033,0,44,0,384,0,"[0,0,0,0,0,0,0,0,0,0,0,0,11,-1,10,-1,9,-1,9,-1,8,-1,8,-2,8,-2,7,-1,7,-2,6,-2,6,-3,5,-3,4,-3,4,-3,3,-4,2,-5,1,-5,1,-6,0,-7,0,-8,0,-9,0,-10,1,-10,1,-11,1,-11,1,-11,0,0,1,-12,1,-12,1,-12,2,-13,2,-13,2,-13,3,-12,3,-12,3,-12,4,-11,3,-11,3,-10,3,-10,3,-10,3,-9,3,-9,3,-9,3,-9,3,-8,3,-8,3,-8,2,-7,2,-7,2,-7,3,-8,3,-7,0,0,0,0,0,0,0,0,0,0,0,0,0,0,-38,-50,-41,-50,-38,-47,-42,-44,-39,-39,-38,-43,-40,-42,-39,-37,-36,-36,-33,-34,-31,-32,-26,-29,-29,-26,-27,-19,-32,-17,-29,-16,-28,-16,-29,-6,-27,-1,-26,4,-31,5,-27,11,-30,19,-36,19,-33,24,-45,25,-49,26,-47,32,-52,34,-51,31,-54,30,-56,30,-54,23,-54,28,-55,32,-62,30,-53,28,-62,21,-57,22,-65,22,-58,20,-55,17,-59,16,-58,20,-55,18,-53,15,-51,7,-52,12,-46,7,-40,6,-48,7,-38,5,-40,14,-39,11,-39,11,-41,9,-41,6,0,0,0,0,0,0,0,0,0,0,0,0,0,0,0,0,0,0,0,0,0,0,45,13,45,19,44,19,45,24,47,21,45,23,43,21,47,24,53,24,50,25,48,33,53,35,49,38,51,38,46,41,41,40,41,43,47,35,41,42,47,39,36,38,39,39,38,39,38,31,38,27,40,28,40,21,42,24,40,19,47,21,39,18,44,17,44,15,45,15,47,8,45,12,46,4,42,5,48,0,47,-8,46,-2,45,-5,50,-4,49,-8,49,-2,48,-1,50,-11,47,-5,48,-8,37,-17,37,-17,41,-22,39,-27,38,-28,39,-33,40,-34,46,-39,0,0]",1
CSI_DATA,62237,1a:00:00:00:00:00,-38,11,1,0,1,1,1,0,0,0,1,-97,0,11,2,835626047,0,44,0,384,0,"[0,0,0,0,0,0,0,0,0,0,0,0,2,-11,2,-11,2,-10,2,-10,1,-10,1,-10,1,-9,1,-9,1,-9,0,-8,0,-7,-1,-7,-1,-7,-2,-6,-3,-5,-3,-5,-5,-4,-6,-4,-6,-5,-7,-5,-8,-5,-9,-6,-9,-6,-9,-7,-10,-7,-10,-7,0,0,-10,-8,-10,-8,-10,-8,-10,-8,-10,-9,-10,-9,-9,-10,-8,-10,-8,-10,-7,-9,-7,-9,-7,-9,-7,-9,-7,-9,-6,-8,-6,-9,-6,-8,-6,-8,-5,-8,-5,-7,-4,-7,-5,-7,-4,-7,-5,-7,-5,-7,-5,-7,0,0,0,0,0,0,0,0,0,0,0,0,0,0,-58,23,-56,22,-54,25,-56,19,-53,24,-57,22,-49,19,-52,22,-44,19,-42,15,-43,17,-39,19,-39,20,-33,23,-24,19,-25,20,-21,25,-17,23,-15,30,-11,25,-1,31,-2,35,-2,35,3,43,-5,49,1,53,0,56,-1,56,-4,57,3,62,-1,59,-4,65,-3,61,0,62,-3,67,-10,66,-10,68,-13,66,-17,65,-19,61,-17,56,-12,61,-17,58,-11,58,-15,53,-19,55,-17,50,-19,44,-20,46,-16,42,-20,38,-18,37,-15,37,-16,39,-11,37,-16,37,-19,37,0,0,0,0,0,0,0,0,0,0,0,0,0,0,0,0,0,0,0,0,0,0,24,-43,25,-38,25,-41,30,-38,30,-40,32,-32,33,-37,32,-39,34,-41,34,-44,41,-43,48,-42,49,-43,50,-36,47,-33,44,-32,47,-37,48,-34,45,-29,48,-32,46,-27,48,-25,40,-26,38,-27,35,-27,33,-32,33,-37,35,-38,32,-34,27,-33,31,-38,32,-39,30,-38,29,-33,27,-38,20,-42,21,-42,19,-44,13,-41,13,-47,15,-47,8,-44,8,-51,8,-56,11,-49,11,-53,10,-50,9,-46,6,-48,4,-45,1,-42,-7,-43,-8,-44,-14,-44,-25,-45,-18,-47,-20,-49,0,0]",1
CSI_DATA,62238,1a:00:00:00:00:00,-38,11,1,0,1,1,1,0,0,0,1,-97,0,11,2,835636043,0,44,0,384,0,"[0,0,0,0,0,0,0,0,0,0,0,0,4,9,4,9,4,9,4,8,4,8,4,7,4,7,4,7,3,6,4,5,4,5,4,4,4,4,4,3,4,2,5,1,5,0,6,0,7,-1,8,-1,9,-1,9,-1,10,-1,11,-1,11,-1,11,-1,0,0,12,-1,12,-1,12,-1,12,0,12,0,12,1,12,1,12,2,11,2,11,2,10,1,10,2,10,2,10,2,9,2,9,2,9,2,8,2,8,2,7,2,7,2,7,2,7,2,7,2,7,2,7,2,0,0,0,0,0,0,0,0,0,0,0,0,0,0,16,-57,19,-55,17,-51,20,-52,17,-56,12,-51,17,-49,14,-55,13,-48,9,-46,11,-48,9,-45,8,-43,-3,-37,1,-33,0,-31,-6,-32,-7,-29,-13,-32,-15,-27,-27,-27,-23,-31,-35,-25,-34,-31,-40,-30,-46,-28,-45,-36,-48,-36,-42,-38,-47,-39,-51,-42,-49,-41,-50,-46,-54,-44,-51,-47,-51,-49,-48,-48,-44,-50,-40,-55,-44,-51,-36,-48,-34,-49,-33,-51,-37,-52,-35,-46,-32,-45,-29,-47,-28,-44,-21,-43,-18,-41,-24,-37,-19,-39,-20,-37,-20,-41,-20,-37,-21,-37,-21,-39,0,0,0,0,0,0,0,0,0,0,0,0,0,0,0,0,0,0,0,0,0,0,14,46,9,49,7,50,3,52,3,49,3,47,4,48,2,50,3,54,6,56,-3,60,-2,60,-8,60,-10,64,-7,58,-14,55,-7,64,-5,61,-11,61,-14,57,-11,52,-12,49,-9,52,-10,45,-3,47,-4,45,-2,46,2,55,4,46,1,53,4,45,5,49,7,47,11,48,11,49,8,46,13,44,15,46,19,39,20,39,23,41,22,39,28,44,24,41,25,40,25,43,23,37,28,37,25,34,28,29,35,24,35,30,37,24,31,16,44,19,42,19,48,14,0,0]",1
CSI_DATA,62239,1a:00:00:00:00:00,-38,11,1,0,1,1,1,0,0,0,1,-97,0,11,2,835656042,0,44,0,384,0,"[0,0,0,0,0,0,0,0,0,0,0,0,10,-2,10,-2,9,-2,9,-2,9,-2,8,-2,8,-2,7,-2,7,-2,6,-3,6,-3,5,-3,4,-4,3,-4,3,-5,2,-5,1,-6,1,-7,0,-8,0,-8,0,-9,0,-10,1,-11,1,-11,1,-12,1,-12,0,0,2,-13,1,-13,2,-13,2,-13,2,-13,3,-13,4,-13,4,-12,4,-12,4,-12,4,-11,3,-11,4,-11,4,-10,4,-10,4,-10,4,-9,3,-9,4,-8,4,-8,4,-8,3,-8,3,-8,3,-8,3,-8,3,-7,0,0,0,0,0,0,0,0,0,0,0,0,0,0,-40,-43,-38,-39,-39,-40,-44,-35,-41,-37,-38,-38,-37,-38,-41,-34,-35,-32,-32,-31,-33,-27,-33,-22,-38,-25,-37,-17,-29,-18,-32,-12,-26,-9,-32,-4,-36,1,-32,5,-29,11,-34,15,-33,22,-39,27,-39,30,-43,31,-47,35,-51,30,-54,32,-51,33,-51,34,-57,37,-55,34,-58,37,-53,34,-62,33,-62,36,-61,34,-65,28,-65,26,-60,17,-59,24,-63,20,-60,21,-57,13,-51,17,-55,18,-48,15,-51,17,-44,12,-44,12,-42,7,-42,13,-41,9,-40,9,-41,9,-46,5,0,0,0,0,0,0,0,0,0,0,0,0,0,0,0,0,0,0,0,0,0,0,40,18,41,22,44,27,41,30,42,29,41,24,39,25,42,27,45,25,42,26,43,36,49,38,46,39,44,40,47,40,39,40,45,40,44,41,45,43,46,37,41,39,38,39,36,37,33,33,35,32,37,26,35,27,40,28,36,23,43,23,41,23,44,21,41,19,43,17,44,18,42,12,39,17,44,7,45,11,44,2,44,0,49,1,45,-3,48,0,50,-6,47,-8,47,-5,42,-2,45,-6,44,-14,39,-15,39,-19,38,-21,36,-24,32,-30,36,-32,30,-39,0,0]",1
CSI_DATA,62240,1a:00:00:00:00:00,-37,11,1,0,1,1,1,0,0,0,1,-97,0,11,2,835666015,0,44,0,384,0,"[0,0,0,0,0,0,0,0,0,0,0,0,-8,6,-8,6,-8,6,-8,6,-8,6,-7,6,-7,5,-6,5,-6,5,-5,5,-5,5,-4,5,-3,4,-2,4,-1,4,0,4,0,5,1,5,2,6,3,6,3,7,3,8,3,9,4,9,4,9,4,9,0,0,4,10,4,11,4,10,4,11,4,12,3,12,2,12,2,12,1,12,1,11,1,11,1,10,1,10,1,10,0,10,0,9,0,9,0,9,-1,8,-1,8,-1,7,-1,7,0,7,0,7,0,7,-1,7,0,0,0,0,0,0,0,0,0,0,0,0,0,0,61,1,61,7,60,9,59,3,64,6,53,4,51,2,52,10,50,6,49,5,46,3,44,1,44,-1,39,-3,33,-3,30,-6,27,-11,25,-11,21,-18,22,-21,17,-23,19,-32,13,-37,15,-37,15,-46,17,-51,20,-53,25,-56,21,-54,21,-55,27,-57,26,-62,24,-63,31,-60,31,-66,33,-62,37,-64,37,-65,41,-60,37,-59,38,-54,37,-55,35,-55,38,-48,39,-48,34,-46,39,-43,33,-45,36,-38,37,-35,34,-33,30,-32,30,-34,31,-30,28,-28,29,-33,34,-30,0,0,0,0,0,0,0,0,0,0,0,0,0,0,0,0,0,0,0,0,0,0,-45,18,-46,13,-48,11,-49,8,-55,7,-46,9,-49,8,-53,11,-57,8,-61,6,-60,4,-64,3,-62,2,-62,-2,-60,-2,-59,1,-62,-3,-57,1,-62,-6,-60,-8,-59,-10,-56,-7,-54,-10,-49,-3,-48,-9,-44,3,-47,6,-49,7,-48,9,-51,12,-50,14,-48,8,-46,14,-43,17,-45,18,-46,20,-44,19,-41,24,-39,25,-38,27,-30,28,-36,30,-36,36,-41,36,-37,34,-41,33,-34,35,-30,38,-27,33,-23,36,-21,37,-21,40,-17,38,-13,47,-8,49,-8,51,-7,58,0,0]",1
CSI_DATA,62241,1a:00:00:00:00:00,-37,11,1,0,1,1,1,0,0,0,1,-97,0,11,2,835676029,0,44,0,384,0,"[0,0,0,0,0,0,0,0,0,0,0,0,5,-10,4,-10,4,-9,4,-9,3,-9,3,-9,3,-9,3,-8,2,-8,2,-8,2,-7,1,-7,0,-6,-1,-5,-1,-6,-2,-5,-3,-5,-4,-5,-5,-5,-6,-5,-7,-5,-8,-6,-8,-6,-9,-7,-9,-7,-9,-7,0,0,-10,-8,-10,-8,-10,-8,-10,-8,-10,-9,-10,-9,-10,-10,-9,-10,-9,-10,-8,-10,-8,-9,-7,-9,-8,-9,-7,-9,-7,-9,-6,-9,-6,-8,-6,-8,-5,-8,-5,-7,-5,-7,-5,-7,-5,-7,-5,-7,-5,-7,-5,-7,0,0,0,0,0,0,0,0,0,0,0,0,0,0,-60,8,-69,11,-65,5,-59,4,-60,7,-57,7,-53,8,-53,5,-55,10,-50,8,-48,7,-38,4,-39,12,-36,14,-35,11,-32,9,-27,14,-20,18,-22,21,-15,25,-14,29,-9,32,-5,36,-2,41,0,47,-4,49,-1,54,-6,59,-7,57,-5,61,-4,62,-7,64,-3,61,-3,66,-5,71,-5,72,-11,69,-11,69,-10,71,-14,72,-17,64,-16,62,-18,62,-22,58,-17,58,-16,58,-16,52,-18,53,-17,49,-16,43,-17,44,-20,43,-18,44,-15,40,-15,37,-15,40,-24,42,0,0,0,0,0,0,0,0,0,0,0,0,0,0,0,0,0,0,0,0,0,0,42,-18,45,-11,46,-8,47,-8,47,-7,44,-8,47,-10,47,-7,53,-7,56,-10,57,-8,56,-5,59,1,60,1,57,3,59,1,57,3,52,0,58,0,55,3,57,3,52,-1,50,6,45,-2,44,1,44,-6,45,-8,45,-10,42,-12,44,-16,43,-14,42,-13,43,-19,38,-19,39,-24,34,-25,31,-26,32,-27,35,-33,30,-30,26,-33,25,-38,24,-40,27,-40,24,-45,33,-44,23,-45,19,-38,16,-45,15,-39,9,-45,3,-47,1,-47,5,-49,-4,-50,-5,-59,-5,-53,0,0]",1
CSI_DATA,62242,1a:00:00:00:00:00,-37,11,1,0,1,1,1,0,0,0,1,-97,0,11,2,835706040,0,44,0,384,0,"[0,0,0,0,0,0,0,0,0,0,0,0,9,5,9,5,8,5,8,4,8,4,8,4,8,4,7,3,7,3,7,2,7,2,6,1,6,1,5,0,5,-1,5,-2,5,-3,5,-4,5,-5,6,-6,7,-6,7,-7,8,-7,9,-7,9,-7,9,-7,0,0,10,-7,10,-7,10,-7,11,-7,11,-7,12,-7,12,-6,11,-5,11,-5,11,-5,11,-5,11,-5,10,-4,10,-4,10,-4,10,-4,10,-3,9,-3,9,-3,8,-2,8,-2,8,-2,8,-2,8,-2,8,-2,8,-1,0,0,0,0,0,0,0,0,0,0,0,0,0,0,-3,-65,-10,-61,-10,-62,-5,-60,-7,-63,-11,-61,-10,-52,-9,-54,-10,-48,-11,-47,-10,-52,-9,-43,-17,-45,-13,-40,-14,-38,-20,-30,-18,-30,-19,-27,-22,-25,-20,-23,-31,-23,-35,-10,-47,-11,-45,-5,-49,-8,-55,-7,-55,-11,-57,-15,-64,-15,-61,-17,-63,-18,-65,-21,-61,-19,-67,-18,-69,-19,-69,-20,-70,-19,-66,-26,-63,-26,-63,-32,-59,-31,-56,-31,-56,-32,-62,-30,-57,-30,-49,-31,-50,-31,-49,-30,-48,-32,-41,-29,-41,-27,-34,-28,-39,-27,-36,-32,-32,-26,-30,-27,-34,-33,0,0,0,0,0,0,0,0,0,0,0,0,0,0,0,0,0,0,0,0,0,0,30,34,29,40,26,38,24,45,21,43,26,44,21,44,26,45,26,53,22,49,18,58,23,58,17,56,13,57,14,58,13,54,9,58,10,54,9,52,10,51,10,51,6,52,6,44,7,41,11,44,14,43,16,40,20,42,19,37,21,41,26,38,21,39,24,37,27,39,24,34,29,36,26,28,29,28,34,30,30,26,36,27,38,24,38,25,40,22,40,23,46,19,42,14,42,15,39,10,40,3,40,5,46,1,50,-2,45,-8,51,-6,52,-8,54,-10,0,0]",1
CSI_DATA,62243,1a:00:00:00:00:00,-37,11,1,0,1,1,1,0,0,0,1,-97,0,11,2,835716026,0,44,0,384,0,"[0,0,0,0,0,0,0,0,0,0,0,0,-11,-2,-10,-2,-10,-1,-10,-2,-10,-1,-9,-1,-9,-1,-9,0,-8,0,-8,0,-8,0,-7,1,-6,1,-6,1,-5,2,-5,3,-4,4,-4,5,-3,6,-4,7,-4,7,-5,8,-5,9,-6,9,-6,9,-6,9,0,0,-7,9,-7,10,-7,10,-7,10,-7,10,-8,9,-8,9,-8,8,-8,8,-8,8,-8,8,-7,7,-8,7,-7,7,-8,7,-8,6,-7,6,-7,6,-7,5,-7,5,-7,5,-7,4,-7,5,-6,5,-7,4,-7,4,0,0,0,0,0,0,0,0,0,0,0,0,0,0,35,51,30,51,35,60,34,48,34,43,31,48,30,39,32,42,30,34,30,41,29,33,29,28,32,32,28,27,31,23,26,22,28,18,30,13,31,4,30,2,36,-5,32,-7,38,-13,44,-16,49,-16,51,-19,52,-14,55,-16,64,-16,60,-18,63,-20,70,-19,63,-15,69,-19,64,-13,71,-16,69,-14,69,-7,67,-9,65,-8,63,-4,62,-5,62,-4,62,-5,60,-5,52,-4,60,-1,50,3,53,3,50,1,49,5,44,4,45,4,39,4,43,3,44,2,42,6,0,0,0,0,0,0,0,0,0,0,0,0,0,0,0,0,0,0,0,0,0,0,-43,-18,-42,-24,-37,-23,-40,-32,-39,-27,-37,-28,-37,-32,-43,-32,-46,-33,-45,-34,-42,-40,-43,-47,-46,-44,-41,-45,-37,-49,-30,-44,-36,-44,-35,-42,-36,-46,-33,-49,-29,-49,-31,-45,-27,-40,-35,-35,-32,-37,-34,-33,-36,-32,-38,-36,-36,-28,-42,-27,-37,-24,-45,-29,-41,-24,-41,-27,-43,-23,-40,-23,-42,-22,-44,-17,-45,-15,-42,-14,-46,-13,-45,-6,-49,-9,-45,-4,-47,-7,-45,-5,-46,-5,-44,-1,-44,7,-36,8,-36,15,-35,15,-38,21,-36,21,-39,30,-52,33,-40,37,0,0]",1
CSI_DATA,62244,1a:00:00:00:00:00,-38,11,1,0,1,1,1,0,0,0,1,-97,0,11,2,835726043,0,44,0,384,0,"[0,0,0,0,0,0,0,0,0,0,0,0,9,-5,9,-4,9,-4,8,-4,8,-4,7,-4,7,-4,7,-4,7,-4,6,-4,5,-4,5,-4,4,-4,3,-5,2,-5,1,-6,1,-6,0,-7,0,-7,-1,-8,-1,-9,-1,-10,0,-11,0,-12,0,-12,0,-12,0,0,1,-12,1,-13,1,-13,1,-13,2,-13,2,-13,3,-12,3,-12,3,-12,3,-11,2,-11,2,-11,2,-10,3,-10,3,-10,3,-10,3,-9,3,-9,3,-9,3,-8,3,-8,3,-8,3,-8,3,-7,3,-7,3,-7,0,0,0,0,0,0,0,0,0,0,0,0,0,0,-60,-19,-61,-22,-58,-27,-57,-21,-51,-17,-54,-24,-51,-19,-50,-26,-46,-15,-46,-12,-44,-17,-46,-11,-42,-11,-39,-8,-42,-3,-40,-3,-32,1,-32,0,-31,10,-23,14,-31,22,-27,25,-28,28,-31,31,-36,37,-38,40,-42,46,-44,47,-44,45,-45,47,-47,45,-52,46,-48,45,-53,54,-52,47,-56,46,-56,41,-58,30,-59,41,-55,34,-49,30,-55,32,-57,29,-53,31,-52,34,-48,29,-53,27,-47,25,-44,21,-47,19,-44,17,-41,13,-41,22,-37,15,-42,21,-43,18,-41,15,0,0,0,0,0,0,0,0,0,0,0,0,0,0,0,0,0,0,0,0,0,0,45,-10,49,-11,50,-9,50,-9,48,-2,49,-3,47,-1,52,-5,53,1,57,-3,63,4,64,8,59,6,58,10,57,13,54,15,59,14,58,11,57,12,55,15,52,18,54,11,50,13,47,14,47,10,46,8,49,5,54,-3,51,-3,53,-2,50,-2,54,-9,51,-2,47,-4,47,-10,47,-9,48,-8,46,-10,46,-12,42,-16,44,-18,35,-18,42,-23,41,-22,43,-22,42,-20,35,-20,35,-23,30,-21,31,-27,25,-30,17,-37,17,-37,12,-39,17,-45,20,-50,19,-49,0,0]",1
CSI_DATA,62245,1a:00:00:00:00:00,-38,11,1,0,1,1,1,0,0,0,1,-97,0,11,2,835736044,0,44,0,384,0,"[0,0,0,0,0,0,0,0,0,0,0,0,-8,7,-8,7,-8,7,-7,7,-7,6,-7,7,-7,6,-6,6,-6,6,-5,6,-5,5,-4,5,-3,5,-2,5,-1,5,0,5,1,5,1,5,2,6,3,6,3,7,4,8,4,9,4,10,4,10,4,10,0,0,4,11,3,11,3,11,3,11,3,11,2,12,2,12,2,11,1,11,1,11,1,10,1,10,1,9,1,9,0,9,0,9,0,9,0,8,0,8,0,8,0,8,0,7,0,7,0,7,0,7,-1,7,0,0,0,0,0,0,0,0,0,0,0,0,0,0,67,11,65,17,61,8,56,10,56,11,56,13,52,11,52,14,49,5,47,5,43,6,42,4,40,4,38,4,40,1,37,-3,32,-8,29,-8,27,-17,22,-17,27,-25,23,-29,22,-29,20,-34,27,-43,24,-48,32,-48,32,-47,35,-48,36,-52,37,-54,43,-52,38,-52,40,-54,41,-51,48,-48,49,-46,52,-42,54,-42,52,-42,48,-38,44,-40,45,-42,47,-34,48,-38,46,-32,45,-28,42,-30,35,-27,39,-22,40,-25,35,-19,35,-24,38,-20,34,-19,32,-24,36,-22,0,0,0,0,0,0,0,0,0,0,0,0,0,0,0,0,0,0,0,0,0,0,-39,26,-43,23,-43,20,-44,19,-50,19,-45,21,-44,14,-48,18,-52,18,-55,19,-58,15,-57,16,-64,6,-64,8,-62,8,-61,1,-58,4,-56,2,-60,6,-57,6,-54,-4,-58,1,-51,4,-48,4,-48,6,-47,6,-44,10,-49,15,-50,15,-49,14,-48,18,-52,19,-46,15,-44,15,-45,14,-49,16,-44,20,-45,21,-40,20,-38,23,-39,32,-39,29,-35,26,-40,32,-37,29,-28,25,-32,29,-30,33,-29,31,-22,32,-22,33,-14,38,-12,41,-13,37,-7,48,-4,47,-8,53,0,0]",1
CSI_DATA,62246,1a:00:00:00:00:00,-38,11,1,0,1,1,1,0,0,0,1,-97,0,11,2,835748568,0,44,0,384,0,"[0,0,0,0,0,0,0,0,0,0,0,0,-10,6,-10,6,-9,6,-9,6,-9,5,-9,6,-8,5,-8,5,-7,5,-6,5,-6,5,-5,4,-5,4,-4,4,-3,5,-2,5,-1,5,0,6,1,7,1,8,1,8,1,9,1,10,1,10,1,11,1,11,0,0,1,12,1,11,1,12,0,13,0,13,-1,13,-2,12,-2,12,-2,11,-2,11,-2,11,-2,10,-2,10,-2,10,-2,9,-3,9,-2,8,-2,8,-3,8,-2,7,-2,7,-2,7,-2,7,-2,7,-2,7,-3,7,0,0,0,0,0,0,0,0,0,0,0,0,0,0,67,16,63,16,58,12,61,16,62,12,58,17,57,13,52,12,52,13,52,8,49,10,49,9,40,7,38,3,37,1,39,-1,37,-9,27,-5,26,-8,24,-14,25,-23,25,-28,23,-34,26,-39,28,-39,32,-42,33,-44,31,-47,37,-47,35,-47,38,-55,42,-48,41,-49,42,-53,45,-48,46,-51,54,-43,56,-40,55,-40,57,-38,46,-35,49,-36,45,-32,46,-36,48,-28,44,-32,46,-27,42,-30,42,-22,41,-20,35,-21,39,-19,38,-23,34,-22,35,-23,39,-18,39,-21,0,0,0,0,0,0,0,0,0,0,0,0,0,0,0,0,0,0,0,0,0,0,-38,20,-43,16,-46,19,-47,13,-50,20,-49,16,-49,12,-53,14,-51,15,-57,16,-61,12,-62,7,-64,5,-64,3,-64,1,-55,1,-60,3,-59,0,-57,0,-56,-6,-57,-7,-56,-2,-55,-1,-54,-2,-49,3,-47,-1,-48,8,-46,11,-50,8,-51,9,-46,16,-49,11,-48,11,-45,13,-48,13,-44,17,-42,19,-40,23,-40,21,-40,22,-37,27,-33,28,-38,26,-38,27,-36,34,-36,21,-37,28,-31,28,-31,28,-28,34,-25,33,-21,36,-12,37,-13,42,-6,50,-9,53,-13,55,0,0]",1
CSI_DATA,62247,1a:00:00:00:00:00,-38,11,1,0,1,1,1,0,0,0,1,-97,0,11,2,835757131,0,44,0,384,0,"[0,0,0,0,0,0,0,0,0,0,0,0,-11,2,-11,2,-11,2,-10,2,-10,2,-10,2,-9,2,-9,2,-9,2,-8,2,-7,2,-7,2,-6,2,-5,3,-4,3,-4,4,-3,5,-3,6,-2,6,-2,7,-2,8,-2,9,-2,10,-2,10,-3,10,-3,10,0,0,-3,11,-3,11,-4,11,-4,12,-4,11,-5,12,-6,11,-6,11,-6,10,-6,10,-6,9,-6,9,-6,8,-5,8,-6,8,-6,7,-5,7,-5,7,-5,6,-5,6,-5,6,-5,6,-5,6,-4,6,-5,6,-5,6,0,0,0,0,0,0,0,0,0,0,0,0,0,0,48,45,42,44,38,44,46,43,42,44,46,41,45,40,39,37,39,36,42,33,35,30,37,33,37,26,35,25,33,23,32,18,32,14,31,11,29,4,31,-2,36,2,39,-13,33,-13,40,-18,46,-18,47,-21,48,-19,54,-19,58,-20,59,-24,60,-18,62,-17,68,-20,66,-16,68,-16,68,-14,66,-14,70,-9,67,-4,71,-2,64,1,60,3,59,-2,60,1,57,-1,52,-1,48,3,52,0,49,6,45,4,43,2,41,3,38,-1,43,4,41,2,41,5,42,10,0,0,0,0,0,0,0,0,0,0,0,0,0,0,0,0,0,0,0,0,0,0,-45,3,-50,-1,-46,-3,-50,-9,-49,-2,-47,-7,-48,-9,-50,-5,-59,-10,-60,-9,-58,-21,-62,-19,-59,-23,-57,-28,-55,-27,-53,-31,-57,-25,-52,-28,-51,-27,-50,-28,-49,-32,-52,-31,-46,-24,-45,-29,-39,-21,-48,-20,-42,-19,-47,-16,-45,-17,-49,-11,-43,-14,-47,-12,-45,-13,-48,-10,-46,-6,-46,-9,-43,-6,-41,-1,-45,-3,-43,2,-47,6,-42,7,-45,5,-45,10,-48,11,-43,12,-44,12,-43,15,-34,14,-40,15,-36,22,-33,26,-29,35,-29,28,-36,36,-38,38,-31,45,0,0]",1
CSI_DATA,62248,1a:00:00:00:00:00,-37,11,1,0,1,1,1,0,0,0,1,-97,0,11,2,835776034,0,44,0,384,0,"[0,0,0,0,0,0,0,0,0,0,0,0,10,-1,10,-1,9,-1,9,-2,9,-2,8,-2,8,-2,8,-2,7,-2,7,-2,7,-3,6,-3,5,-3,4,-3,4,-4,3,-5,2,-6,2,-7,2,-7,2,-8,2,-9,2,-10,2,-10,3,-11,3,-11,3,-11,0,0,3,-12,3,-12,4,-12,4,-13,5,-13,5,-13,6,-12,6,-11,6,-11,6,-11,6,-11,6,-10,6,-9,5,-10,6,-9,6,-8,5,-8,5,-8,5,-8,5,-7,4,-7,4,-7,4,-7,4,-7,4,-7,5,-7,0,0,0,0,0,0,0,0,0,0,0,0,0,0,-36,-48,-38,-46,-33,-46,-39,-39,-41,-44,-39,-38,-35,-38,-38,-42,-40,-36,-38,-36,-32,-30,-37,-26,-38,-30,-36,-24,-33,-21,-33,-19,-31,-17,-33,-12,-32,-8,-30,0,-37,5,-39,5,-40,12,-43,18,-44,14,-53,18,-51,17,-56,22,-61,21,-58,23,-56,24,-64,22,-60,24,-67,23,-66,20,-74,24,-70,17,-73,11,-71,8,-70,6,-67,3,-62,0,-65,7,-63,0,-60,1,-56,0,-60,1,-60,-2,-50,2,-47,2,-50,0,-45,-3,-44,-1,-43,-1,-45,2,-45,-3,-44,-4,0,0,0,0,0,0,0,0,0,0,0,0,0,0,0,0,0,0,0,0,0,0,40,11,40,17,42,18,41,22,39,20,39,24,42,21,48,18,45,24,50,21,46,32,47,33,47,38,47,36,49,34,41,36,48,38,44,41,45,39,41,42,40,37,43,44,40,37,38,37,40,31,41,26,38,31,44,26,43,27,45,29,38,19,44,26,39,21,42,16,43,17,42,13,38,15,40,11,42,7,47,2,49,1,44,-3,47,-1,47,-2,52,-4,40,-2,44,-8,43,-6,46,-7,39,-11,40,-15,39,-18,38,-22,37,-25,36,-33,38,-35,35,-39,0,0]",1
CSI_DATA,62249,1a:00:00:00:00:00,-37,11,1,0,1,1,1,0,0,0,1,-97,0,11,2,835786018,0,44,0,384,0,"[0,0,0,0,0,0,0,0,0,0,0,0,-8,7,-7,7,-7,7,-7,7,-6,7,-6,7,-6,7,-5,6,-5,6,-4,6,-4,6,-3,5,-3,5,-2,5,-1,5,0,5,1,5,2,6,3,6,3,7,4,7,4,8,4,9,5,9,5,9,5,10,0,0,5,10,5,10,5,11,5,11,5,11,5,12,4,12,3,12,2,12,2,11,2,11,2,11,2,10,2,10,1,10,1,9,1,9,1,8,0,8,1,8,0,8,1,7,1,7,1,7,1,7,0,7,0,0,0,0,0,0,0,0,0,0,0,0,0,0,64,-5,56,0,57,-4,55,-10,60,-5,55,-5,53,-8,51,-3,49,-7,50,-8,45,-11,48,-12,43,-10,42,-17,33,-11,34,-12,31,-15,25,-20,20,-18,16,-27,13,-31,12,-37,12,-45,9,-42,12,-47,15,-55,17,-56,13,-59,15,-61,14,-56,17,-60,20,-60,18,-64,19,-63,22,-68,21,-65,27,-62,33,-67,31,-72,30,-61,32,-55,31,-56,33,-54,29,-54,32,-51,29,-46,34,-49,30,-46,30,-43,27,-40,28,-44,27,-36,25,-37,27,-36,21,-35,25,-33,30,-33,0,0,0,0,0,0,0,0,0,0,0,0,0,0,0,0,0,0,0,0,0,0,-40,18,-44,20,-42,15,-45,16,-43,15,-42,17,-41,18,-45,20,-50,22,-51,23,-54,18,-57,17,-60,14,-61,10,-61,12,-56,12,-66,11,-58,9,-65,10,-61,5,-57,8,-56,5,-49,4,-54,11,-53,8,-48,12,-51,11,-52,13,-48,15,-49,15,-43,15,-49,21,-45,18,-44,21,-42,22,-41,23,-36,23,-35,26,-36,26,-32,34,-35,33,-26,35,-30,38,-29,40,-30,39,-23,43,-25,42,-24,37,-20,43,-16,39,-19,37,-10,39,-7,45,-5,41,0,45,1,52,6,50,0,0]",1
CSI_DATA,62250,1a:00:00:00:00:00,-37,11,1,0,1,1,1,0,0,0,1,-97,0,11,2,835796034,0,44,0,384,0,"[0,0,0,0,0,0,0,0,0,0,0,0,2,-10,2,-10,2,-10,2,-10,2,-9,1,-9,1,-9,1,-9,1,-8,0,-8,0,-8,-1,-7,-1,-7,-2,-6,-2,-6,-3,-5,-4,-5,-5,-5,-6,-5,-7,-5,-8,-5,-8,-6,-9,-6,-9,-6,-9,-7,-9,-7,0,0,-10,-7,-10,-7,-11,-7,-11,-8,-11,-9,-10,-9,-10,-10,-9,-10,-9,-10,-8,-9,-8,-9,-8,-9,-8,-9,-7,-9,-7,-8,-6,-8,-6,-8,-6,-8,-5,-8,-5,-7,-5,-7,-5,-7,-5,-7,-5,-6,-5,-6,-5,-6,0,0,0,0,0,0,0,0,0,0,0,0,0,0,-62,28,-57,21,-59,22,-56,17,-53,21,-52,16,-50,22,-50,18,-42,22,-41,20,-40,22,-39,23,-35,26,-33,25,-34,25,-30,23,-24,23,-18,25,-15,27,-12,28,-7,34,-4,31,4,37,2,43,3,47,3,53,4,55,7,58,4,59,2,58,8,60,5,65,3,62,5,71,5,65,5,68,-1,68,-4,72,-8,72,-7,70,-11,66,-12,61,-10,65,-8,64,-9,59,-6,57,-9,55,-16,51,-11,48,-13,41,-13,43,-8,39,-12,39,-10,40,-7,43,-9,42,-13,44,0,0,0,0,0,0,0,0,0,0,0,0,0,0,0,0,0,0,0,0,0,0,32,-26,38,-28,34,-22,39,-26,37,-26,40,-25,38,-24,41,-28,47,-27,47,-31,52,-28,51,-27,56,-24,58,-27,56,-22,54,-16,57,-22,56,-23,57,-23,56,-13,53,-16,55,-18,51,-15,44,-18,46,-21,47,-21,41,-21,45,-31,45,-23,41,-30,37,-28,42,-26,36,-27,33,-28,35,-30,32,-33,29,-30,30,-35,25,-37,25,-34,24,-46,20,-38,24,-42,22,-45,16,-48,18,-51,19,-47,13,-42,12,-47,10,-33,1,-41,-1,-43,-4,-46,-10,-45,-14,-42,-15,-47,-20,-52,0,0]",1
CSI_DATA,62251,1a:00:00:00:00:00,-37,11,1,0,1,1,1,0,0,0,1,-97,0,11,2,835816020,0,44,0,384,0,"[0,0,0,0,0,0,0,0,0,0,0,0,-10,-7,-9,-7,-9,-7,-9,-6,-9,-6,-9,-5,-8,-5,-8,-5,-8,-5,-8,-4,-7,-3,-7,-3,-7,-2,-6,-1,-6,0,-6,1,-6,2,-6,3,-6,4,-7,4,-7,5,-8,6,-9,6,-9,6,-10,6,-10,7,0,0,-10,7,-11,7,-11,7,-12,7,-11,7,-13,6,-13,6,-13,5,-13,5,-12,4,-12,4,-12,4,-11,3,-11,3,-11,3,-10,3,-10,2,-9,2,-9,2,-9,2,-9,2,-8,1,-8,2,-7,2,-8,1,-8,1,0,0,0,0,0,0,0,0,0,0,0,0,0,0,17,58,10,56,16,61,12,54,10,55,13,53,12,52,11,52,16,47,16,44,13,52,15,44,17,39,19,39,18,33,18,31,17,25,23,24,25,19,22,16,33,12,35,9,40,6,41,7,46,5,51,6,55,3,58,6,58,7,60,7,55,4,64,8,60,5,67,5,64,9,71,13,67,15,65,15,67,23,63,21,57,20,56,23,58,24,53,21,52,22,54,23,52,25,46,25,45,18,38,22,40,25,33,20,34,17,40,17,33,19,36,20,30,22,0,0,0,0,0,0,0,0,0,0,0,0,0,0,0,0,0,0,0,0,0,0,-27,-32,-27,-37,-29,-35,-24,-38,-23,-40,-25,-39,-26,-37,-26,-42,-25,-46,-27,-49,-26,-54,-23,-56,-22,-58,-20,-54,-18,-55,-15,-53,-17,-54,-23,-55,-18,-56,-18,-49,-11,-52,-13,-52,-10,-49,-12,-45,-15,-43,-21,-45,-19,-40,-22,-38,-21,-38,-26,-41,-26,-38,-31,-37,-27,-34,-27,-36,-28,-33,-30,-31,-28,-32,-32,-34,-30,-27,-41,-24,-38,-22,-41,-20,-44,-26,-43,-22,-43,-16,-40,-16,-39,-19,-40,-20,-40,-11,-40,-8,-38,-7,-44,1,-46,4,-49,7,-50,10,-49,9,-55,9,0,0]",1
CSI_DATA,62252,1a:00:00:00:00:00,-37,11,1,0,1,1,1,0,0,0,1,-97,0,11,2,835826030,0,44,0,384,0,"[0,0,0,0,0,0,0,0,0,0,0,0,11,0,11,0,10,0,10,0,9,0,9,-1,9,-1,8,-1,8,-1,7,-2,7,-2,6,-2,6,-2,5,-3,4,-4,4,-5,3,-5,3,-6,3,-7,3,-8,3,-9,3,-10,4,-10,4,-11,4,-11,4,-11,0,0,5,-12,5,-12,5,-12,6,-12,6,-13,7,-12,8,-11,8,-11,8,-10,7,-10,7,-10,7,-9,7,-9,7,-9,7,-8,7,-8,6,-7,6,-7,6,-7,6,-6,6,-6,6,-6,5,-6,5,-6,6,-6,6,-5,0,0,0,0,0,0,0,0,0,0,0,0,0,0,-39,-56,-34,-55,-35,-59,-35,-52,-32,-53,-30,-53,-26,-50,-34,-47,-31,-44,-27,-42,-31,-42,-32,-38,-31,-36,-26,-30,-28,-32,-31,-27,-28,-20,-32,-17,-30,-11,-30,-8,-34,-6,-38,4,-39,2,-47,7,-48,8,-53,11,-59,11,-62,6,-62,8,-65,9,-59,12,-68,3,-67,4,-67,12,-67,5,-73,5,-73,1,-72,-4,-72,-2,-66,-9,-64,-8,-62,-7,-64,-10,-62,-12,-61,-8,-60,-11,-53,-9,-56,-12,-51,-15,-47,-14,-48,-12,-44,-15,-44,-13,-42,-12,-39,-9,-38,-13,-40,-16,0,0,0,0,0,0,0,0,0,0,0,0,0,0,0,0,0,0,0,0,0,0,39,17,42,21,38,20,40,25,37,26,38,23,39,28,38,28,46,31,47,33,46,36,43,41,44,47,43,46,37,49,30,41,38,43,39,42,38,45,36,43,30,45,27,46,28,40,28,36,27,37,33,28,32,30,30,24,33,30,40,26,33,22,37,22,39,24,40,21,40,18,40,20,38,16,41,18,45,11,47,10,44,6,42,2,50,0,45,1,46,6,44,1,47,-1,40,-1,42,-4,43,-11,41,-14,39,-16,38,-17,42,-26,38,-30,45,-24,50,-31,0,0]",1
CSI_DATA,62253,1a:00:00:00:00:00,-37,11,1,0,1,1,1,0,0,0,1,-97,0,11,2,835836024,0,44,0,384,0,"[0,0,0,0,0,0,0,0,0,0,0,0,-10,6,-9,6,-9,6,-9,6,-8,6,-8,5,-7,5,-7,5,-7,5,-6,5,-6,5,-5,5,-4,5,-3,5,-2,5,-1,6,0,6,1,6,1,7,2,8,2,9,2,9,2,10,2,11,2,11,2,11,0,0,2,12,2,12,2,12,2,13,2,13,1,13,0,13,0,12,-1,12,-1,12,0,11,0,11,-1,11,-1,10,-1,10,-1,10,-1,10,-1,9,-1,9,-2,8,-2,8,-2,8,-2,8,-2,8,-2,8,-2,7,0,0,0,0,0,0,0,0,0,0,0,0,0,0,61,3,65,9,63,3,59,3,66,8,63,7,58,7,55,4,54,8,49,7,52,4,45,-2,44,-2,44,-5,44,-8,36,-8,34,-11,34,-14,28,-16,21,-22,22,-31,18,-35,22,-44,19,-40,22,-49,25,-53,29,-54,29,-61,33,-58,30,-61,31,-59,35,-64,35,-57,36,-61,36,-61,41,-64,42,-62,45,-63,43,-55,45,-53,44,-50,41,-52,42,-48,40,-49,40,-44,35,-43,39,-39,36,-41,39,-38,35,-37,36,-35,39,-34,36,-34,36,-28,32,-27,35,-27,34,-23,0,0,0,0,0,0,0,0,0,0,0,0,0,0,0,0,0,0,0,0,0,0,-43,16,-46,14,-48,10,-52,9,-44,13,-44,9,-46,10,-50,14,-56,8,-57,9,-60,8,-61,3,-62,1,-65,0,-61,-5,-56,-6,-57,-1,-58,-2,-57,-1,-58,-5,-58,-10,-52,-6,-51,-6,-49,-1,-44,-2,-43,-1,-44,4,-43,7,-44,5,-48,12,-42,10,-45,14,-43,13,-44,16,-42,21,-38,19,-37,23,-35,22,-39,27,-36,27,-33,30,-35,31,-35,36,-34,33,-30,35,-33,36,-32,36,-23,37,-25,37,-25,38,-17,36,-11,39,-9,46,-7,44,-9,52,-8,53,-13,60,0,0]",1
CSI_DATA,62254,1a:00:00:00:00:00,-37,11,1,0,1,1,1,0,0,0,1,-97,0,11,2,835856035,0,44,0,384,0,"[0,0,0,0,0,0,0,0,0,0,0,0,3,10,3,10,3,9,3,9,2,8,3,8,3,8,3,7,3,7,3,6,3,5,3,5,3,4,4,3,4,2,5,1,6,1,7,0,7,-1,8,-1,9,-1,10,-1,11,0,11,0,12,0,12,0,0,0,13,0,13,0,13,0,13,1,13,1,13,2,13,3,12,3,12,3,11,3,11,2,10,3,10,3,10,2,10,2,10,2,9,2,9,2,8,2,8,2,8,2,8,2,7,2,7,2,8,2,7,3,0,0,0,0,0,0,0,0,0,0,0,0,0,0,33,-54,30,-52,29,-54,22,-53,26,-55,27,-50,24,-49,24,-46,18,-48,20,-46,20,-41,18,-42,11,-40,9,-35,10,-40,2,-37,-1,-31,-5,-29,-8,-29,-16,-27,-21,-29,-22,-32,-28,-35,-37,-34,-35,-37,-40,-40,-45,-41,-46,-46,-45,-47,-50,-47,-47,-51,-50,-53,-44,-53,-54,-53,-46,-56,-47,-61,-41,-61,-40,-60,-37,-63,-32,-64,-31,-58,-34,-56,-31,-51,-31,-51,-30,-53,-31,-50,-29,-52,-28,-50,-26,-48,-27,-44,-22,-44,-22,-42,-19,-41,-22,-42,-21,-42,-23,-38,-16,-43,0,0,0,0,0,0,0,0,0,0,0,0,0,0,0,0,0,0,0,0,0,0,-11,44,-14,43,-16,40,-18,41,-15,42,-16,41,-15,41,-17,43,-19,50,-19,52,-23,53,-25,52,-30,53,-31,46,-34,50,-27,47,-28,46,-24,43,-27,47,-28,45,-33,44,-34,45,-28,42,-24,40,-23,37,-20,37,-25,40,-18,44,-17,39,-17,43,-14,41,-11,46,-10,41,-9,40,-3,41,-6,41,-4,39,2,42,4,44,6,41,9,44,8,42,11,48,15,45,13,42,11,38,15,39,14,43,14,31,20,31,23,29,31,29,31,23,33,23,37,18,43,22,50,19,0,0]",1
CSI_DATA,62255,1a:00:00:00:00:00,-37,11,1,0,1,1,1,0,0,0,1,-97,0,11,2,835876033,0,44,0,384,0,"[0,0,0,0,0,0,0,0,0,0,0,0,11,2,10,2,10,1,9,1,9,1,8,1,8,0,8,0,7,0,7,-1,6,-1,6,-1,5,-2,4,-3,4,-4,3,-5,3,-6,2,-7,2,-8,3,-8,3,-9,3,-10,3,-11,4,-11,4,-11,4,-12,0,0,4,-12,4,-12,4,-13,5,-13,5,-13,6,-13,7,-12,7,-12,7,-11,7,-11,6,-11,6,-10,6,-9,6,-9,6,-9,5,-9,5,-9,5,-8,5,-8,5,-8,5,-7,4,-7,4,-7,4,-7,5,-8,5,-7,0,0,0,0,0,0,0,0,0,0,0,0,0,0,-36,-55,-38,-53,-35,-50,-38,-49,-37,-46,-33,-47,-30,-45,-35,-47,-33,-42,-33,-45,-32,-37,-29,-31,-33,-30,-32,-25,-25,-21,-29,-15,-27,-15,-30,-7,-30,-4,-32,4,-32,6,-33,12,-39,17,-44,20,-50,20,-48,24,-50,19,-56,26,-56,22,-57,25,-60,27,-65,30,-61,24,-65,29,-67,29,-72,27,-71,24,-73,20,-70,18,-66,11,-65,7,-68,17,-60,9,-61,14,-55,12,-51,12,-55,8,-55,6,-56,6,-50,7,-46,4,-48,7,-46,8,-41,7,-45,7,-45,6,-46,1,0,0,0,0,0,0,0,0,0,0,0,0,0,0,0,0,0,0,0,0,0,0,31,31,29,33,27,31,34,37,28,33,28,33,33,30,32,32,32,39,38,41,34,44,29,48,33,45,28,49,26,52,23,41,30,50,33,48,33,48,28,55,24,52,24,47,21,43,23,41,22,43,24,40,30,37,33,35,32,28,30,31,33,26,38,30,35,26,34,26,35,22,36,19,37,19,37,17,38,10,43,9,44,8,39,2,45,5,49,2,44,0,50,-1,48,-3,42,2,47,-12,41,-6,42,-11,38,-16,36,-16,42,-19,41,-34,45,-31,48,-37,0,0]",1
CSI_DATA,62256,1a:00:00:00:00:00,-37,11,1,0,1,1,1,0,0,0,1,-97,0,11,2,835896157,0,44,0,384,0,"[0,0,0,0,0,0,0,0,0,0,0,0,9,-7,8,-7,8,-7,8,-7,7,-7,7,-6,6,-6,6,-6,5,-6,5,-6,4,-6,4,-6,3,-6,2,-6,1,-6,0,-7,-1,-7,-2,-7,-2,-8,-3,-9,-3,-10,-3,-11,-3,-11,-3,-12,-3,-12,-3,-12,0,0,-3,-12,-4,-13,-4,-13,-3,-14,-3,-14,-2,-14,-2,-14,-1,-14,0,-14,0,-13,0,-13,0,-12,0,-12,0,-11,0,-11,0,-11,0,-10,0,-10,0,-9,1,-9,0,-9,1,-8,0,-9,0,-8,0,-9,1,-8,0,0,0,0,0,0,0,0,0,0,0,0,0,0,-64,-10,-67,-17,-61,-15,-62,-3,-62,-8,-58,-13,-60,-6,-55,-12,-57,-7,-53,-7,-49,-1,-47,-2,-43,2,-41,0,-40,4,-34,10,-37,9,-32,18,-30,16,-28,15,-19,30,-19,34,-23,38,-20,42,-23,46,-27,51,-31,51,-29,51,-32,55,-26,53,-30,59,-30,59,-35,59,-32,62,-37,58,-40,63,-41,60,-46,60,-46,59,-46,56,-47,52,-43,49,-43,46,-43,46,-42,47,-40,43,-44,38,-41,38,-40,33,-36,31,-36,32,-36,32,-34,33,-36,29,-34,30,-31,32,-39,26,0,0,0,0,0,0,0,0,0,0,0,0,0,0,0,0,0,0,0,0,0,0,41,-5,46,-1,45,-3,44,4,46,2,44,2,47,1,46,-2,52,-1,54,3,54,4,54,6,59,9,56,12,57,11,52,13,53,10,52,11,54,12,53,14,53,16,47,18,46,11,44,10,40,10,43,4,45,3,38,-2,38,-2,43,-6,42,-6,42,-8,38,-8,41,-8,40,-13,38,-17,36,-15,36,-16,35,-16,31,-20,31,-26,32,-32,28,-31,29,-38,30,-34,29,-24,24,-26,24,-35,27,-36,18,-40,13,-38,11,-42,12,-48,8,-46,12,-57,10,-55,7,-54,0,0]",1
CSI_DATA,62257,1a:00:00:00:00:00,-37,11,1,0,1,1,1,0,0,0,1,-97,0,11,2,835916155,0,44,0,384,0,"[0,0,0,0,0,0,0,0,0,0,0,0,-1,-11,-1,-11,-1,-11,-2,-10,-2,-10,-2,-9,-2,-9,-2,-9,-2,-8,-3,-8,-3,-7,-3,-6,-4,-6,-4,-5,-5,-4,-6,-4,-7,-3,-7,-3,-8,-3,-9,-3,-10,-3,-11,-3,-12,-4,-12,-4,-12,-4,-12,-4,0,0,-13,-5,-13,-4,-13,-4,-13,-5,-13,-5,-13,-6,-13,-6,-13,-7,-12,-7,-12,-7,-11,-6,-11,-7,-11,-6,-10,-6,-10,-6,-9,-6,-9,-6,-9,-5,-8,-6,-8,-6,-8,-6,-8,-5,-8,-5,-8,-5,-8,-5,-7,-5,0,0,0,0,0,0,0,0,0,0,0,0,0,0,-46,43,-47,41,-52,41,-47,40,-41,43,-49,40,-42,39,-45,37,-39,38,-35,42,-33,35,-27,37,-31,37,-20,33,-20,31,-14,34,-13,34,-8,30,-5,35,4,38,13,37,9,37,25,41,24,49,22,43,30,54,28,56,26,64,24,65,30,64,24,66,32,69,21,63,27,67,33,66,26,72,27,72,22,75,19,74,17,73,16,70,15,67,13,72,9,65,13,66,12,60,11,57,14,59,9,52,6,50,6,50,4,47,6,47,7,45,7,45,7,46,-2,50,0,0,0,0,0,0,0,0,0,0,0,0,0,0,0,0,0,0,0,0,0,0,31,-31,34,-32,36,-28,38,-31,37,-25,33,-30,36,-29,36,-33,37,-33,45,-31,47,-34,50,-31,58,-27,51,-32,53,-29,47,-23,51,-25,47,-27,49,-26,50,-20,49,-22,51,-17,41,-24,39,-16,41,-21,35,-27,36,-28,32,-30,34,-22,30,-29,30,-33,28,-34,21,-31,22,-35,21,-39,22,-34,14,-37,13,-35,11,-37,10,-40,7,-40,6,-40,4,-41,4,-37,2,-42,-7,-44,-1,-41,-10,-37,-8,-37,-11,-39,-14,-36,-25,-31,-28,-37,-30,-35,-34,-39,-40,-41,-37,-38,0,0]",1
CSI_DATA,62258,1a:00:00:00:00:00,-37,11,1,0,1,1,1,0,0,0,1,-97,0,11,2,835926619,0,44,0,384,0,"[0,0,0,0,0,0,0,0,0,0,0,0,-2,10,-2,10,-2,9,-1,9,-1,9,-1,8,-1,8,-1,7,-1,7,0,7,1,6,1,5,2,5,2,4,3,4,4,3,5,3,6,2,7,2,8,3,9,3,10,3,10,4,11,4,11,4,11,4,0,0,11,5,11,4,12,5,12,5,12,5,12,6,11,7,11,7,10,7,10,7,10,6,10,6,9,6,9,6,8,6,8,6,8,6,7,5,7,5,6,5,7,5,6,5,6,5,6,4,6,5,6,5,0,0,0,0,0,0,0,0,0,0,0,0,0,0,57,-34,51,-30,53,-27,51,-30,53,-30,56,-29,47,-25,47,-29,46,-25,41,-23,39,-27,34,-27,26,-27,27,-33,22,-30,22,-23,16,-27,11,-30,4,-30,7,-32,2,-37,-4,-40,-11,-42,-12,-46,-10,-49,-18,-58,-14,-61,-13,-61,-9,-67,-15,-60,-13,-69,-16,-70,-10,-64,-18,-70,-11,-69,-12,-80,-11,-72,-3,-73,-4,-76,1,-76,-1,-71,-4,-66,7,-68,0,-66,1,-66,0,-60,3,-60,4,-59,4,-55,6,-46,8,-49,2,-46,4,-52,3,-48,2,-48,0,-51,10,-48,0,0,0,0,0,0,0,0,0,0,0,0,0,0,0,0,0,0,0,0,0,0,-33,25,-43,27,-36,19,-47,18,-37,20,-40,19,-39,18,-47,23,-48,22,-45,25,-49,17,-50,20,-52,19,-55,20,-58,14,-53,14,-55,17,-54,16,-56,14,-50,8,-54,11,-57,11,-39,6,-41,14,-46,12,-41,14,-42,14,-38,21,-37,20,-34,23,-30,23,-36,24,-35,28,-34,32,-30,29,-29,35,-25,33,-25,31,-20,33,-19,38,-20,36,-13,32,-11,38,-14,38,-15,41,-6,43,-10,37,-5,37,-4,40,2,35,4,33,14,37,19,35,26,31,19,39,24,42,23,54,0,0]",1
CSI_DATA,62259,1a:00:00:00:00:00,-38,11,1,0,1,1,1,0,0,0,1,-97,0,11,2,835936016,0,44,0,384,0,"[0,0,0,0,0,0,0,0,0,0,0,0,-11,-4,-10,-4,-10,-4,-10,-4,-9,-3,-9,-3,-8,-3,-8,-2,-8,-2,-7,-2,-7,-1,-6,0,-6,0,-5,1,-5,2,-4,3,-4,4,-5,5,-4,6,-5,7,-5,8,-6,9,-7,9,-7,9,-7,9,-7,9,0,0,-8,9,-8,10,-8,10,-8,10,-9,10,-10,10,-10,9,-10,9,-10,8,-10,8,-10,8,-10,7,-9,7,-9,6,-9,6,-9,6,-9,6,-8,5,-8,5,-8,5,-8,5,-7,5,-7,5,-7,4,-8,5,-8,4,0,0,0,0,0,0,0,0,0,0,0,0,0,0,31,54,20,54,23,56,21,57,23,56,25,52,21,52,23,45,25,41,22,38,22,42,25,35,21,34,26,19,21,25,25,17,28,11,25,8,33,4,29,1,30,-4,39,-7,40,-12,44,-15,57,-12,53,-19,62,-16,62,-11,66,-12,69,-13,69,-18,73,-9,70,-15,71,-16,74,-14,72,-12,77,-9,77,-3,77,0,73,-3,69,2,70,0,66,5,67,0,66,4,59,3,58,4,59,7,57,3,51,12,54,5,47,2,44,1,49,1,43,1,48,5,44,11,0,0,0,0,0,0,0,0,0,0,0,0,0,0,0,0,0,0,0,0,0,0,-29,-41,-26,-38,-21,-41,-19,-43,-17,-46,-21,-40,-20,-38,-24,-45,-27,-46,-29,-52,-22,-55,-21,-55,-20,-58,-18,-57,-15,-57,-19,-53,-18,-61,-17,-57,-13,-57,-17,-60,-11,-51,-8,-56,-8,-54,-10,-49,-15,-41,-14,-42,-18,-37,-17,-38,-30,-37,-25,-35,-24,-40,-25,-39,-30,-33,-27,-34,-29,-31,-31,-31,-33,-26,-30,-25,-38,-25,-38,-22,-36,-20,-43,-15,-42,-15,-48,-21,-39,-10,-33,-15,-39,-11,-36,-5,-35,-4,-40,-3,-38,5,-39,11,-39,16,-41,20,-43,28,-44,19,-48,32,0,0]",1
CSI_DATA,62260,1a:00:00:00:00:00,-38,11,1,0,1,1,1,0,0,0,1,-97,0,11,2,835946025,0,44,0,384,0,"[0,0,0,0,0,0,0,0,0,0,0,0,10,-1,10,-1,9,-1,9,-1,8,-1,8,-1,8,-2,7,-2,7,-2,6,-2,6,-2,5,-3,4,-3,3,-4,3,-5,2,-5,1,-6,1,-7,0,-8,1,-9,1,-10,1,-11,1,-12,1,-12,2,-13,2,-13,0,0,2,-13,2,-13,2,-13,2,-13,3,-14,3,-14,4,-13,4,-13,5,-12,4,-12,4,-12,4,-11,4,-11,4,-11,4,-10,4,-10,4,-10,4,-9,4,-9,4,-8,4,-8,4,-8,3,-8,3,-8,3,-8,4,-8,0,0,0,0,0,0,0,0,0,0,0,0,0,0,-42,-48,-40,-41,-44,-45,-41,-49,-41,-44,-38,-39,-34,-42,-40,-40,-35,-33,-31,-29,-33,-32,-31,-25,-31,-25,-31,-17,-29,-18,-33,-14,-31,-5,-30,0,-31,5,-30,11,-28,18,-29,17,-38,24,-42,28,-46,32,-45,33,-48,35,-58,34,-54,34,-57,32,-57,32,-63,38,-61,26,-65,42,-66,38,-67,37,-61,30,-70,30,-68,27,-65,24,-62,25,-63,20,-62,22,-63,23,-62,16,-55,16,-59,12,-55,16,-53,10,-47,17,-47,12,-44,7,-48,14,-47,11,-42,15,-47,11,-46,8,0,0,0,0,0,0,0,0,0,0,0,0,0,0,0,0,0,0,0,0,0,0,36,33,36,32,33,41,31,37,31,33,23,34,33,34,31,31,36,40,33,40,33,46,36,47,38,51,32,52,35,54,27,48,29,53,31,56,28,49,30,55,27,51,23,50,22,44,24,41,23,43,27,36,22,31,31,38,28,26,35,26,31,28,26,27,31,20,36,23,35,21,34,16,35,12,37,12,41,9,40,9,40,3,45,2,42,4,40,0,47,-3,35,0,35,3,34,-3,36,-4,29,-9,32,-16,33,-19,28,-27,31,-28,33,-34,39,-36,34,-51,0,0]",1
CSI_DATA,62261,1a:00:00:00:00:00,-38,11,1,0,1,1,1,0,0,0,1,-97,0,11,2,835956044,0,44,0,384,0,"[0,0,0,0,0,0,0,0,0,0,0,0,-10,5,-10,5,-9,5,-9,4,-8,4,-8,4,-7,4,-7,4,-6,4,-5,4,-5,4,-4,4,-3,4,-2,4,-2,5,0,5,0,6,1,6,2,7,2,8,2,9,2,10,2,11,2,11,2,11,2,12,0,0,1,12,2,12,2,12,2,13,1,13,1,13,0,13,0,13,-1,12,-1,12,-1,12,-1,11,-1,11,-1,10,-1,10,-2,10,-1,9,-2,9,-2,8,-2,8,-2,8,-1,8,-1,7,-1,8,-2,8,-2,8,0,0,0,0,0,0,0,0,0,0,0,0,0,0,60,21,54,23,58,22,53,24,53,18,50,28,40,23,44,16,43,19,48,18,38,16,41,12,39,3,37,3,35,-2,31,-4,33,-8,31,-15,29,-18,25,-25,24,-26,32,-34,23,-36,27,-41,32,-48,35,-51,40,-56,41,-51,39,-50,40,-51,39,-51,47,-54,50,-57,43,-57,41,-55,50,-55,60,-55,57,-47,61,-58,55,-46,53,-47,50,-46,55,-41,50,-37,45,-39,45,-35,45,-33,47,-33,47,-28,40,-27,37,-26,40,-28,41,-27,35,-26,43,-25,35,-23,41,-22,0,0,0,0,0,0,0,0,0,0,0,0,0,0,0,0,0,0,0,0,0,0,-47,-10,-49,-5,-48,-11,-44,-16,-45,-14,-48,-19,-44,-12,-47,-17,-52,-14,-54,-15,-51,-22,-58,-23,-58,-27,-58,-29,-54,-33,-52,-29,-56,-27,-51,-33,-53,-32,-54,-36,-49,-38,-42,-35,-44,-29,-46,-29,-42,-26,-37,-22,-43,-20,-45,-17,-41,-21,-45,-14,-40,-11,-47,-12,-44,-9,-45,-6,-41,-10,-41,-5,-42,-1,-37,0,-41,4,-35,6,-41,12,-42,17,-39,14,-38,12,-42,14,-34,17,-39,19,-37,19,-28,17,-27,24,-22,22,-24,34,-18,38,-23,40,-19,45,-18,53,-25,49,0,0]",1
CSI_DATA,62262,1a:00:00:00:00:00,-38,11,1,0,1,1,1,0,0,0,1,-97,0,11,2,835976025,0,44,0,384,0,"[0,0,0,0,0,0,0,0,0,0,0,0,-4,9,-3,8,-3,8,-3,7,-3,7,-2,7,-2,7,-1,6,-1,6,-1,6,0,5,0,5,1,4,2,4,3,3,4,3,5,2,6,3,7,3,8,3,9,4,10,4,10,5,11,6,10,6,10,6,0,0,10,7,11,6,11,6,11,7,11,8,10,8,10,9,9,9,9,9,8,8,8,8,8,8,7,7,7,8,7,7,6,7,6,7,6,6,5,6,5,6,5,6,5,6,5,5,5,5,5,5,5,6,0,0,0,0,0,0,0,0,0,0,0,0,0,0,46,-28,49,-27,48,-35,50,-26,47,-26,47,-22,42,-24,39,-28,36,-25,32,-23,32,-28,25,-26,22,-28,23,-21,21,-31,14,-30,9,-27,4,-31,-2,-27,-4,-32,-10,-38,-18,-38,-21,-42,-22,-45,-22,-51,-28,-54,-30,-57,-24,-62,-25,-65,-20,-68,-21,-66,-22,-74,-19,-73,-24,-72,-24,-71,-18,-77,-22,-75,-18,-78,-12,-72,-13,-74,-9,-66,-10,-67,-5,-66,-8,-62,-7,-64,-11,-63,-3,-61,-6,-58,-4,-53,-4,-52,-3,-43,-3,-45,-4,-42,-7,-47,-4,-47,-6,-41,1,-46,0,0,0,0,0,0,0,0,0,0,0,0,0,0,0,0,0,0,0,0,0,0,-41,28,-42,23,-42,27,-48,20,-45,21,-46,20,-39,23,-43,25,-47,25,-53,24,-53,24,-59,21,-62,22,-59,19,-59,19,-53,18,-59,14,-59,19,-57,15,-55,15,-55,14,-56,11,-47,11,-45,15,-43,15,-35,19,-42,20,-43,21,-36,18,-40,22,-42,27,-38,27,-34,29,-29,30,-35,33,-29,31,-31,27,-27,29,-25,34,-17,34,-17,36,-16,37,-13,40,-16,41,-18,36,-16,40,-17,41,-9,30,-12,31,-7,35,3,28,11,34,13,39,16,30,18,35,24,43,28,42,0,0]",1
CSI_DATA,62263,1a:00:00:00:00:00,-39,11,1,0,1,1,1,0,0,0,1,-97,0,11,2,835986084,0,44,0,384,0,"[0,0,0,0,0,0,0,0,0,0,0,0,-1,-10,-1,-9,-1,-9,-1,-8,-1,-8,-2,-7,-2,-7,-2,-7,-2,-6,-3,-6,-3,-5,-3,-4,-4,-3,-4,-3,-5,-2,-6,-1,-7,-1,-8,0,-8,1,-9,1,-10,1,-12,1,-12,0,-13,0,-13,0,-13,0,0,0,-13,-1,-14,-1,-14,-1,-14,-1,-14,-1,-14,-2,-14,-2,-14,-3,-13,-3,-13,-3,-12,-3,-12,-3,-12,-3,-11,-3,-11,-3,-10,-3,-10,-3,-10,-2,-9,-2,-9,-2,-9,-2,-8,-2,-9,-2,-8,-2,-9,-2,-8,-2,0,0,0,0,0,0,0,0,0,0,0,0,0,0,-34,40,-41,39,-41,37,-31,40,-37,37,-37,33,-35,35,-35,27,-21,32,-20,28,-21,25,-19,30,-7,34,-12,27,-5,27,0,26,2,25,6,25,10,26,18,18,26,24,34,24,36,26,37,25,40,33,50,40,50,36,51,37,49,43,51,50,47,48,51,48,46,44,53,45,54,48,57,50,50,56,50,57,41,59,43,57,43,54,42,52,32,51,39,53,34,49,32,47,34,46,34,42,28,39,28,36,29,39,28,35,25,39,24,37,27,37,29,32,24,38,0,0,0,0,0,0,0,0,0,0,0,0,0,0,0,0,0,0,0,0,0,0,38,-29,39,-31,40,-24,42,-27,39,-27,37,-24,38,-29,40,-29,42,-32,48,-33,46,-32,57,-29,52,-26,57,-23,55,-22,53,-22,48,-27,51,-27,52,-22,51,-23,52,-20,46,-22,47,-17,42,-20,37,-23,38,-29,40,-30,37,-33,37,-37,33,-33,31,-35,33,-36,26,-32,28,-35,23,-34,23,-38,20,-39,22,-38,17,-38,16,-41,8,-40,7,-45,4,-44,4,-43,4,-44,6,-39,3,-43,5,-38,-3,-41,-11,-34,-9,-27,-13,-25,-21,-29,-26,-31,-31,-32,-33,-34,-36,-34,0,0]",1
CSI_DATA,62264,1a:00:00:00:00:00,-39,11,1,0,1,1,1,0,0,0,1,-97,0,11,2,835996019,0,44,0,384,0,"[0,0,0,0,0,0,0,0,0,0,0,0,5,7,5,7,4,6,4,6,4,5,4,5,4,4,3,4,4,3,4,2,4,1,3,1,3,0,3,-1,3,-2,3,-3,3,-4,4,-5,4,-6,5,-7,6,-7,7,-8,7,-8,8,-9,8,-9,8,-9,0,0,9,-9,9,-9,9,-9,10,-9,10,-9,11,-8,11,-8,11,-7,11,-7,10,-7,10,-7,9,-6,9,-6,9,-6,8,-6,8,-6,8,-5,8,-5,7,-5,7,-5,7,-4,7,-4,7,-5,6,-5,7,-5,7,-5,0,0,0,0,0,0,0,0,0,0,0,0,0,0,17,-51,10,-58,9,-52,3,-53,11,-52,10,-45,6,-45,12,-47,2,-41,3,-41,2,-37,-4,-35,-3,-32,-1,-30,-10,-25,-12,-27,-16,-16,-21,-12,-17,-10,-23,-2,-29,-9,-34,-2,-41,1,-44,7,-53,-1,-62,3,-65,-2,-59,-2,-64,-5,-66,-5,-66,-8,-68,-8,-73,-6,-71,-7,-76,-7,-74,-6,-73,-12,-76,-12,-71,-18,-73,-17,-65,-17,-61,-23,-61,-14,-61,-21,-65,-19,-58,-11,-53,-16,-60,-16,-53,-13,-50,-18,-50,-12,-44,-13,-45,-11,-45,-13,-46,-7,-48,-13,-42,-15,0,0,0,0,0,0,0,0,0,0,0,0,0,0,0,0,0,0,0,0,0,0,-7,45,-13,45,-18,49,-17,44,-17,43,-15,41,-13,45,-16,45,-16,53,-15,55,-20,50,-26,54,-27,60,-30,58,-28,49,-25,56,-28,54,-26,52,-25,48,-32,45,-29,50,-30,48,-25,44,-20,39,-15,43,-13,46,-5,46,-13,48,-11,44,-7,43,-1,47,-4,47,1,48,-1,43,4,46,5,45,3,44,10,41,12,40,14,42,13,39,24,41,22,38,23,44,22,39,21,36,20,31,20,28,22,26,25,25,20,19,34,16,32,10,34,6,37,7,48,5,45,9,0,0]",1
CSI_DATA,62265,1a:00:00:00:00:00,-39,11,1,0,1,1,1,0,0,0,1,-97,0,11,2,836008577,0,44,0,384,0,"[0,0,0,0,0,0,0,0,0,0,0,0,1,9,1,9,1,8,1,8,1,7,1,6,1,6,1,6,2,5,2,4,2,4,2,3,2,2,2,1,3,-1,4,-2,4,-2,5,-3,6,-4,7,-4,8,-5,9,-5,10,-5,11,-5,11,-5,11,-5,0,0,11,-5,12,-5,12,-5,13,-5,13,-4,13,-4,13,-3,13,-2,13,-2,12,-2,12,-2,11,-2,11,-2,10,-2,11,-2,10,-2,10,-2,9,-2,9,-2,9,-2,9,-2,8,-2,8,-2,8,-2,8,-2,8,-2,0,0,0,0,0,0,0,0,0,0,0,0,0,0,32,-46,30,-37,34,-41,36,-41,33,-35,33,-36,26,-34,24,-33,20,-32,16,-34,14,-38,16,-30,11,-25,9,-19,5,-24,-2,-24,-5,-21,-10,-19,-13,-18,-21,-14,-24,-15,-27,-15,-35,-13,-37,-15,-42,-15,-50,-17,-50,-19,-56,-28,-59,-26,-57,-24,-55,-32,-64,-27,-58,-32,-65,-32,-63,-33,-65,-38,-61,-35,-62,-39,-58,-42,-61,-41,-57,-44,-52,-39,-51,-42,-55,-35,-48,-37,-44,-34,-45,-32,-45,-32,-44,-32,-37,-30,-40,-32,-35,-27,-36,-30,-39,-29,-37,-24,-37,-28,-33,-30,0,0,0,0,0,0,0,0,0,0,0,0,0,0,0,0,0,0,0,0,0,0,-38,32,-42,33,-40,30,-41,26,-44,27,-40,28,-40,25,-41,30,-42,35,-42,37,-49,36,-53,35,-54,31,-57,30,-60,27,-53,27,-52,28,-53,28,-55,27,-50,29,-46,23,-51,25,-47,22,-42,24,-37,23,-40,32,-32,35,-36,36,-33,36,-30,40,-32,40,-25,36,-24,38,-28,40,-25,44,-18,41,-15,41,-11,43,-16,46,-11,38,-4,47,-3,44,-4,47,-1,46,-5,52,-3,44,3,42,-1,37,5,39,4,36,7,34,14,30,21,29,18,29,32,29,34,30,36,29,0,0]",1
CSI_DATA,62266,1a:00:00:00:00:00,-39,11,1,0,1,1,1,0,0,0,1,-97,0,11,2,836016013,0,44,0,384,0,"[0,0,0,0,0,0,0,0,0,0,0,0,9,2,9,2,8,1,8,2,7,1,7,1,7,1,6,0,6,0,5,0,5,-1,4,-1,3,-2,2,-2,1,-3,0,-4,0,-5,-1,-6,-1,-7,-1,-9,-1,-9,-1,-11,-1,-11,-1,-12,-1,-12,0,-12,0,0,0,-13,0,-13,0,-14,0,-14,0,-14,1,-14,2,-14,2,-14,2,-14,2,-13,2,-13,2,-12,2,-11,2,-11,2,-11,2,-11,2,-10,1,-10,1,-10,1,-9,2,-9,1,-9,1,-9,0,-9,1,-9,1,-9,0,0,0,0,0,0,0,0,0,0,0,0,0,0,-22,-48,-21,-51,-27,-46,-21,-51,-26,-40,-21,-43,-18,-43,-23,-38,-20,-34,-22,-33,-15,-32,-24,-30,-26,-26,-19,-19,-23,-16,-20,-10,-19,-6,-13,0,-21,5,-23,12,-23,14,-25,14,-25,21,-29,25,-36,30,-39,35,-41,34,-41,39,-41,37,-46,42,-46,44,-53,38,-54,38,-48,47,-52,45,-57,42,-58,33,-59,37,-61,35,-60,31,-58,27,-54,30,-58,32,-49,26,-50,32,-51,29,-47,25,-47,27,-51,22,-43,21,-43,19,-42,19,-38,25,-34,21,-38,23,-39,21,-41,21,0,0,0,0,0,0,0,0,0,0,0,0,0,0,0,0,0,0,0,0,0,0,17,45,17,47,13,49,7,48,11,48,9,43,12,48,12,49,13,53,18,55,8,60,10,62,8,62,7,65,3,63,5,63,6,59,2,63,7,54,2,61,0,59,-1,59,4,52,4,48,7,45,12,41,18,44,15,46,14,45,21,42,21,40,24,38,21,40,21,38,26,38,31,38,28,34,31,30,33,25,39,28,36,23,35,21,41,20,46,21,39,21,43,24,44,19,37,19,37,17,37,9,33,0,32,-2,35,-4,36,-11,41,-18,36,-23,40,-16,0,0]",1
CSI_DATA,62267,1a:00:00:00:00:00,-39,11,1,0,1,1,1,0,0,0,1,-97,0,11,2,836026034,0,44,0,384,0,"[0,0,0,0,0,0,0,0,0,0,0,0,-10,2,-10,2,-9,2,-9,2,-9,2,-8,2,-8,2,-7,2,-7,2,-6,2,-5,2,-4,2,-3,2,-2,2,-1,2,0,3,1,3,2,4,3,5,3,6,4,7,4,8,4,8,4,9,4,9,4,10,0,0,4,10,5,10,5,11,5,11,5,12,4,13,3,12,3,12,2,12,2,12,2,11,2,11,2,10,2,10,2,10,2,10,2,9,1,9,1,8,1,8,1,8,1,8,2,7,2,7,2,8,1,8,0,0,0,0,0,0,0,0,0,0,0,0,0,0,46,32,41,30,43,30,41,32,38,34,42,28,37,35,38,30,36,30,34,24,36,20,33,20,27,18,29,16,23,11,21,5,24,-1,16,-7,10,-10,12,-13,11,-20,12,-27,14,-31,18,-43,19,-38,20,-45,24,-50,25,-52,29,-54,31,-56,33,-61,32,-53,31,-60,32,-63,33,-61,36,-61,41,-59,44,-57,43,-59,43,-55,43,-48,41,-51,40,-48,38,-47,38,-47,37,-43,38,-39,41,-42,34,-43,33,-31,36,-41,28,-36,30,-36,30,-32,30,-35,27,-42,32,-35,0,0,0,0,0,0,0,0,0,0,0,0,0,0,0,0,0,0,0,0,0,0,-47,-32,-40,-34,-39,-33,-42,-38,-38,-34,-33,-35,-35,-30,-38,-38,-43,-37,-49,-40,-48,-44,-44,-49,-48,-49,-44,-53,-37,-52,-36,-51,-41,-53,-35,-55,-40,-50,-37,-53,-32,-53,-33,-46,-28,-46,-30,-40,-28,-38,-32,-36,-38,-38,-40,-33,-38,-27,-41,-29,-43,-23,-45,-27,-41,-26,-40,-22,-49,-20,-45,-20,-48,-12,-45,-12,-46,-11,-45,-7,-43,0,-50,-2,-46,-2,-53,4,-53,-1,-52,-4,-48,1,-44,3,-43,4,-36,14,-34,8,-33,19,-35,16,-32,22,-31,28,-31,36,-26,39,0,0]",1
CSI_DATA,62268,1a:00:00:00:00:00,-39,11,1,0,1,1,1,0,0,0,1,-97,0,11,2,836046014,0,44,0,384,0,"[0,0,0,0,0,0,0,0,0,0,0,0,-3,9,-3,9,-3,9,-3,9,-3,8,-3,8,-3,7,-2,7,-3,7,-2,6,-1,6,-1,5,-1,4,0,3,1,2,2,2,3,1,4,1,4,0,6,0,7,0,8,1,9,1,9,1,9,2,9,2,0,0,10,2,10,2,10,2,11,2,11,2,11,3,11,3,11,4,10,4,10,4,9,3,9,3,9,3,9,3,8,3,8,3,8,3,7,3,7,3,7,2,6,3,6,2,6,2,6,2,7,2,6,2,0,0,0,0,0,0,0,0,0,0,0,0,0,0,53,-26,51,-16,54,-20,51,-23,48,-19,51,-18,47,-19,55,-22,46,-17,43,-20,36,-19,38,-16,38,-18,31,-16,29,-13,29,-14,21,-16,15,-19,10,-17,2,-17,-7,-23,-12,-24,-13,-27,-19,-32,-20,-37,-24,-40,-17,-48,-24,-50,-16,-49,-29,-51,-19,-55,-25,-57,-23,-52,-26,-55,-23,-54,-22,-64,-19,-62,-19,-67,-14,-62,-13,-64,-13,-53,-10,-60,-13,-59,-14,-56,-13,-54,-11,-52,-13,-55,-10,-50,-9,-45,-11,-46,-4,-44,-6,-44,-10,-41,-5,-39,-2,-40,-7,-39,-9,-45,0,0,0,0,0,0,0,0,0,0,0,0,0,0,0,0,0,0,0,0,0,0,-43,25,-44,25,-40,19,-46,21,-45,18,-47,16,-47,19,-46,21,-46,24,-51,20,-58,24,-63,21,-67,20,-66,15,-69,17,-60,14,-67,21,-64,20,-67,17,-67,9,-66,3,-60,6,-53,9,-58,11,-51,7,-46,15,-48,17,-51,16,-42,19,-44,25,-39,24,-41,26,-37,28,-42,29,-37,31,-37,31,-32,28,-26,30,-25,40,-27,38,-21,41,-15,40,-22,49,-18,47,-21,44,-13,46,-20,43,-19,45,-17,44,-12,42,-4,41,3,43,2,45,8,37,7,47,16,45,15,42,0,0]",1
CSI_DATA,62269,1a:00:00:00:00:00,-39,11,1,0,1,1,1,0,0,0,1,-97,0,11,2,836056029,0,44,0,384,0,"[0,0,0,0,0,0,0,0,0,0,0,0,-1,-12,-1,-12,-1,-11,-1,-11,-1,-11,-1,-10,-1,-10,-1,-9,-1,-9,-1,-8,-1,-8,-1,-7,-1,-6,-2,-5,-2,-4,-3,-3,-4,-2,-5,-1,-6,0,-7,0,-8,0,-9,0,-10,0,-11,0,-11,0,-11,0,0,0,-11,-1,-11,0,-12,0,-12,0,-13,0,-13,-1,-13,-2,-12,-2,-12,-2,-11,-2,-11,-2,-11,-2,-11,-3,-10,-2,-10,-2,-10,-2,-9,-2,-9,-2,-9,-2,-8,-2,-8,-2,-8,-2,-8,-2,-8,-1,-8,-1,-8,-2,0,0,0,0,0,0,0,0,0,0,0,0,0,0,-47,41,-43,38,-46,44,-39,45,-43,39,-45,42,-40,37,-36,37,-33,39,-31,36,-35,36,-31,36,-25,32,-26,32,-25,27,-15,19,-15,22,-16,21,-6,18,5,19,11,22,15,21,19,23,27,23,27,25,29,35,32,37,36,36,35,46,37,45,39,46,40,40,37,49,39,45,42,45,41,50,43,50,34,55,39,55,32,48,30,50,30,42,27,51,29,49,26,47,25,50,31,40,20,41,25,42,23,39,22,33,18,35,19,32,18,34,21,33,20,33,22,35,0,0,0,0,0,0,0,0,0,0,0,0,0,0,0,0,0,0,0,0,0,0,27,-40,33,-40,33,-38,34,-40,32,-39,32,-35,30,-36,33,-42,34,-43,40,-47,44,-50,42,-50,48,-46,51,-45,55,-40,50,-36,48,-44,51,-45,50,-44,52,-38,55,-34,49,-37,50,-31,49,-28,41,-29,37,-36,33,-31,36,-35,34,-37,29,-39,23,-40,26,-41,23,-39,22,-38,23,-39,19,-41,20,-42,11,-46,10,-42,12,-48,5,-47,2,-40,-3,-49,-3,-51,-2,-54,-7,-59,-5,-51,-6,-43,-8,-48,-8,-39,-11,-44,-20,-42,-24,-36,-26,-41,-34,-37,-35,-31,-31,-34,0,0]",1
CSI_DATA,62270,1a:00:00:00:00:00,-39,11,1,0,1,1,1,0,0,0,1,-97,0,11,2,836066012,0,44,0,384,0,"[0,0,0,0,0,0,0,0,0,0,0,0,5,9,5,9,5,8,5,8,5,8,5,8,4,8,4,7,3,7,4,6,3,6,3,5,3,4,3,3,3,2,3,1,3,-1,4,-2,5,-2,5,-3,6,-4,7,-4,8,-4,8,-4,9,-4,9,-4,0,0,10,-4,10,-4,10,-4,10,-5,11,-4,11,-4,11,-3,11,-3,11,-3,10,-2,10,-2,10,-2,9,-2,9,-2,9,-2,8,-2,8,-1,8,-1,7,-1,7,-1,7,-1,7,-1,6,-2,6,-2,6,-2,6,-1,0,0,0,0,0,0,0,0,0,0,0,0,0,0,16,-61,19,-61,21,-60,22,-63,12,-60,23,-60,12,-50,14,-58,10,-53,14,-58,14,-47,13,-43,9,-44,10,-41,6,-39,5,-33,3,-32,-3,-25,-1,-24,-15,-18,-16,-15,-22,-12,-28,-11,-36,-15,-39,-21,-46,-12,-49,-23,-51,-15,-51,-17,-53,-17,-57,-22,-57,-27,-58,-26,-60,-25,-57,-23,-64,-27,-53,-32,-59,-33,-56,-32,-51,-40,-49,-36,-49,-29,-48,-36,-48,-29,-45,-31,-45,-28,-40,-33,-39,-27,-36,-33,-36,-27,-32,-28,-33,-23,-34,-24,-31,-22,-34,-20,-37,-23,-35,-29,0,0,0,0,0,0,0,0,0,0,0,0,0,0,0,0,0,0,0,0,0,0,-3,51,-8,50,-5,51,-14,49,-11,49,-7,48,-13,50,-13,49,-11,53,-11,58,-13,60,-20,65,-19,66,-23,67,-25,63,-26,59,-24,62,-24,61,-23,65,-30,60,-28,54,-29,55,-32,51,-26,49,-23,47,-20,51,-14,47,-10,52,-11,44,-7,51,-3,45,-8,48,-1,46,-2,48,5,44,6,48,2,46,11,43,16,44,21,45,20,43,23,42,24,43,25,44,29,43,18,48,22,43,27,41,27,36,29,30,29,25,32,21,39,21,38,19,45,18,49,8,51,14,0,0]",1
CSI_DATA,62271,1a:00:00:00:00:00,-39,11,1,0,1,1,1,0,0,0,1,-97,0,11,2,836086040,0,44,0,384,0,"[0,0,0,0,0,0,0,0,0,0,0,0,10,1,10,1,10,1,10,1,10,1,9,1,9,1,9,1,8,0,7,0,7,0,6,0,5,-1,4,-1,4,-2,3,-3,2,-4,2,-5,1,-6,1,-7,1,-8,2,-9,2,-10,2,-10,3,-11,3,-11,0,0,3,-11,3,-11,3,-11,3,-12,3,-12,4,-12,5,-12,5,-12,5,-11,5,-11,5,-11,5,-10,5,-10,5,-9,5,-9,5,-9,5,-8,4,-8,4,-8,4,-7,4,-7,3,-7,3,-7,3,-7,3,-7,3,-7,0,0,0,0,0,0,0,0,0,0,0,0,0,0,-45,-45,-36,-49,-43,-48,-42,-51,-42,-45,-42,-46,-43,-39,-39,-48,-42,-45,-39,-41,-37,-34,-35,-31,-36,-33,-34,-30,-31,-27,-31,-25,-28,-15,-26,-8,-25,-10,-26,-2,-25,5,-24,10,-27,16,-31,24,-33,26,-37,27,-40,29,-44,34,-45,33,-45,32,-46,31,-51,33,-57,32,-53,42,-48,33,-64,36,-58,32,-62,37,-60,27,-62,28,-57,26,-61,24,-60,21,-57,18,-54,19,-53,15,-53,14,-50,13,-47,12,-43,10,-47,11,-45,11,-37,13,-35,10,-39,13,-38,8,-41,11,0,0,0,0,0,0,0,0,0,0,0,0,0,0,0,0,0,0,0,0,0,0,42,22,39,29,38,28,40,31,38,31,37,31,38,30,36,31,47,33,48,36,42,43,44,48,44,49,42,47,38,53,35,46,39,48,36,48,36,49,41,53,34,53,34,51,27,47,31,49,28,40,34,36,35,36,33,33,37,30,36,31,36,24,39,30,42,29,38,24,40,22,39,19,42,19,38,16,43,15,43,10,45,1,39,3,48,5,48,4,47,0,41,0,45,0,44,-4,42,-5,38,-13,39,-12,38,-23,38,-27,36,-26,35,-33,41,-35,36,-36,0,0]",1
CSI_DATA,62272,1a:00:00:00:00:00,-38,11,1,0,1,1,1,0,0,0,1,-97,0,11,2,836096045,0,44,0,384,0,"[0,0,0,0,0,0,0,0,0,0,0,0,-12,3,-11,3,-11,3,-11,3,-10,3,-10,3,-9,3,-9,3,-8,2,-8,3,-7,2,-6,2,-5,2,-5,3,-4,3,-3,3,-2,4,-1,5,0,5,1,6,1,7,1,8,1,9,1,10,1,10,1,10,0,0,1,11,1,11,1,11,1,12,1,12,0,12,0,12,-1,12,-1,12,-2,12,-2,11,-2,11,-2,10,-2,10,-2,10,-2,9,-2,9,-2,8,-2,8,-2,7,-2,7,-2,7,-2,7,-2,7,-2,7,-2,7,0,0,0,0,0,0,0,0,0,0,0,0,0,0,60,36,51,26,53,32,50,30,51,28,50,33,48,25,50,32,42,27,40,25,43,23,42,21,44,18,35,20,31,16,31,14,31,8,20,6,27,-2,22,-6,25,-11,22,-18,23,-23,22,-29,29,-32,29,-40,31,-39,34,-39,34,-40,34,-41,36,-44,43,-44,40,-41,44,-53,43,-48,50,-48,50,-46,53,-46,50,-42,52,-41,51,-38,47,-37,52,-31,45,-32,47,-33,44,-32,46,-29,40,-28,40,-24,39,-23,40,-21,36,-20,33,-26,35,-20,34,-22,35,-19,33,-16,0,0,0,0,0,0,0,0,0,0,0,0,0,0,0,0,0,0,0,0,0,0,-47,-11,-46,-15,-45,-15,-45,-22,-43,-18,-42,-19,-44,-16,-46,-21,-50,-20,-56,-23,-53,-25,-58,-30,-52,-33,-53,-34,-50,-38,-52,-33,-55,-37,-49,-32,-50,-36,-53,-40,-46,-45,-45,-42,-35,-39,-40,-33,-41,-31,-40,-27,-44,-24,-41,-24,-43,-18,-45,-20,-43,-18,-48,-17,-43,-17,-45,-13,-42,-9,-47,-11,-44,-7,-41,-4,-45,2,-43,2,-45,3,-40,6,-48,11,-43,10,-46,9,-44,16,-44,11,-44,10,-42,13,-39,15,-32,22,-28,27,-32,28,-27,27,-29,39,-32,39,-32,43,0,0]",1
CSI_DATA,62273,1a:00:00:00:00:00,-38,11,1,0,1,1,1,0,0,0,1,-97,0,11,2,836106033,0,44,0,384,0,"[0,0,0,0,0,0,0,0,0,0,0,0,8,-8,8,-8,7,-7,7,-7,7,-7,7,-7,6,-7,6,-6,6,-6,5,-6,5,-6,4,-6,3,-5,2,-5,1,-5,0,-5,-1,-5,-2,-5,-3,-6,-4,-6,-4,-7,-5,-8,-5,-8,-6,-9,-6,-9,-6,-10,0,0,-6,-11,-6,-10,-6,-11,-6,-11,-6,-11,-5,-12,-5,-12,-4,-12,-4,-12,-3,-11,-4,-11,-3,-11,-3,-11,-3,-11,-2,-10,-2,-10,-2,-9,-2,-9,-2,-9,-2,-8,-2,-8,-2,-8,-2,-8,-2,-8,-2,-8,-2,-8,0,0,0,0,0,0,0,0,0,0,0,0,0,0,-59,-16,-56,-9,-63,-15,-60,-12,-62,-10,-58,-9,-59,-13,-54,-13,-51,-12,-54,-7,-52,-11,-47,-12,-47,-7,-43,-4,-42,-3,-37,0,-29,1,-31,5,-23,13,-20,15,-16,20,-16,20,-15,26,-12,33,-13,38,-16,40,-15,42,-14,47,-20,46,-23,51,-24,52,-21,58,-23,54,-23,51,-22,58,-29,61,-31,58,-29,56,-31,59,-27,55,-33,48,-29,49,-31,50,-30,50,-32,45,-33,45,-30,42,-26,43,-28,42,-29,33,-30,39,-23,34,-19,33,-23,30,-18,33,-24,34,-28,33,0,0,0,0,0,0,0,0,0,0,0,0,0,0,0,0,0,0,0,0,0,0,46,-2,49,2,47,1,47,9,49,5,49,7,43,3,46,6,52,1,57,6,62,8,56,11,58,10,57,19,59,21,53,20,57,20,55,17,60,18,57,24,58,26,54,26,49,22,48,18,44,15,49,8,46,9,48,8,46,6,50,3,48,0,45,0,43,0,48,-5,45,-6,48,-7,46,-8,47,-9,47,-13,38,-16,41,-18,34,-23,42,-24,40,-28,34,-27,40,-27,36,-30,33,-25,32,-30,23,-22,24,-34,15,-33,18,-32,13,-38,11,-45,15,-49,10,-56,0,0]",1
CSI_DATA,62274,1a:00:00:00:00:00,-38,11,1,0,1,1,1,0,0,0,1,-97,0,11,2,836126044,0,44,0,384,0,"[0,0,0,0,0,0,0,0,0,0,0,0,0,-12,0,-12,0,-11,0,-11,-1,-11,-1,-10,-1,-10,-1,-9,-1,-9,-1,-8,-1,-8,-2,-7,-2,-7,-2,-6,-3,-5,-4,-4,-4,-4,-5,-3,-6,-2,-7,-2,-8,-2,-9,-2,-10,-3,-11,-3,-11,-3,-11,-3,0,0,-12,-4,-12,-4,-12,-4,-13,-4,-13,-5,-13,-5,-12,-6,-12,-6,-11,-6,-11,-6,-10,-6,-10,-6,-10,-6,-9,-6,-9,-6,-9,-5,-8,-6,-8,-5,-8,-5,-7,-5,-7,-5,-7,-5,-7,-5,-7,-4,-7,-4,-7,-5,0,0,0,0,0,0,0,0,0,0,0,0,0,0,-42,40,-46,41,-41,51,-44,38,-41,45,-44,41,-41,40,-40,37,-39,37,-33,41,-30,32,-27,36,-29,36,-24,35,-23,29,-20,31,-13,25,-9,27,-6,23,-2,28,6,25,7,27,16,25,18,33,21,31,30,39,30,45,33,45,31,49,33,53,31,49,31,55,31,50,33,51,32,60,36,62,29,54,24,67,26,58,26,60,18,58,15,57,20,58,20,53,15,48,16,55,10,50,13,47,10,47,10,40,13,44,14,40,14,39,10,39,9,35,16,38,8,40,0,0,0,0,0,0,0,0,0,0,0,0,0,0,0,0,0,0,0,0,0,0,19,-43,23,-43,20,-37,28,-45,22,-41,20,-41,26,-42,23,-48,30,-52,28,-53,36,-51,36,-51,45,-49,40,-46,40,-46,40,-46,39,-45,42,-47,47,-47,46,-46,48,-42,44,-38,44,-35,43,-36,34,-33,33,-39,29,-38,25,-42,26,-42,21,-44,22,-44,20,-47,17,-48,17,-43,19,-48,16,-49,15,-44,11,-43,10,-44,-1,-44,3,-44,-7,-45,-1,-47,-3,-47,-4,-47,2,-44,-4,-46,-7,-42,-14,-45,-12,-43,-13,-37,-21,-36,-27,-40,-22,-31,-37,-35,-40,-37,-40,-36,0,0]",1
CSI_DATA,62275,1a:00:00:00:00:00,-38,11,1,0,1,1,1,0,0,0,1,-97,0,11,2,836136019,0,44,0,384,0,"[0,0,0,0,0,0,0,0,0,0,0,0,7,9,6,9,6,8,6,8,6,7,6,7,6,7,6,6,5,6,5,5,5,5,5,4,4,3,4,2,5,1,4,0,5,-1,5,-2,5,-3,6,-4,7,-4,8,-5,8,-5,9,-6,10,-6,10,-6,0,0,11,-5,11,-5,11,-6,12,-6,12,-5,13,-5,13,-4,12,-3,12,-3,12,-3,11,-3,11,-2,10,-2,10,-2,9,-2,10,-2,9,-2,8,-2,8,-2,8,-2,8,-1,7,-1,7,-2,7,-2,7,-2,7,-2,0,0,0,0,0,0,0,0,0,0,0,0,0,0,17,-61,15,-64,17,-56,13,-59,16,-55,13,-54,15,-58,14,-53,16,-50,8,-47,8,-45,9,-45,9,-45,1,-39,2,-40,0,-34,-2,-31,-5,-29,-9,-27,-12,-24,-19,-23,-24,-20,-30,-20,-29,-21,-40,-19,-42,-23,-45,-25,-48,-26,-50,-28,-55,-31,-59,-31,-53,-35,-53,-35,-50,-29,-52,-41,-61,-40,-54,-43,-55,-47,-53,-45,-50,-43,-46,-46,-46,-40,-44,-42,-43,-45,-40,-43,-37,-42,-33,-41,-31,-38,-26,-39,-30,-32,-29,-34,-22,-30,-26,-33,-28,-34,-28,-29,-29,-36,-26,-28,0,0,0,0,0,0,0,0,0,0,0,0,0,0,0,0,0,0,0,0,0,0,10,46,8,44,6,45,3,45,7,46,2,46,2,49,4,49,4,54,5,54,-2,56,-4,66,-7,62,-4,60,-11,62,-8,58,-11,61,-10,58,-8,60,-12,59,-18,60,-14,57,-15,48,-14,49,-12,45,-9,45,-5,48,-9,48,-3,47,-2,47,2,51,2,49,2,45,5,45,11,45,11,44,11,43,15,45,15,39,19,37,22,39,28,40,27,41,28,36,27,38,30,35,27,37,25,32,31,30,29,29,30,22,38,19,36,19,36,17,44,12,49,14,58,17,0,0]",1
CSI_DATA,62276,1a:00:00:00:00:00,-38,11,1,0,1,1,1,0,0,0,1,-97,0,11,2,836146035,0,44,0,384,0,"[0,0,0,0,0,0,0,0,0,0,0,0,-10,-6,-10,-6,-9,-6,-9,-6,-9,-5,-9,-5,-8,-5,-8,-4,-8,-4,-7,-4,-7,-3,-7,-3,-6,-2,-6,-1,-5,0,-5,1,-5,1,-5,2,-5,3,-5,4,-6,5,-7,6,-7,7,-8,7,-8,7,-8,7,0,0,-9,7,-9,7,-9,7,-10,8,-10,7,-11,7,-11,6,-11,6,-11,5,-11,5,-10,5,-10,4,-10,4,-9,4,-9,4,-9,3,-9,3,-8,3,-8,3,-7,2,-8,3,-7,2,-7,3,-7,3,-7,3,-7,2,0,0,0,0,0,0,0,0,0,0,0,0,0,0,7,65,12,59,14,62,12,60,8,56,15,60,7,54,10,49,12,53,10,50,17,43,10,44,11,40,10,37,17,34,11,33,14,26,21,20,21,18,20,15,28,7,31,7,37,4,39,2,48,1,52,-4,54,6,55,7,58,8,59,5,61,7,63,8,65,5,67,3,67,10,66,10,64,8,64,13,66,17,67,19,59,22,59,21,56,26,55,19,54,21,51,22,48,16,50,20,44,21,43,17,39,16,40,16,37,17,38,20,37,15,36,18,37,20,0,0,0,0,0,0,0,0,0,0,0,0,0,0,0,0,0,0,0,0,0,0,-29,-33,-26,-37,-25,-40,-28,-41,-28,-39,-26,-42,-29,-41,-27,-42,-32,-50,-29,-53,-27,-53,-27,-55,-27,-59,-22,-59,-22,-60,-20,-55,-23,-61,-21,-61,-25,-59,-23,-57,-17,-58,-15,-55,-11,-60,-15,-52,-16,-51,-15,-52,-19,-47,-21,-48,-25,-43,-24,-41,-26,-41,-28,-44,-30,-40,-32,-42,-29,-40,-33,-38,-28,-36,-32,-34,-31,-31,-35,-30,-39,-23,-41,-27,-44,-23,-42,-21,-39,-25,-47,-18,-46,-22,-44,-17,-44,-11,-41,-12,-41,-13,-46,-4,-42,3,-45,9,-46,9,-54,8,-52,11,0,0]",1
CSI_DATA,62277,1a:00:00:00:00:00,-38,11,1,0,1,1,1,0,0,0,1,-97,0,11,2,836166022,0,44,0,384,0,"[0,0,0,0,0,0,0,0,0,0,0,0,-10,5,-10,5,-9,5,-9,5,-9,5,-9,5,-8,5,-8,5,-8,4,-6,4,-6,4,-6,4,-5,4,-4,4,-3,4,-2,4,-1,5,0,5,1,6,1,6,2,7,2,8,2,9,2,9,2,10,2,10,0,0,2,11,2,11,2,11,2,11,2,12,1,12,0,12,0,12,-1,11,-1,11,-1,10,-1,10,-1,10,-1,9,-1,9,-1,9,-1,8,-1,8,-1,8,-1,7,-1,7,-1,7,-1,7,-1,7,-2,7,-2,7,0,0,0,0,0,0,0,0,0,0,0,0,0,0,60,11,60,16,64,17,59,16,53,15,59,18,52,15,54,16,53,11,51,14,43,13,45,7,40,7,40,8,38,5,34,5,33,-2,32,-2,29,-9,25,-9,25,-19,18,-20,22,-24,16,-36,19,-36,23,-44,22,-46,27,-48,33,-48,31,-51,30,-51,27,-53,30,-50,32,-55,32,-53,41,-59,37,-52,46,-51,41,-51,45,-48,41,-38,40,-45,38,-43,41,-39,39,-37,36,-35,36,-34,34,-39,36,-31,34,-27,31,-31,29,-27,28,-28,29,-27,28,-29,31,-27,33,-26,0,0,0,0,0,0,0,0,0,0,0,0,0,0,0,0,0,0,0,0,0,0,-49,2,-44,-2,-46,-4,-47,-5,-45,-9,-45,-4,-47,-4,-50,-1,-50,-5,-56,-7,-56,-11,-57,-14,-60,-12,-61,-18,-62,-14,-55,-19,-59,-16,-59,-17,-56,-15,-55,-23,-59,-23,-54,-22,-50,-16,-47,-19,-49,-17,-47,-11,-49,-9,-50,-11,-46,-7,-48,-5,-48,-6,-53,-2,-50,-2,-47,-2,-48,5,-44,7,-43,4,-48,9,-47,12,-45,13,-40,19,-44,19,-41,20,-39,22,-38,23,-39,19,-39,22,-36,29,-36,26,-27,25,-29,29,-20,34,-23,36,-19,31,-18,42,-25,52,-20,49,0,0]",1
CSI_DATA,62278,1a:00:00:00:00:00,-37,11,1,0,1,1,1,0,0,0,1,-97,0,11,2,836176022,0,44,0,384,0,"[0,0,0,0,0,0,0,0,0,0,0,0,4,-11,4,-11,4,-10,4,-10,3,-10,3,-9,3,-9,3,-9,3,-8,2,-8,2,-8,1,-7,1,-7,0,-6,-1,-6,-2,-5,-2,-5,-4,-5,-5,-5,-5,-5,-6,-6,-7,-7,-7,-7,-8,-8,-8,-8,-8,-8,0,0,-8,-9,-8,-9,-9,-10,-9,-10,-8,-10,-8,-11,-7,-11,-7,-11,-6,-11,-6,-11,-6,-10,-6,-10,-5,-10,-5,-10,-5,-9,-4,-9,-4,-9,-4,-9,-4,-8,-3,-8,-3,-8,-3,-8,-3,-7,-4,-7,-3,-8,-3,-8,0,0,0,0,0,0,0,0,0,0,0,0,0,0,-54,27,-58,19,-58,22,-55,22,-56,20,-54,19,-54,18,-54,18,-49,16,-50,17,-43,18,-42,20,-40,21,-39,18,-35,22,-34,12,-29,20,-27,17,-17,22,-14,24,-9,31,-5,27,-2,35,3,37,4,44,5,49,3,43,3,55,-2,56,0,57,-1,61,-1,65,-4,56,0,61,0,64,-6,67,-7,63,-9,67,-13,65,-12,60,-15,57,-13,56,-17,56,-14,53,-15,51,-14,49,-20,50,-20,46,-15,40,-14,40,-18,44,-9,38,-15,40,-15,41,-13,37,-15,38,-16,36,0,0,0,0,0,0,0,0,0,0,0,0,0,0,0,0,0,0,0,0,0,0,29,-39,31,-38,30,-35,34,-33,29,-34,30,-35,33,-34,34,-41,36,-43,37,-40,48,-37,48,-41,55,-35,54,-31,52,-36,49,-34,54,-34,50,-33,55,-31,55,-32,55,-29,53,-24,47,-22,48,-20,47,-19,44,-27,41,-27,42,-29,42,-29,37,-34,33,-30,41,-32,33,-33,34,-38,27,-33,31,-35,27,-34,30,-38,26,-39,23,-39,19,-40,17,-42,12,-42,18,-46,12,-45,11,-45,14,-45,11,-45,13,-46,6,-48,2,-40,-3,-44,-5,-44,-8,-44,-15,-45,-23,-52,-20,-48,0,0]",1
CSI_DATA,62279,1a:00:00:00:00:00,-37,11,1,0,1,1,1,0,0,0,1,-97,0,11,2,836186020,0,44,0,384,0,"[0,0,0,0,0,0,0,0,0,0,0,0,2,10,2,9,2,10,2,9,2,9,2,8,2,8,2,8,2,8,2,7,2,7,2,6,2,5,2,4,2,3,3,2,4,2,4,1,5,1,6,0,7,0,8,0,9,0,9,0,10,1,10,1,0,0,10,1,11,1,11,1,11,1,11,2,11,3,11,3,11,4,10,4,10,4,9,3,9,4,9,4,9,4,8,3,8,3,8,4,7,3,7,3,6,3,6,3,6,3,6,3,6,3,6,3,6,3,0,0,0,0,0,0,0,0,0,0,0,0,0,0,29,-54,29,-48,23,-52,27,-56,26,-52,28,-54,22,-48,25,-48,21,-46,23,-47,18,-48,22,-40,18,-41,13,-37,15,-40,10,-35,9,-38,2,-29,-7,-28,-11,-23,-13,-29,-18,-24,-23,-28,-26,-27,-31,-34,-37,-33,-39,-39,-37,-39,-45,-41,-40,-43,-43,-45,-41,-47,-38,-48,-41,-44,-42,-51,-44,-52,-42,-52,-40,-54,-37,-56,-35,-51,-29,-56,-28,-52,-30,-50,-30,-51,-27,-50,-27,-45,-24,-46,-23,-43,-17,-42,-20,-44,-21,-41,-16,-42,-15,-36,-18,-37,-21,-39,-18,-37,-16,-38,0,0,0,0,0,0,0,0,0,0,0,0,0,0,0,0,0,0,0,0,0,0,-1,46,-3,48,-7,47,-9,47,-6,47,-8,45,-8,47,-10,50,-6,51,-9,57,-13,60,-16,61,-19,62,-19,58,-22,61,-21,56,-17,60,-25,62,-26,58,-29,62,-30,55,-28,54,-26,49,-23,49,-21,48,-18,48,-19,44,-10,45,-10,48,-8,50,-7,50,-10,47,-9,49,-5,51,-5,51,-1,51,1,49,5,47,6,45,6,43,6,48,17,50,15,50,15,46,17,49,24,48,17,41,19,41,17,35,22,40,21,34,23,28,27,28,32,27,41,22,44,28,42,23,0,0]",1
CSI_DATA,62280,1a:00:00:00:00:00,-37,11,1,0,1,1,1,0,0,0,1,-97,0,11,2,836206017,0,44,0,384,0,"[0,0,0,0,0,0,0,0,0,0,0,0,9,4,9,3,9,3,9,3,9,3,8,3,8,2,8,2,7,2,7,2,7,2,6,1,5,1,5,0,4,-1,4,-2,3,-3,3,-4,3,-5,3,-6,4,-7,4,-8,5,-8,5,-8,6,-8,6,-9,0,0,6,-9,6,-10,6,-10,7,-10,7,-9,8,-10,8,-9,8,-9,8,-9,8,-8,8,-7,8,-7,8,-6,7,-6,7,-7,7,-6,7,-6,7,-5,6,-5,6,-5,6,-5,6,-5,5,-5,5,-5,6,-5,6,-4,0,0,0,0,0,0,0,0,0,0,0,0,0,0,-20,-48,-28,-58,-25,-50,-28,-52,-27,-50,-24,-52,-26,-44,-24,-46,-22,-42,-24,-44,-24,-39,-21,-36,-24,-36,-26,-34,-24,-33,-24,-26,-23,-26,-23,-19,-25,-13,-24,-7,-30,-6,-30,0,-35,5,-33,9,-38,12,-47,12,-50,12,-50,16,-53,15,-55,12,-53,15,-60,13,-57,10,-59,18,-60,16,-63,12,-68,9,-63,6,-67,4,-66,0,-59,0,-58,-3,-55,0,-58,1,-51,2,-53,1,-55,-3,-53,-5,-48,-7,-49,-1,-42,-5,-42,-3,-39,-6,-41,-3,-36,0,-43,-4,-40,-6,0,0,0,0,0,0,0,0,0,0,0,0,0,0,0,0,0,0,0,0,0,0,39,23,38,28,36,26,35,31,35,30,35,31,34,28,38,32,41,34,43,35,44,42,49,43,44,44,42,47,41,47,35,46,39,49,42,53,40,53,39,53,34,50,35,53,28,50,31,51,35,41,31,42,32,40,34,35,35,39,35,34,41,33,39,33,39,33,40,28,41,30,44,27,44,22,43,23,42,20,46,16,46,14,46,15,52,12,50,11,54,12,46,10,47,7,45,8,49,4,46,2,39,-4,46,-6,43,-9,46,-10,43,-12,44,-15,49,-22,0,0]",1
CSI_DATA,62281,1a:00:00:00:00:00,-37,11,1,0,1,1,1,0,0,0,1,-97,0,11,2,836216025,0,44,0,384,0,"[0,0,0,0,0,0,0,0,0,0,0,0,-11,-2,-11,-2,-11,-2,-10,-2,-10,-1,-10,-1,-10,-1,-9,-1,-9,-1,-8,0,-8,0,-7,0,-7,0,-6,1,-5,1,-4,2,-4,3,-3,4,-3,5,-3,6,-3,6,-3,7,-4,8,-4,9,-4,9,-4,9,0,0,-5,10,-5,10,-5,10,-5,10,-6,10,-7,10,-7,10,-7,9,-7,9,-7,9,-7,8,-7,8,-7,8,-7,7,-7,7,-7,7,-6,6,-6,6,-6,5,-6,5,-6,5,-5,5,-5,5,-5,5,-6,5,-5,5,0,0,0,0,0,0,0,0,0,0,0,0,0,0,27,58,22,55,25,50,20,49,28,52,18,52,24,46,18,46,22,43,21,41,23,38,19,37,27,38,24,32,25,27,21,24,23,25,24,18,23,16,22,10,22,5,24,-2,25,-7,33,-8,37,-11,45,-8,47,-11,47,-14,50,-10,55,-13,55,-12,57,-11,58,-13,60,-14,63,-10,62,-13,64,-9,66,-6,64,1,61,-5,61,-1,59,0,55,4,56,3,57,1,54,5,51,5,46,4,44,4,41,5,40,4,39,8,36,4,40,7,37,2,40,5,37,8,0,0,0,0,0,0,0,0,0,0,0,0,0,0,0,0,0,0,0,0,0,0,-41,-21,-40,-27,-38,-30,-36,-28,-36,-32,-31,-29,-37,-35,-37,-31,-42,-36,-44,-35,-41,-38,-46,-44,-45,-47,-46,-49,-40,-48,-41,-53,-42,-46,-41,-50,-43,-51,-40,-52,-36,-52,-35,-50,-33,-49,-32,-45,-31,-45,-32,-38,-34,-41,-35,-41,-38,-39,-38,-33,-38,-37,-41,-30,-40,-33,-39,-33,-41,-26,-41,-28,-46,-28,-44,-24,-47,-16,-52,-16,-44,-15,-50,-14,-47,-13,-55,-10,-51,-15,-49,-11,-52,-8,-51,-10,-46,-5,-49,-3,-45,1,-45,5,-43,4,-45,8,-47,12,-47,19,-49,19,0,0]",1
CSI_DATA,62282,1a:00:00:00:00:00,-37,11,1,0,1,1,1,0,0,0,1,-97,0,11,2,836236027,0,44,0,384,0,"[0,0,0,0,0,0,0,0,0,0,0,0,-9,6,-9,6,-9,6,-9,6,-8,5,-8,5,-7,5,-7,5,-7,5,-6,5,-6,4,-5,4,-5,4,-4,4,-3,4,-2,4,-1,4,0,4,1,5,2,5,2,6,3,7,3,8,3,8,3,9,3,9,0,0,3,10,3,10,3,10,3,11,3,11,2,11,2,11,1,11,0,11,0,10,0,10,0,10,0,10,0,9,0,9,-1,9,-1,9,-1,8,-1,7,-1,7,-1,7,-1,7,-1,6,-1,6,-1,6,-1,6,0,0,0,0,0,0,0,0,0,0,0,0,0,0,59,8,61,8,62,10,57,8,60,5,58,8,57,7,51,8,53,5,47,4,48,6,48,5,42,-1,42,-6,36,0,34,0,34,-2,29,-6,24,-9,20,-14,18,-15,16,-22,16,-24,15,-32,15,-34,18,-40,18,-42,22,-46,18,-49,17,-51,23,-51,23,-52,25,-51,23,-52,29,-56,30,-53,34,-54,39,-51,38,-50,39,-42,38,-47,32,-45,36,-43,34,-43,36,-41,35,-38,37,-36,33,-33,34,-29,31,-25,31,-27,28,-24,32,-22,27,-27,27,-25,25,-22,29,-25,0,0,0,0,0,0,0,0,0,0,0,0,0,0,0,0,0,0,0,0,0,0,-38,26,-40,25,-43,21,-44,16,-41,23,-41,20,-43,15,-42,22,-48,21,-49,23,-55,22,-57,22,-60,19,-61,17,-60,16,-60,14,-62,13,-61,13,-64,11,-65,10,-61,3,-63,6,-61,7,-55,4,-53,6,-55,8,-51,10,-53,13,-50,12,-49,15,-50,16,-50,18,-44,20,-47,18,-51,19,-45,21,-41,22,-41,28,-42,30,-38,27,-35,33,-36,39,-42,35,-36,38,-33,33,-32,43,-31,39,-29,38,-28,37,-25,40,-23,37,-20,39,-14,44,-13,43,-12,53,-15,51,-8,54,0,0]",1
CSI_DATA,62283,1a:00:00:00:00:00,-37,11,1,0,1,1,1,0,0,0,1,-97,0,11,2,836246023,0,44,0,384,0,"[0,0,0,0,0,0,0,0,0,0,0,0,5,-10,5,-10,5,-10,5,-10,4,-9,4,-9,4,-9,4,-9,4,-8,3,-8,3,-8,2,-7,2,-7,1,-6,0,-6,-1,-5,-2,-5,-3,-5,-4,-5,-5,-6,-5,-6,-6,-6,-7,-7,-7,-7,-7,-8,-7,-8,0,0,-8,-9,-8,-9,-8,-9,-8,-9,-8,-10,-8,-11,-7,-11,-7,-11,-6,-11,-6,-10,-6,-10,-5,-10,-5,-10,-5,-10,-4,-9,-4,-9,-4,-9,-4,-8,-3,-8,-3,-8,-3,-8,-3,-7,-3,-7,-3,-7,-3,-7,-3,-7,0,0,0,0,0,0,0,0,0,0,0,0,0,0,-62,-5,-58,-5,-62,2,-62,1,-57,1,-60,-2,-57,0,-58,0,-55,3,-50,-1,-55,2,-47,1,-52,5,-40,2,-39,6,-37,7,-34,12,-32,8,-25,15,-24,17,-19,26,-16,26,-15,29,-10,31,-17,36,-15,47,-8,46,-12,45,-12,50,-16,53,-14,52,-17,57,-22,54,-18,61,-21,54,-25,61,-26,60,-33,61,-31,56,-29,60,-28,52,-29,46,-33,46,-30,46,-29,43,-27,41,-29,43,-31,42,-32,34,-30,33,-29,32,-24,28,-24,31,-25,28,-25,32,-21,28,-25,31,0,0,0,0,0,0,0,0,0,0,0,0,0,0,0,0,0,0,0,0,0,0,38,-30,37,-31,41,-30,39,-23,38,-27,40,-23,37,-24,43,-25,46,-33,47,-30,53,-29,56,-26,58,-24,59,-25,61,-22,57,-19,59,-21,63,-21,63,-23,62,-11,62,-14,63,-12,57,-15,57,-11,52,-11,55,-13,51,-21,50,-20,46,-20,47,-22,45,-25,42,-24,42,-24,45,-26,44,-27,43,-30,39,-33,36,-35,36,-35,33,-39,33,-38,29,-40,34,-40,32,-46,27,-45,30,-49,31,-41,29,-39,26,-48,24,-41,19,-43,10,-47,9,-44,5,-48,-1,-55,2,-54,1,-59,0,0]",1
CSI_DATA,62284,1a:00:00:00:00:00,-37,11,1,0,1,1,1,0,0,0,1,-97,0,11,2,836256021,0,44,0,384,0,"[0,0,0,0,0,0,0,0,0,0,0,0,-2,10,-2,10,-2,10,-2,10,-1,10,-1,9,-1,9,-1,9,-1,8,-1,8,-1,7,0,7,0,6,1,5,1,5,2,4,2,3,3,3,4,3,5,2,6,3,7,3,8,3,8,3,8,3,9,3,0,0,9,4,10,4,10,4,10,4,10,5,10,5,10,6,9,6,9,6,8,6,8,6,8,6,7,6,7,6,7,6,6,5,6,6,6,5,6,5,5,5,5,5,5,5,5,4,4,4,5,4,4,4,0,0,0,0,0,0,0,0,0,0,0,0,0,0,46,-34,45,-35,47,-36,49,-39,42,-36,42,-39,41,-35,44,-35,41,-29,41,-36,40,-32,35,-31,32,-32,27,-31,26,-31,23,-28,23,-30,17,-26,11,-24,8,-26,3,-32,0,-30,-5,-28,-10,-35,-14,-37,-13,-38,-20,-43,-21,-44,-16,-47,-21,-52,-20,-50,-19,-54,-19,-54,-23,-55,-22,-60,-20,-66,-17,-62,-16,-64,-13,-65,-9,-63,-9,-58,-7,-61,-3,-53,-10,-52,-3,-55,-10,-50,-5,-50,-2,-51,0,-47,2,-44,1,-42,2,-39,1,-38,3,-40,-4,-39,-1,-35,3,-40,0,0,0,0,0,0,0,0,0,0,0,0,0,0,0,0,0,0,0,0,0,0,-15,41,-20,42,-19,39,-25,42,-20,37,-25,40,-19,41,-23,42,-25,45,-26,49,-28,51,-31,49,-36,51,-37,50,-40,46,-35,47,-38,51,-41,51,-43,46,-42,49,-40,46,-47,46,-40,40,-37,41,-35,43,-34,41,-30,41,-34,45,-28,45,-31,42,-26,45,-24,45,-26,45,-21,44,-25,46,-18,44,-19,41,-15,48,-15,48,-10,46,-5,51,2,47,-3,49,1,51,-1,53,-5,47,-1,50,3,48,3,48,9,46,7,39,15,44,18,44,22,41,25,40,26,45,31,44,0,0]",1
CSI_DATA,62285,1a:00:00:00:00:00,-37,11,1,0,1,1,1,0,0,0,1,-97,0,11,2,836266398,0,44,0,384,0,"[0,0,0,0,0,0,0,0,0,0,0,0,3,-11,3,-10,3,-10,3,-10,3,-10,2,-10,2,-10,2,-9,2,-9,2,-8,2,-8,1,-8,1,-7,0,-7,-1,-6,-1,-5,-2,-5,-3,-5,-4,-5,-5,-5,-6,-5,-7,-6,-7,-6,-8,-7,-8,-7,-8,-7,0,0,-9,-8,-9,-7,-9,-8,-9,-8,-9,-9,-9,-10,-8,-10,-8,-10,-7,-10,-7,-10,-6,-9,-6,-9,-6,-9,-6,-9,-5,-9,-5,-8,-5,-8,-5,-8,-4,-8,-4,-7,-4,-7,-4,-7,-4,-7,-4,-7,-4,-7,-4,-7,0,0,0,0,0,0,0,0,0,0,0,0,0,0,-61,15,-53,17,-59,19,-59,20,-61,15,-55,15,-54,20,-53,15,-53,21,-48,14,-51,18,-44,15,-45,19,-36,18,-38,17,-36,20,-36,21,-28,16,-21,20,-17,23,-17,29,-10,28,-6,29,-4,38,1,37,-2,45,-1,46,-5,51,-4,52,-5,57,-6,57,-9,58,-8,57,-3,61,-6,62,-9,61,-13,59,-15,60,-20,65,-23,61,-21,57,-20,54,-22,53,-20,52,-24,57,-17,47,-22,45,-21,45,-20,45,-24,36,-21,40,-17,34,-20,31,-18,32,-17,30,-17,36,-21,31,0,0,0,0,0,0,0,0,0,0,0,0,0,0,0,0,0,0,0,0,0,0,20,-44,23,-44,24,-34,30,-37,28,-37,25,-42,30,-37,28,-43,28,-44,30,-44,42,-46,39,-46,43,-47,44,-46,47,-44,43,-39,46,-43,47,-41,51,-43,54,-41,51,-41,53,-40,46,-35,47,-36,45,-34,42,-38,42,-36,41,-38,38,-38,36,-39,38,-35,35,-39,36,-40,30,-40,31,-40,30,-41,27,-46,22,-43,24,-48,19,-49,19,-50,12,-46,13,-48,21,-51,11,-55,15,-47,10,-48,12,-51,8,-50,6,-45,-3,-47,-6,-52,-3,-47,-7,-46,-16,-54,-10,-54,-16,-56,0,0]",1
CSI_DATA,62286,1a:00:00:00:00:00,-37,11,1,0,1,1,1,0,0,0,1,-97,0,11,2,836286045,0,44,0,384,0,"[0,0,0,0,0,0,0,0,0,0,0,0,-7,-9,-7,-8,-7,-8,-7,-8,-7,-8,-7,-8,-7,-7,-6,-7,-6,-7,-6,-6,-6,-6,-6,-6,-5,-5,-5,-4,-5,-3,-5,-2,-6,-1,-6,-1,-6,0,-7,1,-8,1,-8,2,-9,2,-10,2,-10,2,-10,2,0,0,-11,2,-11,2,-11,3,-12,3,-12,2,-12,2,-13,1,-12,0,-12,0,-12,0,-11,0,-11,-1,-10,-1,-10,-1,-10,-1,-10,-1,-10,-1,-9,-1,-9,-1,-8,-1,-8,-2,-8,-1,-8,-1,-7,-1,-8,-2,-7,-2,0,0,0,0,0,0,0,0,0,0,0,0,0,0,-4,60,-3,59,-2,59,-6,51,-1,59,1,54,1,50,-3,61,4,47,0,56,3,51,4,47,4,46,6,40,3,42,9,37,9,30,10,34,16,23,15,24,23,18,23,18,30,19,34,14,32,17,39,17,44,17,49,18,46,22,50,18,53,20,53,23,56,20,57,23,55,23,59,25,60,30,58,34,56,34,52,41,46,35,52,37,47,36,47,31,41,32,43,37,38,35,37,30,29,32,35,31,28,35,29,30,31,30,26,26,24,24,27,28,23,30,0,0,0,0,0,0,0,0,0,0,0,0,0,0,0,0,0,0,0,0,0,0,-33,-37,-31,-40,-25,-41,-27,-42,-23,-39,-25,-40,-22,-39,-23,-43,-33,-43,-31,-45,-28,-52,-29,-57,-28,-58,-22,-57,-23,-60,-25,-58,-23,-57,-22,-57,-22,-61,-20,-63,-16,-57,-17,-61,-13,-59,-22,-55,-16,-54,-20,-51,-19,-51,-26,-50,-23,-51,-25,-52,-26,-43,-28,-49,-30,-47,-29,-43,-32,-42,-33,-40,-35,-37,-29,-40,-35,-39,-36,-37,-42,-35,-38,-33,-43,-35,-43,-29,-46,-32,-50,-29,-48,-30,-44,-29,-44,-28,-44,-27,-41,-21,-44,-16,-47,-18,-44,-9,-49,-6,-49,-4,-59,-7,0,0]",1
CSI_DATA,62287,1a:00:00:00:00:00,-37,11,1,0,1,1,1,0,0,0,1,-97,0,11,2,836296018,0,44,0,384,0,"[0,0,0,0,0,0,0,0,0,0,0,0,9,4,9,4,8,4,9,4,8,3,8,3,8,3,8,3,7,3,7,2,7,2,6,2,6,1,5,0,5,0,5,-1,4,-2,4,-3,4,-4,5,-5,5,-5,6,-6,6,-6,7,-7,7,-7,7,-7,0,0,8,-7,8,-7,8,-8,8,-8,9,-7,9,-7,10,-6,10,-6,10,-6,9,-5,9,-5,9,-4,9,-4,9,-4,8,-4,8,-3,8,-3,8,-3,8,-3,7,-2,7,-2,6,-2,6,-2,6,-2,6,-2,6,-2,0,0,0,0,0,0,0,0,0,0,0,0,0,0,-7,-57,-5,-59,-11,-59,-10,-58,-13,-58,-7,-53,-12,-54,-12,-54,-12,-52,-11,-51,-8,-47,-12,-45,-12,-48,-12,-38,-10,-41,-16,-37,-16,-31,-15,-26,-18,-24,-20,-23,-24,-17,-26,-19,-34,-15,-38,-10,-44,-8,-51,-10,-47,-13,-50,-11,-54,-14,-53,-14,-58,-15,-56,-19,-55,-18,-61,-12,-59,-17,-64,-22,-61,-21,-63,-27,-59,-27,-54,-27,-54,-28,-48,-30,-51,-28,-49,-27,-45,-28,-50,-29,-42,-25,-45,-28,-38,-28,-36,-27,-35,-27,-33,-28,-33,-24,-36,-24,-29,-25,-31,-27,-30,-28,0,0,0,0,0,0,0,0,0,0,0,0,0,0,0,0,0,0,0,0,0,0,38,23,42,22,40,28,32,31,37,33,32,32,34,30,39,30,42,36,44,35,41,37,42,45,43,45,40,50,36,49,39,47,38,48,41,52,38,50,32,50,35,49,35,54,29,51,32,49,29,44,34,46,36,46,36,45,34,44,36,45,37,37,39,38,39,37,35,39,38,36,41,37,45,34,41,30,45,31,43,26,46,21,53,19,49,20,51,19,51,20,53,22,52,22,48,18,51,12,48,17,43,14,47,7,47,6,50,-3,52,-1,54,0,58,-3,0,0]",1
CSI_DATA,62288,1a:00:00:00:00:00,-37,11,1,0,1,1,1,0,0,0,1,-97,0,11,2,836326046,0,44,0,384,0,"[0,0,0,0,0,0,0,0,0,0,0,0,-11,3,-11,3,-11,2,-11,2,-10,2,-10,2,-10,2,-9,2,-9,2,-8,2,-8,2,-7,3,-6,2,-6,3,-5,3,-4,3,-3,4,-3,5,-2,6,-2,6,-2,7,-2,8,-2,8,-2,9,-3,9,-3,10,0,0,-4,10,-3,10,-4,10,-4,10,-4,11,-5,11,-5,10,-5,10,-6,10,-6,9,-6,9,-6,9,-6,8,-6,8,-6,7,-6,7,-6,6,-6,6,-6,6,-5,5,-6,5,-5,5,-5,5,-4,5,-5,5,-5,4,0,0,0,0,0,0,0,0,0,0,0,0,0,0,42,40,47,38,44,41,45,32,50,41,48,38,43,38,44,39,40,28,48,27,35,29,37,24,36,25,35,19,31,21,35,18,30,15,32,13,28,7,26,7,26,-1,27,-6,30,-13,37,-13,35,-17,42,-21,41,-24,48,-20,49,-18,48,-24,51,-16,56,-19,51,-16,50,-22,55,-21,56,-18,55,-17,61,-9,61,-5,65,-8,56,-7,55,-6,51,-1,55,-3,52,-3,50,-4,45,0,45,2,42,2,44,2,40,5,36,4,36,5,32,3,33,1,36,0,38,4,0,0,0,0,0,0,0,0,0,0,0,0,0,0,0,0,0,0,0,0,0,0,-41,17,-46,15,-41,11,-48,13,-43,7,-41,5,-48,11,-51,11,-50,11,-52,9,-57,8,-60,6,-61,5,-62,0,-62,-1,-56,-7,-59,-7,-59,1,-62,4,-61,-8,-60,-6,-61,-6,-54,-9,-54,-5,-48,-3,-54,-5,-56,-2,-55,0,-50,-1,-54,2,-54,-1,-56,3,-51,-2,-52,3,-55,7,-54,6,-51,10,-51,13,-52,9,-54,14,-52,16,-45,24,-51,19,-47,24,-48,23,-46,25,-49,22,-47,22,-46,28,-46,25,-42,26,-40,32,-39,34,-36,33,-33,39,-36,43,-40,41,0,0]",1
CSI_DATA,62289,1a:00:00:00:00:00,-37,11,1,0,1,1,1,0,0,0,1,-97,0,11,2,836337750,0,44,0,384,0,"[0,0,0,0,0,0,0,0,0,0,0,0,-5,10,-5,10,-5,9,-5,9,-4,9,-4,8,-4,8,-4,8,-4,8,-3,7,-3,7,-2,6,-2,6,-1,5,0,5,0,5,1,4,2,5,3,5,4,5,4,6,5,6,6,7,6,7,6,8,6,8,0,0,5,8,6,8,6,8,6,9,6,9,6,10,5,10,4,10,4,10,3,9,3,9,3,9,3,9,3,9,2,8,2,8,2,8,1,7,1,7,1,7,1,6,0,6,1,6,1,6,1,6,1,6,0,0,0,0,0,0,0,0,0,0,0,0,0,0,63,-18,63,-19,62,-18,58,-23,64,-19,63,-18,56,-18,55,-15,53,-16,51,-17,49,-18,46,-15,48,-16,40,-16,38,-18,35,-16,31,-24,27,-22,21,-19,19,-21,14,-28,15,-33,8,-35,7,-40,12,-40,7,-50,7,-56,9,-52,12,-53,11,-62,9,-56,16,-57,19,-57,15,-55,18,-60,15,-59,17,-59,24,-56,29,-59,29,-59,29,-56,26,-53,30,-53,22,-50,21,-43,30,-44,27,-39,29,-44,25,-35,30,-35,27,-28,27,-27,25,-29,22,-29,22,-25,25,-30,23,-27,0,0,0,0,0,0,0,0,0,0,0,0,0,0,0,0,0,0,0,0,0,0,-11,42,-20,43,-15,43,-20,40,-19,45,-22,36,-17,42,-23,45,-21,48,-26,54,-32,49,-36,54,-38,51,-34,49,-41,48,-41,45,-37,46,-35,48,-39,48,-44,46,-44,42,-46,43,-47,38,-40,42,-37,37,-39,41,-32,40,-34,39,-36,42,-31,45,-28,48,-31,46,-29,44,-30,42,-30,44,-27,50,-23,43,-21,47,-19,42,-17,49,-15,52,-12,49,-9,51,-9,55,-6,51,-7,59,-10,53,-5,48,-6,52,-1,48,2,49,5,51,3,49,12,49,14,55,16,55,13,55,0,0]",1
CSI_DATA,62290,1a:00:00:00:00:00,-37,11,1,0,1,1,1,0,0,0,1,-97,0,11,2,836356012,0,44,0,384,0,"[0,0,0,0,0,0,0,0,0,0,0,0,1,-12,1,-11,1,-11,1,-11,0,-10,0,-10,0,-10,0,-9,0,-9,0,-8,0,-8,-1,-8,-1,-7,-2,-6,-2,-6,-3,-5,-4,-5,-5,-5,-6,-5,-7,-5,-7,-5,-8,-5,-9,-6,-9,-6,-9,-7,-9,-7,0,0,-9,-8,-9,-8,-9,-8,-9,-8,-9,-8,-9,-9,-9,-9,-8,-9,-8,-9,-7,-9,-7,-9,-7,-9,-6,-8,-6,-9,-6,-8,-6,-8,-5,-8,-5,-8,-4,-8,-4,-7,-4,-7,-4,-7,-4,-6,-4,-6,-4,-6,-4,-6,0,0,0,0,0,0,0,0,0,0,0,0,0,0,-54,35,-51,35,-46,33,-47,34,-50,35,-49,36,-48,29,-47,27,-41,27,-40,33,-41,29,-35,24,-33,30,-35,32,-32,25,-27,30,-21,32,-17,30,-15,28,-10,25,-6,34,1,32,4,36,6,42,5,41,9,42,9,49,10,54,7,58,7,59,3,59,3,54,4,62,10,61,5,59,3,61,4,61,-2,62,-1,65,-5,62,-7,54,-8,52,-9,56,-7,54,-4,52,-8,47,-14,48,-12,45,-10,43,-5,38,-11,39,-15,34,-11,36,-9,33,-11,34,-11,32,-13,32,0,0,0,0,0,0,0,0,0,0,0,0,0,0,0,0,0,0,0,0,0,0,10,-40,13,-43,15,-45,20,-41,22,-46,19,-41,22,-40,16,-44,21,-50,22,-49,25,-45,29,-48,33,-49,33,-51,39,-49,35,-43,35,-51,34,-47,36,-44,36,-46,40,-50,40,-49,38,-42,35,-41,34,-41,30,-42,31,-44,31,-43,31,-44,28,-46,21,-47,23,-45,21,-44,24,-41,17,-45,14,-45,17,-44,15,-42,12,-43,5,-45,4,-42,3,-44,3,-49,6,-47,-3,-47,-1,-41,-5,-50,-9,-49,-4,-45,-13,-43,-11,-43,-16,-49,-12,-47,-18,-40,-22,-45,-28,-43,-33,-45,0,0]",1
CSI_DATA,62291,1a:00:00:00:00:00,-37,11,1,0,1,1,1,0,0,0,1,-97,0,11,2,836366026,0,44,0,384,0,"[0,0,0,0,0,0,0,0,0,0,0,0,2,10,3,10,3,10,3,9,3,9,2,9,2,8,2,8,2,8,2,7,3,7,3,6,3,5,3,5,3,4,4,3,5,2,5,2,7,1,7,1,8,1,9,1,9,2,10,1,11,2,11,2,0,0,11,3,11,3,11,2,11,3,11,3,12,4,11,4,11,5,10,5,10,5,9,5,9,5,9,5,8,5,8,5,8,5,7,4,7,4,7,4,6,4,6,4,6,4,5,4,5,4,5,4,5,4,0,0,0,0,0,0,0,0,0,0,0,0,0,0,27,-54,31,-53,23,-51,28,-55,28,-53,27,-51,25,-48,25,-53,19,-46,25,-44,23,-44,20,-47,15,-43,15,-41,12,-38,12,-35,8,-36,0,-36,-2,-30,0,-29,-9,-34,-17,-32,-21,-34,-24,-36,-27,-40,-33,-39,-31,-45,-31,-48,-35,-51,-38,-52,-31,-53,-34,-56,-35,-53,-36,-54,-32,-56,-33,-61,-28,-62,-25,-60,-24,-61,-19,-64,-20,-56,-14,-57,-15,-59,-20,-55,-18,-55,-16,-47,-16,-48,-13,-47,-10,-47,-7,-46,-8,-43,-7,-40,-2,-38,-4,-43,-8,-38,-6,-37,-2,-34,0,0,0,0,0,0,0,0,0,0,0,0,0,0,0,0,0,0,0,0,0,0,18,46,12,44,11,42,8,49,6,47,6,43,9,45,9,48,10,54,8,56,7,62,1,62,-7,60,-3,61,-3,57,-3,54,-2,61,-9,61,-6,62,-7,66,-9,64,-11,62,-12,58,-14,55,-9,56,-5,57,-4,57,-6,54,0,52,-2,55,-2,50,-4,50,-1,51,6,52,0,49,1,47,4,48,9,46,9,44,13,42,19,42,19,41,20,42,21,47,26,41,22,37,24,34,24,32,25,38,30,35,32,31,33,31,35,32,38,24,45,28,39,22,57,26,0,0]",1
CSI_DATA,62292,1a:00:00:00:00:00,-37,11,1,0,1,1,1,0,0,0,1,-97,0,11,2,836376036,0,44,0,384,0,"[0,0,0,0,0,0,0,0,0,0,0,0,-7,-9,-7,-8,-7,-8,-7,-8,-7,-8,-7,-7,-7,-7,-6,-7,-6,-6,-6,-6,-6,-6,-6,-5,-6,-4,-5,-3,-6,-3,-6,-1,-6,-1,-7,0,-7,1,-8,1,-8,2,-9,2,-10,2,-11,2,-11,2,-11,2,0,0,-12,2,-12,2,-12,2,-13,2,-12,1,-13,1,-13,0,-13,0,-12,-1,-12,-1,-12,-1,-11,-2,-11,-1,-10,-1,-10,-1,-10,-1,-10,-2,-9,-1,-9,-2,-8,-2,-8,-2,-8,-2,-8,-2,-7,-2,-7,-2,-7,-2,0,0,0,0,0,0,0,0,0,0,0,0,0,0,-14,53,-13,58,-9,51,-11,55,-11,54,-9,56,-12,57,-7,55,-6,50,-3,42,-2,45,-2,43,0,43,-2,46,2,40,4,39,1,39,6,34,9,28,15,27,21,27,25,17,27,19,34,24,36,21,40,24,44,31,47,30,42,33,48,33,45,34,53,40,48,35,50,36,49,37,52,44,47,37,46,47,43,50,44,47,39,44,36,43,38,46,34,45,34,43,32,39,25,40,32,42,28,36,25,33,22,36,21,35,19,33,17,32,19,32,16,32,14,32,0,0,0,0,0,0,0,0,0,0,0,0,0,0,0,0,0,0,0,0,0,0,-24,-41,-17,-47,-17,-43,-18,-47,-13,-45,-16,-46,-18,-41,-13,-46,-17,-51,-16,-55,-15,-59,-9,-59,-9,-60,-7,-59,-7,-63,-7,-57,-9,-65,-9,-60,-8,-63,-3,-64,-1,-62,-1,-65,-1,-59,-3,-57,1,-61,-2,-54,-11,-56,-6,-58,-10,-56,-4,-51,-11,-55,-2,-50,-7,-50,-13,-48,-15,-49,-15,-48,-15,-43,-17,-40,-21,-37,-24,-38,-24,-41,-30,-35,-28,-36,-34,-37,-30,-35,-35,-28,-40,-32,-36,-32,-37,-29,-36,-29,-37,-23,-43,-24,-43,-20,-40,-16,-50,-19,-54,-14,-50,-13,0,0]",1
CSI_DATA,62293,1a:00:00:00:00:00,-37,11,1,0,1,1,1,0,0,0,1,-97,0,11,2,836396013,0,44,0,384,0,"[0,0,0,0,0,0,0,0,0,0,0,0,-10,-2,-10,-2,-10,-2,-10,-2,-9,-2,-9,-2,-9,-2,-9,-1,-8,-1,-8,-1,-8,-1,-7,0,-7,0,-6,0,-5,1,-4,2,-4,3,-4,4,-4,4,-4,5,-4,6,-5,7,-5,7,-5,8,-6,8,-6,8,0,0,-6,8,-6,8,-7,9,-7,9,-7,9,-8,9,-8,8,-9,8,-9,7,-8,7,-8,7,-8,6,-8,6,-8,6,-8,5,-7,5,-8,5,-7,4,-7,4,-7,3,-7,3,-6,3,-6,3,-6,3,-6,3,-6,3,0,0,0,0,0,0,0,0,0,0,0,0,0,0,26,54,30,53,30,53,29,44,33,49,26,53,25,46,25,45,21,41,32,39,30,41,28,33,25,34,25,30,25,24,30,28,25,22,26,23,23,12,25,7,28,3,28,-2,33,-8,37,-6,38,-10,45,-13,45,-14,51,-11,57,-6,52,-14,56,-16,57,-10,53,-6,61,-10,59,-8,66,-8,65,-9,68,-4,62,-3,63,-1,59,2,60,-1,53,2,55,2,55,3,51,5,52,7,49,9,45,8,41,9,38,3,38,11,42,9,35,9,35,5,36,1,37,9,0,0,0,0,0,0,0,0,0,0,0,0,0,0,0,0,0,0,0,0,0,0,-45,-16,-45,-20,-41,-24,-44,-27,-45,-25,-39,-22,-43,-24,-45,-25,-47,-27,-48,-27,-52,-30,-52,-38,-53,-40,-53,-39,-45,-39,-45,-43,-49,-46,-48,-43,-48,-41,-44,-49,-45,-45,-44,-50,-45,-43,-42,-42,-44,-41,-46,-34,-45,-40,-47,-35,-44,-37,-46,-37,-40,-34,-46,-33,-39,-34,-40,-26,-43,-22,-39,-21,-41,-21,-43,-19,-43,-12,-45,-13,-51,-9,-45,-10,-53,-3,-47,-5,-55,2,-53,-9,-50,-4,-50,3,-52,-1,-47,3,-44,4,-50,14,-48,15,-47,14,-50,21,-50,22,-47,17,0,0]",1
CSI_DATA,62294,1a:00:00:00:00:00,-37,11,1,0,1,1,1,0,0,0,1,-97,0,11,2,836406047,0,44,0,384,0,"[0,0,0,0,0,0,0,0,0,0,0,0,10,-2,9,-2,10,-2,9,-2,9,-2,8,-2,8,-2,8,-2,8,-2,7,-2,7,-2,6,-3,5,-3,4,-3,3,-3,3,-4,2,-4,2,-6,1,-6,1,-7,1,-8,1,-9,1,-10,1,-10,1,-10,2,-10,0,0,2,-11,2,-11,2,-11,3,-12,3,-12,3,-12,4,-12,4,-12,5,-11,5,-11,4,-10,4,-10,4,-9,4,-9,5,-9,4,-8,4,-8,4,-7,4,-7,4,-7,4,-6,4,-6,4,-6,3,-6,4,-6,4,-6,0,0,0,0,0,0,0,0,0,0,0,0,0,0,-43,-38,-45,-42,-44,-40,-46,-37,-48,-38,-42,-36,-45,-36,-41,-37,-38,-35,-36,-27,-39,-27,-36,-31,-37,-25,-35,-22,-32,-22,-31,-15,-32,-13,-30,-10,-27,-10,-28,2,-26,8,-30,8,-32,17,-32,15,-38,18,-37,23,-43,24,-45,29,-49,29,-48,30,-49,30,-51,29,-47,30,-53,30,-55,34,-57,27,-59,28,-59,22,-64,18,-63,22,-61,19,-58,21,-54,14,-53,17,-53,9,-54,15,-52,13,-48,12,-46,2,-41,4,-43,6,-41,4,-41,5,-38,2,-36,6,-36,5,-37,1,0,0,0,0,0,0,0,0,0,0,0,0,0,0,0,0,0,0,0,0,0,0,44,-4,45,-2,47,3,48,8,46,6,46,4,47,6,48,8,52,2,55,11,57,10,60,14,58,15,59,19,52,21,60,21,65,21,59,20,58,21,59,24,58,26,53,25,58,27,51,25,53,21,55,19,51,18,51,22,52,18,52,12,51,15,50,12,51,11,46,11,50,11,46,7,48,3,46,3,42,-4,41,-3,43,-7,44,-11,49,-13,49,-14,43,-18,49,-14,50,-16,46,-18,49,-20,41,-18,39,-22,43,-26,40,-26,36,-32,40,-33,41,-38,37,-42,0,0]",1
CSI_DATA,62295,1a:00:00:00:00:00,-37,11,1,0,1,1,1,0,0,0,1,-97,0,11,2,836418167,0,44,0,384,0,"[0,0,0,0,0,0,0,0,0,0,0,0,10,-4,10,-3,10,-3,10,-4,9,-4,9,-4,8,-4,8,-4,7,-3,7,-3,7,-4,6,-3,5,-3,4,-4,3,-4,2,-5,2,-5,1,-6,0,-7,0,-7,0,-8,0,-9,0,-10,0,-10,0,-11,0,-11,0,0,0,-11,0,-12,0,-12,0,-12,1,-12,1,-13,2,-13,2,-12,3,-12,3,-11,3,-11,3,-11,3,-11,3,-10,3,-10,3,-9,3,-9,3,-9,3,-8,3,-8,3,-7,3,-7,3,-7,2,-7,3,-7,3,-7,0,0,0,0,0,0,0,0,0,0,0,0,0,0,-53,-40,-56,-36,-53,-38,-53,-34,-51,-32,-49,-33,-47,-34,-50,-31,-53,-30,-46,-26,-44,-22,-41,-25,-43,-24,-43,-19,-32,-15,-37,-12,-34,-9,-31,-5,-30,-3,-27,6,-30,9,-31,17,-23,12,-27,24,-31,27,-34,31,-36,34,-38,34,-42,36,-40,34,-45,35,-47,39,-45,37,-44,38,-47,42,-50,41,-56,37,-53,36,-52,35,-56,33,-56,34,-49,30,-51,29,-52,23,-52,29,-49,24,-49,25,-50,20,-44,17,-43,14,-40,12,-37,13,-39,12,-38,14,-31,11,-34,11,-37,9,0,0,0,0,0,0,0,0,0,0,0,0,0,0,0,0,0,0,0,0,0,0,46,2,50,-2,48,7,44,6,48,3,44,4,50,7,49,4,53,2,54,5,57,16,62,14,62,15,61,19,59,21,60,21,63,19,58,20,61,15,60,24,58,21,60,24,57,24,53,21,54,19,57,17,52,16,58,18,55,14,55,11,51,9,56,8,52,8,51,1,49,5,49,-1,50,0,49,-5,50,-4,52,-8,51,-17,45,-15,45,-17,48,-18,46,-23,47,-21,42,-26,48,-25,44,-27,40,-28,42,-29,39,-34,42,-37,34,-38,33,-42,31,-45,33,-53,0,0]",1
CSI_DATA,62296,1a:00:00:00:00:00,-37,11,1,0,1,1,1,0,0,0,1,-97,0,11,2,836426032,0,44,0,384,0,"[0,0,0,0,0,0,0,0,0,0,0,0,7,-8,7,-8,7,-8,7,-8,6,-8,6,-8,6,-7,6,-7,5,-7,5,-7,4,-7,3,-6,3,-6,2,-5,1,-5,0,-6,-1,-5,-2,-6,-3,-6,-4,-7,-4,-7,-5,-8,-5,-9,-6,-9,-5,-9,-5,-10,0,0,-5,-10,-6,-10,-6,-10,-6,-11,-6,-11,-5,-12,-5,-12,-4,-12,-4,-12,-4,-12,-4,-11,-4,-11,-3,-11,-3,-10,-3,-10,-2,-10,-2,-10,-2,-9,-1,-9,-1,-8,-1,-8,-1,-8,-1,-8,-2,-7,-2,-7,-1,-7,0,0,0,0,0,0,0,0,0,0,0,0,0,0,-66,-6,-57,-10,-61,-7,-55,-6,-57,-4,-57,-3,-58,-2,-60,-5,-53,-7,-54,-5,-49,4,-45,0,-42,3,-37,7,-40,3,-35,8,-30,6,-31,13,-27,13,-21,11,-19,19,-16,27,-14,29,-13,32,-19,41,-12,41,-15,50,-20,49,-21,52,-19,48,-20,54,-19,58,-22,52,-22,53,-19,56,-23,58,-28,61,-26,59,-27,59,-32,50,-28,51,-28,52,-30,51,-28,46,-30,45,-29,43,-32,45,-31,41,-31,39,-30,36,-30,33,-28,31,-30,28,-23,27,-22,30,-21,26,-26,26,0,0,0,0,0,0,0,0,0,0,0,0,0,0,0,0,0,0,0,0,0,0,37,-22,41,-23,38,-22,42,-19,43,-18,45,-19,43,-16,45,-19,49,-26,52,-28,53,-22,59,-20,62,-21,58,-13,59,-16,57,-15,58,-18,60,-13,69,-14,61,-10,63,-9,62,-9,55,-10,59,-11,57,-13,54,-16,51,-15,56,-17,51,-17,53,-22,46,-16,52,-19,48,-19,51,-20,49,-21,43,-24,41,-24,41,-27,37,-30,35,-29,36,-33,30,-37,33,-38,35,-37,36,-45,22,-45,25,-43,25,-39,26,-45,21,-43,19,-44,13,-46,13,-49,13,-50,5,-47,9,-57,12,-53,0,0]",1
CSI_DATA,62297,1a:00:00:00:00:00,-37,11,1,0,1,1,1,0,0,0,1,-97,0,11,2,836436019,0,44,0,384,0,"[0,0,0,0,0,0,0,0,0,0,0,0,-5,9,-4,9,-4,9,-4,8,-4,8,-4,8,-3,8,-3,7,-3,7,-3,7,-3,6,-2,6,-2,5,-1,5,0,4,1,4,2,3,3,3,4,3,5,4,6,4,6,4,6,5,7,6,7,6,7,6,0,0,7,7,7,6,8,6,8,7,8,7,8,8,7,8,7,8,6,8,6,8,6,8,6,8,5,8,5,7,5,7,4,7,4,7,4,7,3,6,3,6,3,6,3,6,2,6,2,5,2,6,2,5,0,0,0,0,0,0,0,0,0,0,0,0,0,0,58,-21,48,-26,53,-25,55,-23,51,-28,49,-27,49,-24,51,-27,46,-28,43,-31,41,-24,34,-28,37,-22,32,-24,29,-22,27,-26,18,-24,17,-21,12,-20,7,-27,3,-26,-2,-30,-4,-34,-4,-37,-8,-39,-8,-44,-9,-50,-11,-52,-4,-52,-9,-51,-13,-53,-10,-56,-5,-55,-10,-57,-12,-61,-8,-56,0,-61,-6,-63,7,-62,-3,-60,5,-62,0,-57,9,-58,2,-58,6,-54,5,-51,9,-48,5,-52,10,-49,11,-43,12,-46,11,-42,8,-39,10,-41,9,-38,8,-35,10,-36,0,0,0,0,0,0,0,0,0,0,0,0,0,0,0,0,0,0,0,0,0,0,-15,42,-16,38,-19,39,-22,40,-23,40,-24,36,-22,40,-25,42,-26,48,-29,48,-30,45,-36,51,-35,46,-37,47,-37,44,-39,45,-39,47,-45,48,-43,41,-43,41,-47,42,-45,43,-45,40,-42,40,-41,36,-33,41,-35,43,-34,44,-35,43,-32,46,-31,46,-28,45,-31,43,-32,40,-23,42,-22,45,-22,45,-20,51,-16,43,-16,45,-10,46,-11,54,-6,50,-8,50,-5,48,-2,52,-4,50,-7,46,1,49,4,49,9,46,9,47,13,46,14,42,20,48,21,48,25,52,0,0]",1
CSI_DATA,62298,1a:00:00:00:00:00,-37,11,1,0,1,1,1,0,0,0,1,-97,0,11,2,836469292,0,44,0,384,0,"[0,0,0,0,0,0,0,0,0,0,0,0,-11,-1,-11,-1,-11,-1,-11,-1,-10,-1,-10,-1,-9,-1,-9,-1,-9,0,-8,0,-8,0,-7,0,-7,1,-6,1,-6,1,-5,2,-4,3,-4,4,-3,5,-3,6,-3,6,-4,7,-4,8,-4,8,-5,9,-4,9,0,0,-5,9,-5,9,-5,10,-5,9,-5,10,-6,10,-6,10,-7,9,-7,9,-7,8,-7,8,-7,8,-7,8,-7,8,-7,7,-7,7,-7,6,-6,6,-6,5,-6,5,-6,5,-6,4,-6,4,-5,4,-5,4,-6,4,0,0,0,0,0,0,0,0,0,0,0,0,0,0,35,56,39,55,37,52,35,51,39,53,35,52,32,50,32,48,28,41,37,38,29,42,34,32,33,33,29,28,27,25,29,21,26,19,30,11,28,13,24,7,25,1,27,-5,36,-14,37,-12,35,-14,42,-19,46,-19,48,-20,50,-14,56,-19,57,-25,55,-21,49,-16,54,-25,56,-21,60,-22,60,-18,60,-18,65,-16,61,-13,55,-13,59,-11,59,-9,57,-13,53,-8,50,-11,53,-6,50,-3,49,-3,46,-1,46,-2,44,0,39,1,39,-3,36,0,38,-2,41,3,0,0,0,0,0,0,0,0,0,0,0,0,0,0,0,0,0,0,0,0,0,0,-46,-17,-45,-20,-41,-19,-41,-27,-45,-26,-36,-20,-43,-23,-42,-25,-44,-30,-51,-27,-49,-34,-51,-37,-49,-36,-47,-38,-47,-40,-43,-37,-46,-40,-48,-40,-47,-39,-43,-43,-43,-42,-43,-48,-43,-38,-44,-39,-42,-38,-43,-34,-47,-33,-46,-32,-45,-33,-49,-27,-46,-26,-45,-23,-48,-24,-50,-25,-50,-19,-46,-22,-50,-19,-48,-13,-48,-16,-49,-9,-54,-8,-50,-4,-52,-5,-54,-4,-50,0,-47,5,-49,5,-47,9,-51,9,-48,14,-40,16,-45,18,-53,27,-49,25,-46,29,-52,35,-49,28,0,0]",1
CSI_DATA,62299,1a:00:00:00:00:00,-37,11,1,0,1,1,1,0,0,0,1,-97,0,11,2,836476033,0,44,0,384,0,"[0,0,0,0,0,0,0,0,0,0,0,0,5,10,5,9,5,9,5,8,5,8,5,8,5,8,5,7,4,7,4,6,4,6,4,5,4,5,4,3,4,3,4,2,4,1,5,0,6,-1,7,-2,7,-2,8,-2,9,-2,9,-2,10,-2,10,-2,0,0,10,-2,10,-2,11,-2,11,-2,11,-2,12,-2,12,-1,12,0,11,0,11,0,11,0,10,0,10,0,10,1,10,1,9,1,9,1,8,1,8,2,8,2,7,2,7,2,7,2,6,1,7,2,6,2,0,0,0,0,0,0,0,0,0,0,0,0,0,0,11,-62,15,-60,11,-61,11,-64,7,-61,9,-58,8,-61,7,-51,7,-56,6,-52,5,-51,2,-44,-1,-48,3,-40,0,-41,-4,-36,-1,-35,-8,-32,-10,-29,-19,-26,-19,-24,-22,-20,-29,-19,-33,-23,-36,-21,-42,-21,-38,-22,-44,-26,-49,-28,-48,-27,-48,-28,-49,-33,-48,-31,-50,-28,-50,-29,-55,-36,-51,-35,-54,-37,-49,-40,-48,-43,-44,-40,-44,-36,-45,-38,-41,-38,-39,-38,-40,-38,-37,-39,-32,-39,-31,-36,-27,-37,-26,-34,-24,-36,-22,-35,-23,-31,-26,-36,-23,-32,-22,-32,0,0,0,0,0,0,0,0,0,0,0,0,0,0,0,0,0,0,0,0,0,0,28,31,27,36,25,39,20,39,26,41,24,42,24,39,24,44,26,43,29,46,21,52,26,58,18,56,22,57,18,58,19,54,18,56,21,60,20,59,12,60,12,55,12,62,13,56,12,56,15,52,15,51,18,50,16,52,15,47,21,48,22,47,22,50,20,44,22,45,23,42,28,45,27,43,25,41,29,38,34,38,35,34,35,33,40,36,39,32,42,32,40,25,40,25,41,21,42,22,45,19,46,18,46,12,53,10,51,6,54,9,53,5,57,12,0,0]",1
CSI_DATA,62300,1a:00:00:00:00:00,-36,11,1,0,1,1,1,0,0,0,1,-97,0,11,2,836486026,0,44,0,384,0,"[0,0,0,0,0,0,0,0,0,0,0,0,-9,-8,-8,-8,-8,-8,-8,-8,-8,-7,-8,-7,-8,-7,-8,-6,-7,-6,-7,-6,-7,-5,-7,-5,-6,-4,-6,-3,-6,-2,-6,-1,-6,0,-6,1,-6,2,-7,2,-7,3,-8,3,-9,3,-10,4,-10,4,-10,4,0,0,-10,4,-10,4,-11,4,-11,4,-11,4,-12,4,-12,3,-12,3,-12,3,-11,2,-12,2,-11,2,-11,2,-11,1,-10,1,-10,1,-10,1,-10,1,-9,0,-9,0,-8,0,-8,0,-8,0,-7,0,-8,0,-7,-1,0,0,0,0,0,0,0,0,0,0,0,0,0,0,5,59,0,67,2,63,3,58,4,58,3,58,8,54,8,56,7,53,4,49,9,45,6,47,9,41,9,42,8,39,10,37,11,33,11,31,10,25,17,23,22,14,26,18,31,10,29,12,35,14,44,8,46,8,47,13,48,13,49,15,47,17,47,18,50,15,54,16,54,16,54,21,58,23,56,26,55,24,49,24,52,25,49,29,45,30,47,32,43,31,40,29,42,30,36,28,30,29,33,27,30,30,27,26,28,25,27,23,22,22,24,20,24,25,0,0,0,0,0,0,0,0,0,0,0,0,0,0,0,0,0,0,0,0,0,0,-37,-23,-34,-32,-33,-32,-31,-33,-34,-35,-37,-31,-29,-32,-36,-35,-39,-34,-38,-38,-37,-41,-33,-51,-36,-45,-36,-46,-27,-51,-30,-48,-33,-49,-33,-51,-31,-50,-28,-48,-28,-54,-28,-53,-24,-51,-24,-48,-24,-45,-27,-44,-31,-49,-30,-42,-30,-44,-34,-42,-29,-41,-35,-42,-30,-39,-34,-35,-36,-38,-35,-37,-35,-36,-40,-32,-38,-30,-38,-30,-38,-24,-44,-22,-46,-26,-45,-20,-46,-20,-49,-14,-45,-15,-47,-15,-46,-12,-52,-8,-51,-5,-47,-2,-52,-3,-53,-5,-61,3,-54,4,-58,7,0,0]",1
CSI_DATA,62301,1a:00:00:00:00:00,-36,11,1,0,1,1,1,0,0,0,1,-97,0,11,2,836506032,0,44,0,384,0,"[0,0,0,0,0,0,0,0,0,0,0,0,-11,-2,-11,-2,-11,-2,-11,-2,-10,-2,-10,-1,-10,-1,-9,-1,-9,-1,-9,-1,-8,-1,-8,-1,-7,0,-7,0,-6,0,-5,1,-5,2,-4,3,-4,4,-4,5,-4,6,-4,6,-5,7,-5,7,-6,8,-5,8,0,0,-6,8,-6,8,-6,8,-6,9,-7,9,-7,9,-8,9,-8,8,-8,8,-8,7,-8,7,-8,7,-8,6,-7,6,-8,6,-8,6,-7,5,-7,5,-7,5,-7,4,-7,4,-6,4,-6,4,-6,3,-6,3,-6,3,0,0,0,0,0,0,0,0,0,0,0,0,0,0,35,49,33,42,40,45,34,40,33,39,38,45,35,39,37,35,37,37,30,37,33,34,33,32,33,32,33,27,29,28,30,23,24,24,27,20,27,14,24,11,26,5,27,-3,33,-6,31,-9,34,-11,38,-17,41,-17,45,-16,44,-13,47,-16,49,-16,53,-13,51,-19,51,-19,52,-18,57,-16,57,-17,56,-17,62,-12,60,-11,56,-3,56,-10,60,-5,54,-7,50,-5,50,-1,49,-3,48,-2,42,0,42,2,38,2,39,5,39,3,34,6,34,1,36,3,38,6,0,0,0,0,0,0,0,0,0,0,0,0,0,0,0,0,0,0,0,0,0,0,-45,-1,-48,-8,-45,-7,-45,-8,-43,-9,-46,-6,-47,-14,-48,-8,-52,-9,-54,-11,-58,-16,-55,-20,-60,-20,-54,-19,-56,-22,-54,-19,-59,-25,-55,-24,-54,-28,-55,-29,-57,-31,-53,-29,-47,-31,-49,-31,-50,-32,-51,-23,-48,-21,-50,-20,-49,-20,-52,-17,-49,-16,-50,-19,-48,-15,-47,-12,-49,-11,-50,-10,-49,-9,-49,-7,-53,-5,-49,-3,-51,2,-48,3,-55,2,-49,8,-49,9,-54,3,-48,10,-43,10,-46,10,-48,15,-47,18,-45,22,-42,21,-44,29,-43,24,-44,35,-45,33,0,0]",1
CSI_DATA,62302,1a:00:00:00:00:00,-36,11,1,0,1,1,1,0,0,0,1,-97,0,11,2,836516034,0,44,0,384,0,"[0,0,0,0,0,0,0,0,0,0,0,0,10,-2,10,-3,10,-3,10,-3,9,-3,9,-3,9,-3,9,-3,8,-3,8,-3,7,-3,7,-3,6,-3,5,-3,5,-3,3,-4,3,-4,2,-5,1,-5,1,-6,1,-7,1,-8,1,-9,1,-9,1,-10,1,-10,0,0,2,-11,2,-11,1,-11,2,-11,2,-12,3,-12,3,-12,3,-11,4,-12,4,-11,4,-11,4,-10,4,-10,4,-9,4,-9,4,-9,4,-8,4,-8,4,-8,4,-7,4,-7,4,-7,4,-7,3,-6,4,-6,3,-6,0,0,0,0,0,0,0,0,0,0,0,0,0,0,-50,-38,-51,-34,-51,-35,-49,-33,-53,-35,-50,-34,-49,-23,-48,-26,-46,-29,-50,-25,-45,-21,-48,-18,-42,-22,-41,-17,-37,-21,-40,-18,-36,-13,-33,-8,-29,-9,-31,1,-28,5,-29,11,-27,14,-28,16,-30,18,-37,29,-38,28,-39,27,-39,29,-43,30,-47,28,-49,31,-42,31,-48,33,-45,37,-55,35,-54,33,-55,30,-54,27,-59,26,-55,24,-54,25,-50,19,-52,18,-53,20,-54,20,-51,14,-48,13,-49,10,-46,11,-40,9,-38,6,-35,9,-36,7,-39,7,-37,7,-39,3,0,0,0,0,0,0,0,0,0,0,0,0,0,0,0,0,0,0,0,0,0,0,44,-13,47,-14,45,-12,45,-10,47,-7,47,-6,50,-5,50,-7,53,-7,57,-8,60,-5,60,1,64,1,64,3,61,2,62,3,65,4,63,3,68,2,61,7,67,11,62,9,60,12,55,10,59,5,56,6,60,6,56,6,54,4,56,0,55,0,59,-1,51,-1,54,-3,53,-7,53,-8,51,-6,43,-9,48,-15,47,-17,50,-15,47,-19,47,-24,48,-28,48,-27,43,-24,49,-26,48,-27,48,-28,46,-31,39,-31,38,-37,40,-36,32,-35,35,-48,35,-44,34,-44,0,0]",1
CSI_DATA,62303,1a:00:00:00:00:00,-37,11,1,0,1,1,1,0,0,0,1,-97,0,11,2,836526043,0,44,0,384,0,"[0,0,0,0,0,0,0,0,0,0,0,0,-9,5,-9,5,-9,5,-9,5,-9,5,-8,5,-8,5,-8,5,-8,4,-7,4,-7,5,-6,4,-6,4,-5,4,-4,4,-3,4,-2,4,-1,4,0,5,1,5,1,6,2,7,2,7,2,8,2,8,2,9,0,0,2,9,2,9,2,9,2,10,2,10,2,11,1,11,1,11,0,11,0,10,0,10,0,10,0,9,0,9,-1,9,-1,9,-1,8,-1,8,-1,8,-1,7,-2,7,-1,7,-1,6,-1,6,-1,6,-1,6,0,0,0,0,0,0,0,0,0,0,0,0,0,0,57,27,51,26,50,23,50,22,54,24,49,23,51,17,49,20,47,19,49,19,46,17,45,19,44,18,41,14,39,9,35,11,34,9,31,2,28,4,24,-5,23,-12,23,-13,23,-19,24,-21,26,-26,25,-32,26,-35,33,-38,31,-38,34,-36,32,-39,36,-42,36,-41,28,-42,40,-44,38,-47,41,-44,47,-42,47,-41,48,-38,44,-36,44,-34,44,-36,39,-32,42,-28,43,-29,43,-27,41,-24,41,-24,36,-24,38,-21,35,-18,35,-19,32,-19,31,-20,29,-18,32,-12,0,0,0,0,0,0,0,0,0,0,0,0,0,0,0,0,0,0,0,0,0,0,-42,10,-46,11,-46,12,-48,3,-45,5,-45,3,-49,4,-50,5,-51,6,-56,7,-62,3,-57,5,-65,-2,-59,-4,-60,-5,-62,-2,-65,-4,-65,-4,-69,-5,-60,-9,-62,-12,-66,-13,-62,-9,-59,-12,-54,-9,-55,-4,-55,-6,-55,-2,-56,3,-55,4,-53,-1,-54,5,-49,2,-50,6,-49,10,-52,10,-49,9,-44,16,-51,17,-48,18,-46,22,-45,24,-48,29,-45,28,-48,26,-37,33,-45,31,-45,33,-41,34,-36,34,-38,35,-38,39,-37,39,-30,40,-33,45,-33,51,-25,51,0,0]",1
CSI_DATA,62304,1a:00:00:00:00:00,-37,11,1,0,1,1,1,0,0,0,1,-97,0,11,2,836546031,0,44,0,384,0,"[0,0,0,0,0,0,0,0,0,0,0,0,-5,9,-5,8,-4,8,-4,8,-4,8,-4,8,-4,8,-4,8,-4,7,-3,7,-3,7,-3,6,-2,5,-2,5,-1,4,0,4,1,3,2,3,3,3,3,3,5,3,5,4,6,4,7,4,7,5,7,5,0,0,7,5,8,5,8,5,8,6,9,6,9,7,8,7,8,8,7,8,7,8,7,8,6,7,6,7,6,7,6,7,5,7,5,7,5,7,4,7,3,6,3,6,3,6,3,5,3,5,3,5,3,5,0,0,0,0,0,0,0,0,0,0,0,0,0,0,57,-16,57,-21,51,-21,51,-24,51,-23,51,-23,48,-24,47,-24,47,-22,45,-28,41,-23,41,-22,40,-20,35,-23,31,-21,33,-21,28,-22,21,-21,18,-23,14,-17,7,-22,6,-24,3,-28,-7,-30,-7,-34,-11,-38,-11,-41,-12,-49,-12,-46,-16,-50,-13,-54,-10,-57,-11,-54,-14,-59,-15,-56,-10,-64,-10,-65,-4,-67,-1,-66,0,-61,5,-60,5,-59,4,-59,1,-53,5,-56,3,-54,2,-53,8,-52,11,-47,4,-45,11,-45,12,-40,8,-38,7,-38,7,-39,8,-34,8,-34,0,0,0,0,0,0,0,0,0,0,0,0,0,0,0,0,0,0,0,0,0,0,-23,41,-28,38,-29,40,-28,37,-30,35,-29,35,-27,38,-34,38,-34,42,-36,43,-44,40,-43,42,-47,43,-49,41,-48,42,-46,36,-51,44,-49,41,-52,41,-53,40,-55,36,-53,38,-50,33,-48,37,-45,33,-43,37,-46,35,-42,35,-40,39,-36,41,-34,38,-37,39,-31,38,-30,40,-30,43,-29,40,-26,44,-19,47,-22,44,-18,45,-18,40,-13,53,-11,54,-11,49,-8,51,-10,56,-10,55,-6,47,-6,52,-2,50,1,44,3,53,9,52,6,50,15,53,17,53,18,51,0,0]",1
CSI_DATA,62305,1a:00:00:00:00:00,-37,11,1,0,1,1,1,0,0,0,1,-97,0,11,2,836556033,0,44,0,384,0,"[0,0,0,0,0,0,0,0,0,0,0,0,-1,-11,-1,-10,-1,-10,-1,-10,-2,-10,-2,-10,-2,-9,-2,-9,-2,-9,-2,-8,-2,-8,-2,-7,-2,-7,-3,-6,-3,-5,-3,-4,-4,-3,-4,-2,-5,-2,-6,-1,-7,-1,-8,-1,-9,-1,-10,-1,-10,-1,-10,-1,0,0,-11,-1,-11,-1,-12,-1,-12,-1,-12,-2,-13,-2,-13,-3,-12,-3,-12,-4,-11,-3,-11,-3,-11,-4,-11,-4,-11,-4,-10,-4,-10,-4,-10,-4,-9,-4,-9,-4,-8,-4,-8,-4,-7,-4,-7,-4,-7,-4,-7,-4,-7,-4,0,0,0,0,0,0,0,0,0,0,0,0,0,0,-54,24,-51,23,-51,25,-50,22,-50,28,-46,28,-47,24,-41,29,-40,25,-36,29,-39,25,-33,25,-38,23,-29,25,-28,24,-26,24,-22,22,-18,21,-14,20,-9,20,-4,22,0,23,6,25,11,24,12,33,15,38,14,40,19,39,23,44,20,41,24,48,18,56,18,48,26,53,22,53,24,58,24,60,18,55,13,63,12,64,14,55,11,54,13,56,12,59,7,56,11,52,8,52,7,48,6,48,0,48,-2,45,-4,39,-3,39,-2,37,-1,35,1,37,-4,40,0,0,0,0,0,0,0,0,0,0,0,0,0,0,0,0,0,0,0,0,0,0,23,-39,30,-40,29,-36,31,-35,27,-38,30,-38,33,-37,32,-40,36,-39,35,-43,43,-43,46,-43,47,-41,44,-44,51,-41,40,-37,47,-42,45,-39,51,-46,57,-39,51,-38,53,-39,45,-33,46,-35,42,-36,43,-36,45,-37,44,-37,39,-34,37,-41,33,-39,38,-40,32,-39,33,-40,31,-41,27,-42,21,-40,22,-47,20,-46,16,-44,16,-48,7,-42,9,-54,10,-50,5,-52,12,-55,10,-53,4,-46,6,-48,-3,-50,-4,-46,-12,-50,-14,-47,-13,-47,-21,-51,-21,-50,-21,-49,0,0]",1
CSI_DATA,62306,1a:00:00:00:00:00,-38,11,1,0,1,1,1,0,0,0,1,-97,0,11,2,836566042,0,44,0,384,0,"[0,0,0,0,0,0,0,0,0,0,0,0,3,8,4,8,4,8,4,8,4,7,4,7,4,7,4,6,4,6,3,5,3,5,3,4,3,4,3,3,3,2,3,1,3,0,4,-1,4,-2,5,-2,5,-3,6,-3,7,-4,8,-4,8,-4,8,-4,0,0,9,-4,9,-5,10,-5,10,-5,11,-4,11,-4,11,-3,11,-3,11,-3,11,-2,10,-3,10,-2,10,-2,10,-2,9,-2,9,-1,9,-1,8,-1,8,-1,8,0,7,0,7,0,7,0,6,0,7,-1,7,0,0,0,0,0,0,0,0,0,0,0,0,0,0,0,25,-56,25,-49,28,-54,22,-45,23,-45,22,-54,18,-44,18,-48,18,-43,16,-46,12,-41,12,-43,7,-41,8,-34,5,-38,4,-35,4,-31,1,-31,-2,-26,-5,-23,-12,-24,-17,-23,-24,-15,-28,-19,-31,-17,-34,-16,-37,-20,-42,-22,-41,-25,-47,-23,-49,-27,-52,-30,-49,-29,-57,-29,-52,-34,-57,-38,-58,-37,-58,-40,-53,-39,-51,-44,-47,-43,-47,-39,-45,-42,-41,-38,-43,-45,-38,-40,-41,-39,-38,-39,-33,-42,-30,-39,-28,-37,-27,-33,-22,-35,-21,-31,-27,-34,-25,-30,-23,-36,0,0,0,0,0,0,0,0,0,0,0,0,0,0,0,0,0,0,0,0,0,0,-1,45,0,53,-3,45,-5,51,-2,48,-5,52,1,52,0,55,-5,54,-7,57,-12,60,-12,62,-15,62,-18,61,-19,63,-15,60,-17,66,-14,57,-17,61,-17,64,-15,64,-21,63,-17,59,-21,55,-18,51,-17,55,-12,56,-10,60,-10,51,-7,56,-8,53,-12,53,-5,51,2,51,3,53,6,50,7,43,8,48,9,51,12,47,16,48,20,41,19,50,21,46,24,49,23,40,22,45,25,43,26,43,26,32,27,32,32,34,35,28,32,26,40,32,49,30,45,28,0,0]",1
CSI_DATA,62307,1a:00:00:00:00:00,-38,11,1,0,1,1,1,0,0,0,1,-97,0,11,2,836576020,0,44,0,384,0,"[0,0,0,0,0,0,0,0,0,0,0,0,-8,-6,-8,-5,-8,-5,-8,-5,-8,-5,-8,-4,-8,-4,-7,-4,-7,-4,-7,-3,-7,-3,-6,-3,-5,-2,-5,-1,-5,-1,-4,0,-4,1,-4,2,-4,3,-4,4,-4,5,-4,6,-5,6,-5,7,-6,7,-6,7,0,0,-6,8,-6,9,-6,9,-7,9,-7,9,-8,9,-9,8,-9,8,-9,8,-9,7,-8,7,-8,6,-8,6,-8,6,-8,6,-8,6,-8,6,-8,5,-8,5,-7,4,-7,4,-7,4,-7,4,-6,4,-6,4,-6,3,0,0,0,0,0,0,0,0,0,0,0,0,0,0,11,58,12,49,11,52,11,51,12,48,14,50,14,45,13,48,16,41,12,43,16,39,16,39,13,37,16,29,18,29,19,27,17,21,14,16,18,11,25,10,21,6,23,-2,26,-5,32,-10,35,-13,41,-13,43,-16,47,-15,45,-18,53,-16,47,-15,54,-19,52,-13,57,-24,61,-24,63,-17,62,-21,65,-12,63,-11,66,-10,57,-6,61,-7,59,-4,54,-11,60,-4,55,-9,56,-1,56,-3,52,-1,48,-2,50,1,43,6,41,-3,42,1,39,0,39,3,42,1,0,0,0,0,0,0,0,0,0,0,0,0,0,0,0,0,0,0,0,0,0,0,-23,-45,-18,-50,-19,-48,-16,-49,-16,-47,-19,-45,-16,-46,-21,-50,-21,-59,-22,-54,-20,-60,-16,-62,-15,-65,-12,-65,-13,-66,-13,-63,-16,-62,-16,-66,-15,-65,-13,-65,-13,-61,-11,-67,-9,-63,-12,-64,-12,-59,-16,-56,-15,-58,-17,-63,-22,-57,-21,-52,-24,-53,-21,-50,-25,-43,-20,-44,-25,-44,-27,-42,-29,-42,-34,-39,-32,-37,-37,-34,-38,-32,-37,-25,-43,-28,-45,-29,-40,-27,-42,-18,-44,-23,-48,-21,-45,-13,-43,-15,-44,-14,-46,-10,-48,-6,-48,-1,-50,2,-51,6,-56,3,0,0]",1
CSI_DATA,62308,1a:00:00:00:00:00,-39,11,1,0,1,1,1,0,0,0,1,-97,0,11,2,836596032,0,44,0,384,0,"[0,0,0,0,0,0,0,0,0,0,0,0,-10,1,-10,1,-10,1,-10,1,-9,2,-9,2,-9,1,-9,1,-8,2,-8,2,-7,2,-6,2,-6,2,-5,2,-4,2,-3,2,-2,3,-1,4,0,4,0,5,1,6,1,7,1,8,1,8,1,9,1,9,0,0,1,10,2,10,1,11,1,12,1,12,0,12,-1,12,-2,12,-2,11,-2,11,-2,11,-2,10,-2,10,-2,9,-2,10,-2,9,-2,9,-2,8,-2,8,-2,7,-2,7,-2,7,-2,7,-2,6,-2,7,-2,7,0,0,0,0,0,0,0,0,0,0,0,0,0,0,40,41,40,36,42,37,44,33,45,34,48,33,42,30,45,28,42,22,42,25,42,19,39,17,36,16,34,13,32,14,33,9,28,5,24,1,20,0,20,-6,20,-12,21,-12,21,-20,14,-30,21,-30,19,-37,23,-40,27,-42,32,-47,31,-42,32,-45,27,-51,33,-46,37,-50,38,-50,38,-58,40,-55,42,-51,46,-54,45,-46,40,-41,43,-42,44,-40,40,-38,38,-38,35,-39,38,-35,37,-31,37,-31,35,-32,36,-25,33,-23,32,-25,30,-23,28,-23,29,-23,33,-28,0,0,0,0,0,0,0,0,0,0,0,0,0,0,0,0,0,0,0,0,0,0,-48,-17,-49,-18,-44,-27,-45,-24,-43,-22,-45,-25,-48,-29,-50,-20,-53,-28,-54,-27,-56,-34,-55,-39,-54,-37,-54,-35,-52,-44,-49,-33,-54,-38,-50,-38,-53,-31,-55,-36,-57,-35,-52,-37,-47,-39,-46,-37,-50,-36,-52,-33,-51,-28,-53,-30,-49,-27,-52,-26,-49,-29,-53,-29,-53,-24,-49,-21,-47,-19,-49,-13,-46,-14,-50,-14,-49,-7,-47,-4,-47,0,-43,1,-48,6,-50,10,-46,9,-54,8,-48,11,-45,14,-46,21,-43,17,-40,19,-36,28,-40,24,-38,28,-34,36,-36,40,-36,40,0,0]",1
CSI_DATA,62309,1a:00:00:00:00:00,-39,11,1,0,1,1,1,0,0,0,1,-97,0,11,2,836606029,0,44,0,384,0,"[0,0,0,0,0,0,0,0,0,0,0,0,9,-5,8,-5,8,-5,8,-5,7,-5,7,-5,7,-5,7,-5,6,-5,6,-4,5,-5,5,-4,4,-4,3,-4,2,-4,1,-4,0,-4,-1,-4,-2,-5,-3,-6,-3,-6,-4,-7,-4,-8,-5,-8,-5,-9,-5,-9,0,0,-5,-10,-5,-10,-5,-11,-5,-12,-5,-12,-4,-13,-4,-13,-3,-12,-2,-12,-2,-12,-2,-11,-2,-11,-2,-10,-2,-10,-2,-10,-1,-10,-1,-10,-1,-9,-1,-9,-1,-8,-1,-8,-1,-8,-1,-8,-1,-7,-1,-7,-1,-7,0,0,0,0,0,0,0,0,0,0,0,0,0,0,-47,-39,-46,-27,-49,-30,-44,-24,-48,-24,-47,-24,-42,-18,-46,-28,-45,-20,-43,-22,-43,-19,-44,-20,-36,-17,-33,-17,-35,-10,-33,-7,-29,-9,-28,-5,-22,-2,-21,4,-18,8,-17,15,-17,22,-16,25,-16,28,-18,33,-21,39,-20,41,-22,44,-26,47,-24,49,-27,52,-31,46,-26,53,-29,54,-35,53,-40,51,-44,49,-39,47,-44,50,-41,39,-40,41,-36,42,-36,39,-38,41,-32,34,-34,36,-35,37,-37,30,-31,25,-32,28,-31,25,-27,28,-31,24,-24,24,-25,28,-30,25,0,0,0,0,0,0,0,0,0,0,0,0,0,0,0,0,0,0,0,0,0,0,46,9,50,11,51,14,51,16,42,15,44,18,44,13,50,19,57,20,51,21,57,25,56,31,58,31,57,30,64,33,50,27,55,24,58,26,57,31,58,32,58,33,57,37,52,31,56,28,52,27,50,28,53,21,54,25,52,20,51,21,54,19,51,17,50,16,49,18,45,15,50,6,46,5,47,4,47,2,47,-2,46,-7,40,-7,48,-12,51,-15,39,-19,43,-17,48,-14,42,-20,42,-20,37,-22,43,-27,35,-33,33,-34,29,-32,31,-37,32,-47,24,-43,0,0]",1
CSI_DATA,62310,1a:00:00:00:00:00,-39,11,1,0,1,1,1,0,0,0,1,-97,0,11,2,836626047,0,44,0,384,0,"[0,0,0,0,0,0,0,0,0,0,0,0,4,-9,4,-9,4,-9,4,-9,3,-9,3,-9,3,-9,3,-8,3,-8,3,-8,2,-7,2,-6,1,-6,1,-5,0,-5,-1,-4,-2,-3,-2,-3,-4,-3,-5,-3,-6,-3,-6,-3,-7,-4,-8,-4,-8,-5,-8,-5,0,0,-9,-5,-10,-5,-9,-5,-10,-6,-10,-6,-10,-7,-10,-7,-9,-7,-9,-8,-8,-8,-8,-7,-8,-7,-8,-7,-7,-6,-7,-6,-7,-6,-7,-6,-6,-6,-6,-6,-5,-6,-5,-5,-6,-5,-5,-5,-5,-5,-5,-5,-5,-5,0,0,0,0,0,0,0,0,0,0,0,0,0,0,-54,19,-56,20,-55,22,-51,22,-46,24,-48,27,-53,23,-48,26,-50,21,-44,24,-40,24,-42,20,-39,24,-32,23,-28,20,-28,24,-24,18,-20,15,-15,18,-13,15,-2,17,-2,22,1,22,11,24,18,30,18,31,26,38,22,38,23,47,24,41,25,44,28,46,27,47,31,42,29,51,28,53,25,57,19,60,23,58,21,58,16,55,20,52,16,55,16,44,15,45,18,49,14,46,13,44,11,46,9,40,9,39,9,38,9,30,11,32,6,34,16,35,9,36,0,0,0,0,0,0,0,0,0,0,0,0,0,0,0,0,0,0,0,0,0,0,37,-34,45,-30,45,-25,50,-26,45,-25,42,-23,45,-22,49,-27,52,-29,56,-31,61,-30,61,-28,62,-28,64,-26,64,-23,61,-24,59,-28,61,-24,62,-26,60,-24,67,-19,60,-26,64,-21,56,-20,55,-25,52,-24,51,-28,53,-24,48,-31,48,-32,45,-28,46,-30,43,-29,41,-32,41,-31,39,-39,34,-32,32,-35,31,-39,28,-37,20,-40,16,-46,18,-46,16,-49,15,-49,7,-53,9,-47,12,-46,7,-48,9,-43,10,-51,-5,-47,1,-43,-8,-49,-10,-46,-14,-51,-15,-53,0,0]",1
CSI_DATA,62311,1a:00:00:00:00:00,-39,11,1,0,1,1,1,0,0,0,1,-97,0,11,2,836636022,0,44,0,384,0,"[0,0,0,0,0,0,0,0,0,0,0,0,-2,10,-2,10,-2,10,-2,9,-2,9,-1,9,-1,9,-1,8,-1,8,-1,8,-1,7,-1,6,-1,6,-1,5,0,4,0,3,1,2,2,1,4,1,4,0,6,1,6,1,7,1,8,1,9,1,8,1,0,0,9,1,9,1,10,1,10,2,11,2,11,3,11,4,10,4,10,4,9,4,9,4,8,4,8,4,8,4,7,4,7,4,7,3,7,4,6,3,6,3,6,3,6,3,6,2,6,2,6,2,6,2,0,0,0,0,0,0,0,0,0,0,0,0,0,0,64,-27,55,-22,46,-25,46,-23,50,-26,54,-27,51,-31,48,-27,51,-23,43,-26,40,-20,39,-27,39,-22,40,-16,27,-21,30,-21,28,-20,21,-19,21,-17,10,-19,6,-17,0,-19,-8,-21,-18,-27,-14,-26,-16,-31,-16,-39,-12,-49,-21,-46,-23,-43,-20,-45,-18,-48,-20,-44,-23,-53,-18,-59,-17,-55,-20,-58,-19,-57,-15,-61,-15,-63,-12,-57,-9,-57,-7,-53,-11,-50,0,-51,-8,-52,-7,-51,-5,-51,-4,-41,-3,-41,0,-42,-4,-39,-5,-38,-4,-38,-1,-38,-5,-38,-2,-37,0,0,0,0,0,0,0,0,0,0,0,0,0,0,0,0,0,0,0,0,0,0,-32,43,-38,43,-34,44,-41,35,-37,38,-38,34,-35,41,-38,38,-34,40,-44,45,-47,42,-54,44,-53,44,-57,38,-57,36,-57,38,-52,41,-59,45,-55,36,-56,38,-62,41,-61,37,-59,34,-57,28,-56,29,-48,35,-45,33,-50,37,-49,35,-43,39,-44,44,-43,36,-39,38,-42,41,-35,35,-37,44,-36,38,-30,39,-30,46,-23,39,-25,41,-17,45,-10,40,-13,49,-11,52,-5,59,-7,50,-12,47,2,50,-4,53,-1,43,5,48,8,47,6,41,10,48,19,44,22,52,0,0]",1
CSI_DATA,62312,1a:00:00:00:00:00,-40,11,1,0,1,1,1,0,0,0,1,-97,0,11,2,836646016,0,44,0,384,0,"[0,0,0,0,0,0,0,0,0,0,0,0,-5,-11,-5,-10,-5,-10,-5,-10,-5,-10,-4,-9,-5,-9,-4,-9,-4,-9,-4,-8,-4,-8,-4,-7,-3,-6,-3,-6,-3,-4,-3,-3,-3,-2,-4,-1,-5,0,-6,1,-6,1,-7,2,-8,2,-9,2,-9,2,-9,2,0,0,-10,2,-10,2,-11,2,-11,3,-11,2,-12,1,-12,1,-12,0,-12,0,-12,0,-11,0,-11,0,-10,-1,-10,-1,-10,0,-9,-1,-9,-1,-9,-1,-8,-1,-8,-1,-8,-1,-7,-1,-7,-1,-7,-1,-8,-1,-7,-1,0,0,0,0,0,0,0,0,0,0,0,0,0,0,-19,55,-22,48,-20,46,-24,49,-23,49,-26,46,-19,47,-16,49,-19,47,-13,45,-14,45,-18,40,-15,40,-12,39,-13,37,-10,30,-6,30,-8,24,-2,22,8,21,9,16,12,18,19,13,24,14,29,16,29,15,35,18,41,20,36,21,42,23,38,25,43,23,50,24,43,21,48,27,50,27,53,27,55,30,49,34,46,33,44,33,40,37,40,35,42,37,36,33,38,27,36,33,33,33,28,29,30,27,32,27,24,29,28,25,29,26,26,27,27,22,25,28,0,0,0,0,0,0,0,0,0,0,0,0,0,0,0,0,0,0,0,0,0,0,-9,-53,-5,-53,-2,-53,3,-50,5,-54,1,-50,-1,-51,-4,-57,-2,-60,-2,-60,2,-65,7,-70,7,-67,8,-71,10,-67,9,-65,15,-71,14,-66,11,-66,15,-69,19,-65,16,-70,20,-67,16,-61,13,-58,13,-61,9,-58,6,-60,7,-58,8,-55,6,-56,5,-53,-2,-57,-2,-53,-5,-53,-5,-57,-8,-52,-12,-50,-9,-47,-11,-46,-18,-43,-22,-44,-24,-41,-26,-47,-25,-45,-24,-49,-27,-46,-26,-39,-28,-38,-31,-41,-28,-33,-32,-30,-33,-30,-38,-25,-43,-27,-44,-20,-45,-18,0,0]",1
CSI_DATA,62313,1a:00:00:00:00:00,-41,11,1,0,1,1,1,0,0,0,1,-97,0,11,2,836666014,0,44,0,384,0,"[0,0,0,0,0,0,0,0,0,0,0,0,-9,-7,-9,-7,-9,-7,-8,-6,-8,-6,-8,-6,-8,-6,-8,-6,-7,-5,-7,-5,-7,-5,-6,-4,-6,-4,-5,-3,-5,-2,-4,-1,-4,0,-4,1,-4,2,-4,3,-5,4,-5,4,-6,5,-6,5,-7,5,-7,5,0,0,-8,6,-7,6,-8,6,-8,7,-8,6,-9,6,-9,6,-10,5,-9,5,-9,4,-9,4,-9,4,-8,3,-8,3,-8,4,-8,3,-8,3,-7,3,-7,2,-7,2,-7,2,-6,2,-6,2,-6,2,-6,2,-6,2,0,0,0,0,0,0,0,0,0,0,0,0,0,0,5,56,-3,57,7,56,4,54,4,58,1,52,3,50,7,47,2,50,6,44,7,47,5,45,8,44,6,38,4,35,8,31,12,29,6,24,9,20,12,18,16,10,18,7,20,6,28,3,27,2,35,2,38,2,43,4,41,5,44,5,47,6,49,9,52,1,52,5,56,3,53,7,63,8,53,12,61,16,55,16,52,19,46,19,47,16,47,15,46,15,44,14,40,16,40,14,39,17,38,20,33,20,33,17,35,17,27,15,30,10,34,12,33,14,0,0,0,0,0,0,0,0,0,0,0,0,0,0,0,0,0,0,0,0,0,0,-42,-33,-37,-39,-37,-44,-31,-47,-32,-45,-31,-42,-32,-42,-35,-47,-36,-49,-39,-55,-34,-55,-32,-59,-32,-63,-31,-64,-24,-72,-25,-61,-28,-60,-27,-62,-28,-61,-25,-65,-21,-66,-22,-71,-15,-64,-19,-60,-13,-62,-17,-56,-22,-56,-18,-54,-23,-53,-24,-53,-27,-52,-27,-49,-29,-44,-35,-49,-26,-48,-31,-44,-30,-42,-30,-41,-28,-37,-32,-39,-39,-36,-42,-31,-40,-26,-43,-32,-38,-31,-42,-21,-45,-27,-45,-26,-43,-24,-41,-21,-41,-12,-39,-15,-46,-12,-45,-6,-49,-3,-54,-5,-50,1,0,0]",1
CSI_DATA,62314,1a:00:00:00:00:00,-39,11,1,0,1,1,1,0,0,0,1,-97,0,11,2,836676034,0,44,0,384,0,"[0,0,0,0,0,0,0,0,0,0,0,0,10,1,10,1,9,1,9,1,9,1,9,1,8,1,8,1,8,1,7,0,7,0,6,0,5,0,5,0,4,-1,3,-2,2,-2,2,-3,2,-4,1,-5,1,-6,1,-7,2,-8,2,-8,2,-8,2,-9,0,0,3,-9,3,-9,2,-10,3,-10,3,-10,4,-10,4,-10,5,-9,5,-10,5,-9,5,-9,5,-8,4,-8,4,-8,4,-8,4,-8,4,-7,4,-7,4,-7,4,-6,4,-6,3,-6,3,-6,3,-6,3,-6,3,-6,0,0,0,0,0,0,0,0,0,0,0,0,0,0,-38,-46,-33,-46,-33,-52,-30,-51,-35,-51,-29,-49,-35,-46,-36,-44,-34,-42,-29,-40,-30,-35,-29,-35,-29,-33,-28,-35,-28,-30,-26,-28,-24,-23,-21,-17,-22,-11,-23,-3,-19,-8,-20,3,-25,8,-24,11,-28,8,-34,22,-40,20,-45,21,-39,17,-43,22,-41,18,-47,17,-44,19,-46,24,-50,21,-52,20,-61,20,-55,18,-59,17,-54,10,-50,10,-52,12,-48,10,-49,13,-50,8,-49,8,-46,8,-47,5,-42,3,-46,2,-40,1,-36,3,-38,0,-34,1,-31,6,-33,4,-37,3,0,0,0,0,0,0,0,0,0,0,0,0,0,0,0,0,0,0,0,0,0,0,50,10,54,11,54,16,50,25,51,21,50,20,50,24,53,20,53,25,58,22,58,28,60,30,61,38,57,37,59,41,53,37,54,36,59,38,59,40,55,41,50,42,52,43,51,40,54,44,50,35,43,35,48,35,50,32,47,30,49,29,49,26,46,29,53,26,48,25,51,21,48,21,50,18,47,15,50,16,50,14,52,9,49,4,53,2,49,3,54,-1,47,-1,48,-1,47,-5,45,-7,45,-3,40,-13,45,-16,43,-15,43,-17,39,-25,43,-24,42,-31,0,0]",1
CSI_DATA,62315,1a:00:00:00:00:00,-39,11,1,0,1,1,1,0,0,0,1,-97,0,11,2,836686021,0,44,0,384,0,"[0,0,0,0,0,0,0,0,0,0,0,0,-10,3,-10,3,-10,3,-10,3,-9,3,-9,3,-9,3,-9,3,-8,3,-7,2,-7,2,-7,2,-6,2,-5,2,-4,2,-3,2,-2,3,-2,3,0,4,0,4,1,5,1,6,1,7,1,8,1,8,1,8,0,0,1,9,1,9,1,9,1,10,1,10,0,10,-1,10,-1,10,-2,10,-2,9,-2,9,-1,8,-2,8,-2,8,-2,8,-2,8,-2,8,-2,7,-2,7,-2,6,-2,6,-2,6,-2,6,-1,6,-2,6,-2,6,0,0,0,0,0,0,0,0,0,0,0,0,0,0,56,32,56,24,52,25,52,21,50,24,46,24,45,27,50,24,44,20,44,18,43,18,39,21,37,18,36,12,39,14,34,11,34,11,29,7,23,7,20,-3,20,-8,14,-9,19,-14,18,-17,22,-25,22,-31,23,-33,23,-37,30,-41,26,-37,31,-40,33,-41,26,-38,29,-40,37,-39,36,-47,38,-42,38,-42,44,-40,41,-37,40,-29,38,-32,41,-32,38,-30,42,-33,36,-27,38,-26,34,-23,35,-21,32,-20,38,-19,33,-20,31,-21,26,-18,28,-18,29,-17,30,-20,0,0,0,0,0,0,0,0,0,0,0,0,0,0,0,0,0,0,0,0,0,0,-46,15,-56,11,-52,4,-55,7,-53,4,-55,3,-52,10,-55,6,-60,2,-58,8,-65,1,-64,-3,-67,-4,-70,-6,-67,-9,-61,-8,-69,-9,-67,-7,-67,-10,-68,-12,-67,-9,-65,-16,-65,-16,-58,-13,-60,-12,-57,-10,-63,-9,-60,-4,-55,-8,-56,-3,-52,0,-59,0,-58,0,-53,1,-54,5,-53,2,-50,6,-53,6,-56,11,-51,11,-48,19,-45,13,-48,16,-44,16,-48,20,-48,22,-45,27,-41,20,-45,25,-38,26,-33,26,-35,32,-29,32,-24,31,-21,39,-24,45,-20,47,0,0]",1
CSI_DATA,62316,1a:00:00:00:00:00,-39,11,1,0,1,1,1,0,0,0,1,-97,0,11,2,836696042,0,44,0,384,0,"[0,0,0,0,0,0,0,0,0,0,0,0,6,-9,6,-9,5,-9,5,-9,5,-9,5,-8,5,-8,4,-8,4,-8,4,-7,3,-7,3,-6,3,-6,2,-5,1,-5,0,-4,-1,-4,-1,-4,-3,-4,-4,-4,-4,-5,-5,-5,-6,-6,-6,-6,-7,-7,-7,-7,0,0,-7,-7,-7,-7,-8,-7,-8,-8,-7,-8,-8,-9,-7,-9,-6,-9,-6,-9,-5,-9,-5,-9,-5,-8,-5,-8,-5,-8,-4,-8,-4,-8,-4,-8,-4,-7,-3,-7,-3,-7,-3,-7,-3,-6,-3,-6,-3,-6,-3,-6,-3,-6,0,0,0,0,0,0,0,0,0,0,0,0,0,0,-57,1,-60,12,-53,14,-53,6,-54,12,-53,6,-53,8,-54,7,-54,12,-45,7,-48,6,-46,13,-44,9,-39,10,-36,10,-32,10,-32,8,-28,12,-26,10,-15,10,-10,15,-7,19,-4,22,-2,29,0,28,4,36,6,44,3,45,2,44,5,43,3,48,5,46,4,52,7,51,1,53,5,56,-4,60,-5,62,-5,56,-9,58,-5,50,-7,54,-9,51,-6,50,-10,46,-7,46,-8,48,-6,47,-12,36,-7,39,-14,38,-7,34,-6,37,-7,38,-3,32,-6,35,-10,34,0,0,0,0,0,0,0,0,0,0,0,0,0,0,0,0,0,0,0,0,0,0,39,-36,41,-31,45,-27,46,-24,52,-23,46,-23,42,-29,49,-27,53,-31,57,-29,59,-30,57,-26,60,-21,61,-23,66,-20,60,-17,60,-20,65,-24,66,-22,66,-17,65,-20,64,-15,67,-20,60,-13,58,-17,55,-20,53,-20,55,-19,49,-19,52,-28,55,-24,47,-26,43,-30,45,-28,42,-30,45,-30,45,-29,40,-34,40,-34,35,-37,32,-36,34,-41,29,-39,29,-47,24,-42,31,-41,27,-48,25,-40,21,-41,17,-40,12,-39,4,-43,6,-47,0,-45,-4,-52,-5,-50,-3,-54,0,0]",1
CSI_DATA,62317,1a:00:00:00:00:00,-39,11,1,0,1,1,1,0,0,0,1,-97,0,11,2,836706017,0,44,0,384,0,"[0,0,0,0,0,0,0,0,0,0,0,0,-2,10,-1,10,-1,10,-2,10,-1,10,-1,9,-1,9,-1,9,-1,8,-1,8,-1,7,-1,7,-1,6,0,5,0,4,1,3,1,2,2,2,3,1,4,1,5,0,7,0,7,1,8,1,8,1,9,1,0,0,9,2,10,1,10,2,10,2,10,2,11,3,11,3,10,4,9,4,9,4,9,3,8,4,8,3,8,3,8,3,8,3,7,3,7,3,7,3,6,3,6,3,6,3,6,2,6,2,6,2,6,2,0,0,0,0,0,0,0,0,0,0,0,0,0,0,49,-29,49,-30,43,-33,47,-35,42,-33,43,-30,44,-31,48,-30,42,-35,38,-31,37,-33,32,-28,35,-30,34,-32,27,-26,25,-26,23,-25,19,-20,12,-21,7,-17,2,-21,-1,-22,-7,-24,-11,-24,-18,-29,-16,-33,-24,-36,-22,-38,-19,-39,-25,-41,-28,-47,-23,-46,-27,-47,-30,-46,-32,-50,-27,-52,-19,-55,-17,-57,-19,-58,-18,-59,-14,-53,-12,-46,-13,-49,-19,-48,-14,-46,-16,-44,-14,-45,-12,-47,-7,-43,-7,-40,-5,-36,-8,-36,-5,-35,-6,-37,-10,-32,-10,-30,-7,-33,0,0,0,0,0,0,0,0,0,0,0,0,0,0,0,0,0,0,0,0,0,0,-23,49,-28,45,-27,41,-30,42,-34,42,-30,41,-31,37,-36,42,-35,44,-35,46,-40,46,-45,46,-46,45,-46,46,-49,41,-48,44,-46,42,-47,46,-45,44,-51,45,-55,39,-51,42,-49,39,-48,41,-44,35,-39,38,-40,40,-39,42,-38,44,-35,39,-36,39,-33,39,-31,41,-35,41,-33,43,-28,45,-31,41,-20,49,-20,45,-14,49,-16,49,-7,43,-9,54,-11,51,-7,44,-8,44,-4,44,-3,49,0,50,-2,42,6,45,10,42,18,45,18,41,25,40,20,43,24,44,0,0]",1
CSI_DATA,62318,1a:00:00:00:00:00,-39,11,1,0,1,1,1,0,0,0,1,-97,0,11,2,836716036,0,44,0,384,0,"[0,0,0,0,0,0,0,0,0,0,0,0,-3,-11,-4,-11,-3,-10,-4,-11,-4,-10,-4,-10,-3,-9,-3,-9,-3,-9,-3,-8,-3,-8,-3,-7,-3,-7,-3,-6,-3,-5,-3,-3,-3,-2,-4,-2,-4,0,-5,0,-6,1,-7,1,-8,1,-9,1,-9,1,-10,1,0,0,-10,1,-10,1,-11,1,-11,1,-12,1,-12,0,-12,-1,-12,-1,-11,-1,-10,-1,-10,-1,-10,-1,-10,-1,-10,-1,-9,-1,-9,-1,-9,-1,-9,-1,-8,-2,-8,-2,-7,-2,-7,-2,-7,-1,-7,-1,-7,-1,-7,-1,0,0,0,0,0,0,0,0,0,0,0,0,0,0,-34,48,-41,44,-35,49,-36,45,-32,46,-36,47,-32,43,-31,49,-29,42,-32,42,-27,41,-23,43,-22,36,-22,36,-24,35,-22,36,-15,26,-16,23,-6,25,5,19,3,21,6,20,15,17,15,19,26,22,26,22,31,28,35,26,39,33,36,30,36,35,39,36,38,34,39,33,37,34,42,38,43,42,40,47,37,50,33,48,30,40,26,39,27,42,31,42,26,38,27,37,26,32,21,38,29,36,20,39,20,34,20,33,17,34,14,33,18,28,19,35,16,30,0,0,0,0,0,0,0,0,0,0,0,0,0,0,0,0,0,0,0,0,0,0,1,-51,8,-50,9,-53,10,-50,10,-50,17,-50,14,-47,14,-54,13,-56,14,-58,16,-59,19,-65,25,-62,32,-61,33,-66,27,-55,35,-60,25,-58,28,-61,29,-61,32,-58,34,-62,31,-59,27,-57,32,-53,23,-55,23,-51,21,-52,18,-51,17,-54,15,-50,20,-59,9,-52,12,-54,14,-56,6,-50,5,-53,7,-54,-1,-54,-5,-47,-4,-51,-9,-49,-11,-53,-14,-50,-14,-48,-12,-47,-21,-48,-16,-48,-16,-46,-19,-41,-21,-33,-24,-40,-27,-37,-35,-38,-34,-30,-37,-29,-43,-31,0,0]",1
CSI_DATA,62319,1a:00:00:00:00:00,-39,11,1,0,1,1,1,0,0,0,1,-97,0,11,2,836736038,0,44,0,384,0,"[0,0,0,0,0,0,0,0,0,0,0,0,-11,-5,-11,-4,-10,-4,-11,-4,-10,-4,-10,-3,-9,-4,-9,-4,-9,-3,-8,-3,-8,-3,-7,-3,-6,-2,-6,-2,-5,-1,-4,0,-4,1,-3,2,-3,3,-3,4,-3,5,-3,6,-3,7,-4,7,-4,8,-4,8,0,0,-5,9,-5,9,-5,9,-5,9,-5,9,-6,10,-7,9,-7,8,-7,8,-7,8,-7,7,-6,7,-6,7,-6,7,-6,7,-6,7,-6,6,-6,6,-5,5,-5,5,-5,5,-5,5,-4,5,-4,5,-5,5,-4,5,0,0,0,0,0,0,0,0,0,0,0,0,0,0,26,53,27,54,31,51,31,48,25,52,28,49,27,44,24,49,28,46,27,46,20,40,24,41,23,39,20,31,19,34,23,29,18,21,16,22,19,13,16,11,18,4,21,-1,24,-5,26,-7,31,-13,31,-17,35,-17,42,-21,42,-16,44,-21,44,-17,45,-17,51,-20,50,-23,51,-15,50,-20,57,-17,54,-14,58,-15,58,-10,53,-8,51,-5,52,-8,52,-11,47,-10,48,-7,42,-8,43,-5,42,-2,40,-6,40,-2,35,1,38,-2,32,2,30,-3,38,-2,36,-1,0,0,0,0,0,0,0,0,0,0,0,0,0,0,0,0,0,0,0,0,0,0,-44,-18,-43,-24,-47,-28,-42,-32,-41,-32,-39,-30,-43,-30,-47,-34,-48,-35,-48,-36,-46,-45,-46,-47,-45,-43,-46,-50,-43,-48,-45,-46,-42,-45,-43,-51,-43,-47,-42,-50,-42,-54,-43,-52,-41,-50,-38,-50,-36,-45,-41,-44,-36,-39,-40,-39,-45,-42,-42,-41,-43,-35,-43,-33,-43,-33,-48,-31,-46,-34,-46,-27,-44,-30,-47,-24,-46,-21,-44,-16,-48,-20,-49,-12,-46,-16,-53,-14,-52,-9,-56,-12,-53,-10,-45,-6,-53,4,-46,-2,-42,4,-44,7,-45,10,-45,17,-48,19,-46,21,-46,22,0,0]",1
CSI_DATA,62320,1a:00:00:00:00:00,-39,11,1,0,1,1,1,0,0,0,1,-97,0,11,2,836746025,0,44,0,384,0,"[0,0,0,0,0,0,0,0,0,0,0,0,10,-1,10,-1,10,-1,10,-1,9,-1,9,-1,9,-1,8,-1,8,-1,7,-1,7,-2,6,-2,5,-1,4,-1,4,-2,3,-2,2,-3,1,-3,0,-4,-1,-5,-1,-6,-1,-7,-1,-8,-1,-9,-1,-9,-1,-10,0,0,0,-10,0,-10,0,-11,0,-11,0,-11,1,-12,1,-11,2,-11,2,-11,2,-10,2,-10,2,-9,2,-9,1,-9,2,-9,2,-9,2,-8,2,-8,2,-8,2,-7,2,-7,2,-7,1,-7,1,-6,1,-7,1,-7,0,0,0,0,0,0,0,0,0,0,0,0,0,0,-44,-46,-32,-47,-34,-51,-40,-40,-38,-46,-38,-46,-40,-41,-38,-44,-33,-37,-34,-41,-34,-38,-29,-33,-36,-33,-29,-28,-25,-29,-27,-28,-25,-19,-24,-20,-24,-14,-18,-7,-20,1,-20,2,-24,9,-26,13,-25,19,-31,22,-31,25,-40,26,-43,29,-38,29,-44,26,-46,31,-43,27,-47,26,-49,28,-52,27,-55,28,-54,27,-53,23,-56,22,-48,20,-51,14,-53,20,-45,20,-50,18,-45,18,-47,12,-42,15,-43,11,-41,8,-40,7,-32,2,-40,7,-36,9,-33,5,-32,9,-36,5,0,0,0,0,0,0,0,0,0,0,0,0,0,0,0,0,0,0,0,0,0,0,51,11,49,15,46,19,48,21,43,22,50,21,48,22,50,21,53,22,55,26,59,26,56,30,56,34,60,40,58,37,52,38,51,37,50,39,56,36,50,40,57,39,54,43,45,36,46,34,47,35,49,31,44,32,47,29,44,24,51,26,50,26,51,25,47,22,53,22,51,22,47,19,46,14,54,10,49,10,49,9,49,2,47,4,48,0,57,-1,55,-5,49,-3,51,-4,50,-7,46,-11,44,-15,40,-9,41,-14,45,-21,34,-25,40,-24,43,-35,47,-33,0,0]",1
CSI_DATA,62321,1a:00:00:00:00:00,-39,11,1,0,1,1,1,0,0,0,1,-97,0,11,2,836756026,0,44,0,384,0,"[0,0,0,0,0,0,0,0,0,0,0,0,-10,4,-10,5,-9,5,-10,5,-9,4,-9,5,-8,4,-8,4,-8,4,-7,4,-7,4,-6,3,-5,3,-5,3,-4,2,-2,2,-2,2,0,3,1,3,2,4,2,5,3,5,3,6,4,7,4,7,4,8,0,0,4,9,4,9,4,9,4,9,4,10,3,10,3,10,2,10,2,10,2,9,2,9,2,8,2,8,2,8,1,8,1,8,1,7,1,7,1,7,0,7,0,7,1,6,1,6,1,6,1,6,1,6,0,0,0,0,0,0,0,0,0,0,0,0,0,0,52,26,53,23,51,34,48,30,52,27,46,20,51,27,49,26,43,23,46,20,38,19,41,21,35,18,32,14,36,13,33,11,30,10,24,4,22,3,20,-2,13,-9,12,-7,11,-17,16,-24,17,-30,14,-35,17,-38,18,-40,23,-42,25,-40,31,-48,30,-44,27,-44,27,-53,31,-47,38,-50,37,-49,34,-43,40,-46,38,-43,35,-38,32,-39,35,-35,37,-37,33,-35,27,-33,35,-31,33,-33,31,-32,31,-26,36,-27,28,-25,26,-25,23,-24,24,-24,30,-23,29,-28,0,0,0,0,0,0,0,0,0,0,0,0,0,0,0,0,0,0,0,0,0,0,-49,-4,-48,-4,-48,-9,-55,-15,-49,-14,-47,-9,-48,-10,-53,-12,-57,-10,-58,-15,-58,-16,-59,-18,-62,-26,-60,-21,-58,-24,-56,-25,-60,-23,-58,-23,-64,-25,-57,-28,-59,-27,-61,-26,-50,-26,-58,-22,-55,-23,-55,-24,-56,-16,-53,-20,-50,-18,-54,-11,-51,-8,-55,-9,-49,-9,-54,-6,-54,0,-54,-1,-50,3,-50,-2,-51,3,-51,9,-50,12,-46,15,-50,11,-49,18,-45,16,-41,15,-47,20,-42,20,-46,19,-44,22,-33,26,-32,28,-36,33,-28,31,-27,35,-30,41,-33,39,0,0]",1
CSI_DATA,62322,1a:00:00:00:00:00,-39,11,1,0,1,1,1,0,0,0,1,-97,0,11,2,836776041,0,44,0,384,0,"[0,0,0,0,0,0,0,0,0,0,0,0,-2,10,-2,10,-2,9,-2,9,-2,9,-2,9,-2,8,-2,8,-2,8,-1,7,-1,7,-1,6,-1,5,-1,4,0,4,1,3,1,2,2,1,3,1,4,0,5,0,7,0,7,1,8,1,9,1,9,1,0,0,9,2,10,2,10,2,10,3,11,3,11,4,10,4,10,4,9,4,8,5,8,4,8,4,8,4,8,4,7,4,7,4,7,4,6,4,6,3,6,3,6,3,5,3,5,3,5,3,5,3,5,3,0,0,0,0,0,0,0,0,0,0,0,0,0,0,55,-28,56,-28,47,-31,49,-33,50,-32,51,-33,46,-37,44,-31,41,-29,42,-28,37,-29,36,-30,32,-27,33,-26,30,-29,26,-25,26,-20,18,-21,11,-16,4,-18,-5,-17,-6,-18,-9,-20,-15,-23,-19,-28,-26,-31,-28,-34,-28,-39,-28,-43,-27,-43,-29,-44,-34,-51,-30,-45,-29,-49,-32,-51,-28,-53,-27,-56,-23,-58,-22,-57,-23,-59,-18,-54,-17,-52,-22,-54,-22,-50,-18,-50,-17,-47,-16,-50,-18,-41,-12,-43,-16,-44,-12,-38,-12,-37,-11,-35,-7,-37,-13,-36,-14,-40,-10,-37,0,0,0,0,0,0,0,0,0,0,0,0,0,0,0,0,0,0,0,0,0,0,-28,41,-28,39,-33,39,-37,35,-38,35,-38,35,-33,36,-38,38,-40,37,-43,37,-48,41,-46,47,-47,44,-56,38,-57,38,-49,34,-50,42,-54,43,-56,43,-54,36,-55,35,-56,36,-50,34,-51,32,-49,35,-45,30,-37,39,-43,35,-40,36,-39,38,-34,41,-35,42,-36,41,-32,39,-26,43,-31,43,-27,44,-21,48,-20,46,-19,49,-15,45,-11,49,-12,50,-9,50,-9,51,-7,55,-9,52,-3,47,-2,48,4,43,1,43,6,43,9,50,19,41,18,46,23,45,23,44,0,0]",1
CSI_DATA,62323,1a:00:00:00:00:00,-39,11,1,0,1,1,1,0,0,0,1,-97,0,11,2,836786012,0,44,0,384,0,"[0,0,0,0,0,0,0,0,0,0,0,0,-3,-11,-3,-11,-3,-10,-3,-10,-3,-10,-3,-9,-3,-9,-3,-9,-3,-9,-3,-8,-3,-7,-3,-7,-3,-6,-2,-5,-3,-4,-3,-3,-3,-2,-4,-1,-5,0,-5,1,-6,1,-7,2,-8,2,-9,2,-10,2,-10,2,0,0,-11,2,-11,2,-11,2,-12,2,-12,1,-12,1,-12,0,-12,-1,-12,-1,-11,-1,-11,0,-10,-1,-10,-1,-10,-1,-10,-1,-9,-1,-9,-1,-8,-1,-8,-1,-8,-1,-8,-1,-8,-1,-7,-1,-7,0,-7,-1,-7,-1,0,0,0,0,0,0,0,0,0,0,0,0,0,0,-40,41,-39,45,-34,41,-35,46,-34,42,-34,39,-37,40,-36,41,-30,42,-32,39,-29,39,-21,37,-20,35,-21,33,-21,27,-17,27,-15,21,-9,22,-9,19,-1,16,2,17,9,16,17,12,25,15,27,22,32,22,35,25,40,22,35,33,43,30,44,34,40,39,40,35,44,36,43,36,45,42,42,41,41,48,43,51,39,48,35,48,34,45,31,42,29,38,32,41,31,35,23,39,29,36,23,38,22,37,21,40,19,33,19,34,20,31,18,31,19,31,19,31,0,0,0,0,0,0,0,0,0,0,0,0,0,0,0,0,0,0,0,0,0,0,12,-48,14,-47,14,-50,21,-50,20,-46,17,-44,17,-45,20,-48,21,-54,20,-53,28,-59,34,-56,34,-56,36,-56,36,-51,28,-54,33,-53,33,-52,33,-55,37,-50,40,-50,39,-52,38,-49,36,-49,32,-43,30,-49,28,-49,27,-46,21,-46,22,-52,23,-48,18,-46,17,-43,12,-49,10,-49,13,-49,8,-53,7,-49,6,-49,0,-47,-4,-52,-9,-47,-7,-48,-12,-54,-10,-48,-6,-55,-5,-48,-8,-54,-11,-50,-16,-45,-18,-38,-19,-39,-24,-42,-27,-35,-33,-35,-35,-42,-43,-36,0,0]",1
CSI_DATA,62324,1a:00:00:00:00:00,-39,11,1,0,1,1,1,0,0,0,1,-97,0,11,2,836796044,0,44,0,384,0,"[0,0,0,0,0,0,0,0,0,0,0,0,7,7,6,7,7,7,7,7,6,6,6,6,6,6,6,6,6,5,5,5,5,4,4,4,4,3,3,2,3,1,3,0,2,-1,3,-2,3,-3,3,-4,4,-5,4,-6,5,-7,6,-7,6,-7,6,-7,0,0,7,-7,7,-8,8,-8,8,-8,8,-8,9,-7,9,-7,9,-6,9,-6,9,-5,8,-6,8,-5,8,-5,7,-5,8,-5,7,-5,7,-5,7,-4,7,-4,6,-4,6,-4,6,-4,5,-4,5,-4,5,-4,6,-4,0,0,0,0,0,0,0,0,0,0,0,0,0,0,0,-63,2,-50,2,-53,-7,-63,-4,-59,-4,-54,-4,-53,-4,-55,-5,-48,-2,-46,0,-48,-4,-43,-7,-43,-7,-37,-5,-38,-7,-34,-8,-28,-15,-22,-13,-20,-12,-13,-16,-7,-17,0,-28,-3,-28,2,-37,0,-39,4,-43,7,-47,3,-54,3,-52,5,-56,2,-57,2,-55,2,-58,-1,-60,2,-64,0,-63,-2,-63,-8,-62,-7,-59,-9,-58,-12,-57,-11,-51,-5,-53,-6,-50,-8,-46,-4,-51,-14,-49,-7,-43,-13,-43,-14,-41,-12,-40,-8,-34,-16,-36,-7,-38,-9,-40,-5,-40,-10,0,0,0,0,0,0,0,0,0,0,0,0,0,0,0,0,0,0,0,0,0,0,19,44,19,45,10,46,8,51,9,43,12,49,11,44,14,48,17,52,16,58,14,60,8,63,11,64,7,64,6,67,2,59,6,65,2,61,7,65,1,63,1,63,4,63,-3,60,2,60,6,56,5,55,7,57,9,54,11,53,15,53,13,48,21,51,15,48,22,50,17,45,23,44,21,38,29,47,28,42,29,37,31,35,37,30,33,35,37,32,43,32,36,30,41,27,40,27,38,25,39,24,40,20,42,16,47,14,38,2,48,3,50,0,54,-8,0,0]",1
CSI_DATA,62325,1a:00:00:00:00:00,-39,11,1,0,1,1,1,0,0,0,1,-97,0,11,2,836816029,0,44,0,384,0,"[0,0,0,0,0,0,0,0,0,0,0,0,10,-1,10,-1,10,-2,10,-1,9,-2,9,-2,9,-2,8,-2,8,-2,7,-2,7,-2,6,-2,5,-2,4,-2,3,-2,2,-3,1,-3,0,-4,-1,-5,-1,-6,-2,-7,-2,-8,-2,-9,-3,-9,-2,-10,-2,-10,0,0,-2,-11,-2,-11,-2,-11,-2,-12,-2,-12,-1,-12,-1,-12,0,-12,0,-12,0,-11,0,-11,0,-11,0,-10,0,-10,0,-10,0,-10,0,-9,0,-9,0,-9,0,-8,0,-8,0,-8,0,-8,0,-7,0,-8,0,-8,0,0,0,0,0,0,0,0,0,0,0,0,0,0,-50,-39,-45,-34,-48,-38,-45,-36,-47,-32,-47,-35,-44,-34,-47,-34,-41,-26,-38,-30,-42,-27,-44,-27,-39,-19,-35,-19,-34,-20,-32,-16,-26,-11,-22,-10,-25,-2,-15,-2,-21,5,-17,13,-19,17,-17,24,-15,30,-23,36,-20,38,-27,42,-25,42,-30,42,-31,47,-35,47,-32,45,-31,50,-33,49,-37,51,-40,51,-38,50,-41,47,-40,46,-45,39,-42,41,-42,38,-36,43,-40,35,-38,35,-34,34,-33,34,-37,31,-31,30,-34,27,-33,28,-27,27,-28,26,-25,27,-26,24,-33,28,0,0,0,0,0,0,0,0,0,0,0,0,0,0,0,0,0,0,0,0,0,0,45,19,40,24,44,26,43,29,40,28,40,28,40,25,45,28,47,31,50,31,52,39,51,38,49,42,45,42,46,42,46,40,48,43,46,39,54,43,48,43,47,44,49,48,40,41,42,42,37,38,43,35,42,36,44,33,45,30,50,25,43,22,50,22,48,17,51,20,50,18,45,15,48,12,50,11,47,12,45,6,50,3,50,-7,51,-8,45,-5,55,-8,51,-13,48,-13,47,-9,46,-16,41,-17,42,-24,44,-26,34,-25,36,-31,35,-39,35,-37,35,-40,0,0]",1
CSI_DATA,62326,1a:00:00:00:00:00,-38,11,1,0,1,1,1,0,0,0,1,-97,0,11,2,836836017,0,44,0,384,0,"[0,0,0,0,0,0,0,0,0,0,0,0,5,-10,5,-9,4,-10,4,-9,4,-9,4,-8,4,-8,4,-8,3,-7,3,-7,2,-7,2,-6,2,-6,1,-5,0,-4,-1,-4,-2,-3,-3,-3,-4,-2,-5,-3,-6,-3,-7,-3,-8,-4,-9,-4,-9,-4,-9,-5,0,0,-10,-5,-10,-5,-10,-5,-10,-6,-10,-6,-11,-7,-10,-7,-9,-7,-9,-8,-9,-7,-9,-7,-8,-7,-8,-7,-8,-7,-8,-7,-7,-6,-7,-6,-7,-6,-6,-6,-6,-6,-6,-6,-6,-5,-6,-5,-6,-5,-6,-5,-6,-5,0,0,0,0,0,0,0,0,0,0,0,0,0,0,-60,3,-64,7,-64,8,-62,-3,-59,8,-60,10,-54,11,-52,6,-50,12,-49,13,-48,10,-42,13,-42,14,-39,11,-31,7,-36,14,-31,13,-27,10,-19,14,-14,11,-6,22,-6,19,6,25,7,26,13,33,9,40,11,42,10,49,10,49,11,52,13,55,11,54,12,56,12,58,13,62,4,58,11,63,3,67,5,69,2,62,-1,57,-4,56,1,55,-1,54,-4,59,3,50,-1,52,-3,44,-1,51,-1,44,-4,43,-3,41,-2,42,-2,41,0,37,-4,37,-4,41,0,0,0,0,0,0,0,0,0,0,0,0,0,0,0,0,0,0,0,0,0,0,44,-25,47,-17,49,-15,52,-16,50,-12,46,-10,45,-14,49,-14,54,-16,54,-16,63,-10,62,-13,65,-4,64,-11,63,-4,62,-9,61,-7,64,-8,66,-11,66,-7,62,-8,64,-9,58,-5,59,-4,55,-7,55,-11,54,-11,55,-14,55,-17,54,-22,48,-18,50,-17,45,-17,48,-20,41,-25,40,-28,43,-28,40,-29,36,-31,31,-37,32,-33,29,-35,31,-41,31,-42,26,-44,26,-41,21,-47,20,-45,24,-43,18,-43,17,-44,10,-46,-2,-45,-4,-48,2,-54,-6,-56,-4,-53,0,0]",1
CSI_DATA,62327,1a:00:00:00:00:00,-38,11,1,0,1,1,1,0,0,0,1,-97,0,11,2,836846067,0,44,0,384,0,"[0,0,0,0,0,0,0,0,0,0,0,0,-4,11,-3,10,-3,10,-3,10,-3,10,-3,9,-3,9,-2,8,-2,8,-2,7,-2,7,-1,6,-1,5,-1,4,0,3,1,2,2,2,3,1,4,1,5,0,6,0,7,0,8,0,9,1,9,1,10,1,0,0,11,2,11,2,11,1,12,2,11,2,12,3,12,3,11,4,11,4,10,4,10,4,10,4,9,4,9,3,9,3,8,3,8,3,8,3,7,3,7,3,7,3,7,2,7,3,6,2,6,2,6,2,0,0,0,0,0,0,0,0,0,0,0,0,0,0,58,-34,57,-32,53,-33,50,-31,47,-31,46,-31,45,-31,45,-25,41,-29,39,-29,34,-29,40,-26,34,-24,28,-23,28,-24,22,-25,14,-23,14,-20,14,-18,5,-19,-6,-20,-10,-20,-13,-19,-18,-20,-26,-28,-29,-31,-27,-37,-30,-41,-39,-41,-36,-45,-34,-47,-38,-48,-33,-45,-39,-43,-40,-49,-35,-56,-39,-51,-36,-56,-30,-56,-30,-57,-30,-55,-23,-55,-25,-48,-29,-49,-24,-52,-21,-45,-20,-50,-21,-47,-20,-42,-18,-43,-18,-42,-18,-36,-18,-35,-20,-34,-20,-36,-19,-38,-18,-40,0,0,0,0,0,0,0,0,0,0,0,0,0,0,0,0,0,0,0,0,0,0,-35,36,-38,35,-41,33,-41,30,-40,33,-39,32,-44,28,-43,30,-46,31,-50,32,-54,36,-53,32,-56,32,-58,26,-54,27,-55,30,-56,31,-55,35,-57,30,-58,29,-58,28,-58,32,-53,30,-54,27,-51,24,-47,28,-45,33,-44,35,-41,34,-44,37,-38,35,-42,38,-36,39,-30,39,-31,37,-30,42,-26,44,-26,44,-21,45,-22,43,-13,47,-9,48,-9,49,-11,50,-10,49,-11,48,-5,50,-3,50,-4,55,6,52,5,43,14,49,12,49,18,46,16,48,25,49,26,57,0,0]",1
CSI_DATA,62328,1a:00:00:00:00:00,-38,11,1,0,1,1,1,0,0,0,1,-97,0,11,2,836856038,0,44,0,384,0,"[0,0,0,0,0,0,0,0,0,0,0,0,0,-12,0,-11,-1,-11,0,-11,0,-11,0,-10,0,-9,0,-9,0,-9,-1,-8,-1,-8,-1,-7,-1,-6,-1,-5,-2,-4,-3,-3,-3,-2,-4,-1,-5,-1,-6,0,-7,0,-8,0,-9,0,-10,0,-11,0,-11,0,0,0,-11,-1,-12,-1,-12,-1,-12,0,-13,-1,-13,-2,-13,-3,-12,-3,-12,-3,-11,-3,-11,-3,-11,-3,-10,-3,-10,-3,-10,-3,-10,-3,-9,-3,-9,-3,-8,-3,-8,-3,-8,-3,-8,-3,-7,-2,-8,-2,-8,-2,-8,-2,0,0,0,0,0,0,0,0,0,0,0,0,0,0,-53,28,-56,30,-49,27,-49,27,-51,36,-51,27,-48,31,-45,26,-47,26,-39,29,-36,23,-36,25,-32,25,-37,25,-23,20,-28,24,-20,23,-16,18,-8,19,-5,22,3,22,7,20,12,22,13,19,18,27,27,33,30,38,29,39,28,40,31,46,34,42,33,50,31,48,32,44,32,51,31,55,32,56,27,56,25,58,23,59,22,56,24,51,19,56,18,52,20,47,19,47,18,49,18,50,15,43,11,39,12,45,8,35,11,41,11,35,10,39,16,38,12,37,0,0,0,0,0,0,0,0,0,0,0,0,0,0,0,0,0,0,0,0,0,0,29,-37,34,-35,34,-38,35,-31,36,-34,34,-30,32,-30,38,-30,40,-40,39,-39,47,-33,49,-37,49,-32,53,-32,51,-33,51,-34,48,-30,50,-34,48,-34,51,-34,50,-33,53,-33,53,-31,46,-31,48,-30,47,-31,43,-35,40,-34,41,-35,35,-33,36,-39,35,-39,31,-40,30,-41,29,-41,25,-39,21,-44,21,-44,19,-44,17,-43,10,-41,11,-47,4,-49,10,-52,4,-50,-2,-47,2,-51,-2,-46,1,-55,-5,-47,-6,-44,-14,-50,-17,-45,-18,-46,-24,-51,-24,-48,-27,-52,0,0]",1
CSI_DATA,62329,1a:00:00:00:00:00,-38,11,1,0,1,1,1,0,0,0,1,-97,0,11,2,836866025,0,44,0,384,0,"[0,0,0,0,0,0,0,0,0,0,0,0,4,10,4,10,3,9,4,9,4,9,4,9,3,8,3,8,3,7,3,6,3,6,3,5,3,4,3,3,3,2,3,1,3,0,3,-1,4,-2,5,-3,5,-4,7,-5,7,-5,8,-6,9,-5,9,-6,0,0,10,-5,10,-5,11,-5,11,-6,11,-5,12,-5,12,-4,12,-4,11,-3,11,-3,11,-3,10,-3,10,-3,10,-3,9,-3,9,-3,9,-2,8,-2,8,-2,8,-2,7,-2,7,-2,7,-2,7,-2,7,-2,7,-2,0,0,0,0,0,0,0,0,0,0,0,0,0,0,32,-56,36,-53,34,-49,34,-52,28,-50,32,-52,28,-52,34,-47,21,-44,22,-46,18,-43,22,-40,17,-41,15,-32,12,-35,12,-30,5,-30,5,-26,1,-22,-6,-20,-15,-19,-13,-19,-25,-15,-25,-17,-32,-15,-40,-17,-45,-15,-44,-23,-47,-25,-50,-28,-53,-26,-52,-26,-49,-23,-56,-30,-57,-28,-57,-31,-56,-33,-59,-35,-55,-40,-54,-40,-49,-38,-53,-38,-45,-36,-48,-35,-42,-32,-42,-32,-40,-31,-42,-32,-39,-33,-40,-33,-32,-30,-33,-29,-33,-25,-33,-24,-39,-23,-32,-24,-29,-26,0,0,0,0,0,0,0,0,0,0,0,0,0,0,0,0,0,0,0,0,0,0,-19,42,-22,42,-25,44,-28,42,-27,44,-28,43,-29,44,-28,45,-32,49,-30,49,-36,49,-35,50,-39,53,-40,49,-37,49,-40,45,-40,47,-37,51,-41,50,-43,52,-43,52,-45,47,-44,44,-35,38,-37,41,-31,48,-32,48,-28,49,-26,47,-22,47,-25,44,-24,46,-20,49,-17,44,-15,51,-11,49,-4,49,-3,46,-2,48,1,46,5,48,13,46,11,49,14,45,12,51,22,52,19,48,12,48,17,50,21,43,26,39,30,38,32,41,35,33,34,36,45,33,39,29,0,0]",1
CSI_DATA,62330,1a:00:00:00:00:00,-38,11,1,0,1,1,1,0,0,0,1,-97,0,11,2,836876039,0,44,0,384,0,"[0,0,0,0,0,0,0,0,0,0,0,0,-8,-8,-8,-8,-8,-7,-8,-7,-8,-7,-7,-7,-7,-6,-7,-6,-6,-6,-6,-5,-6,-5,-6,-4,-5,-3,-4,-2,-4,-2,-4,-1,-4,1,-4,1,-4,3,-4,4,-5,5,-5,5,-6,6,-7,7,-7,7,-8,7,0,0,-8,7,-8,7,-9,7,-9,8,-9,7,-10,7,-10,6,-10,6,-10,5,-10,5,-9,5,-9,5,-9,5,-9,5,-9,4,-8,4,-8,4,-8,4,-8,3,-7,3,-7,3,-7,3,-7,3,-6,3,-7,3,-7,3,0,0,0,0,0,0,0,0,0,0,0,0,0,0,-1,60,-1,60,-2,63,0,55,1,61,0,60,4,57,2,56,2,51,-2,51,3,54,4,45,3,43,5,38,4,37,6,31,7,32,8,21,15,15,13,11,19,12,24,6,26,2,34,-3,37,-2,43,-3,44,-2,53,-1,54,-1,59,-2,60,-1,57,3,58,4,62,3,63,2,62,7,61,3,68,13,66,15,61,9,57,18,54,16,57,14,53,8,54,9,54,12,49,12,44,13,48,15,47,14,43,13,39,14,34,12,37,13,37,9,34,10,39,17,0,0,0,0,0,0,0,0,0,0,0,0,0,0,0,0,0,0,0,0,0,0,-15,-45,-13,-48,-10,-46,-7,-50,-11,-51,-9,-52,-8,-49,-4,-54,-11,-60,-11,-55,-6,-61,-10,-60,-7,-64,0,-66,-4,-64,0,-62,-4,-63,-3,-62,-3,-65,-1,-65,-1,-62,-1,-65,5,-62,-1,-58,-5,-55,-3,-58,-7,-55,-8,-58,-9,-49,-14,-51,-16,-48,-17,-50,-16,-47,-18,-50,-21,-45,-20,-46,-26,-41,-22,-47,-27,-36,-27,-35,-37,-39,-33,-31,-39,-36,-40,-32,-41,-34,-45,-37,-45,-29,-42,-31,-42,-24,-42,-25,-42,-18,-48,-13,-47,-13,-47,-7,-52,-5,-56,-9,-55,-2,0,0]",1
CSI_DATA,62331,1a:00:00:00:00:00,-38,11,1,0,1,1,1,0,0,0,1,-97,0,11,2,836896014,0,44,0,384,0,"[0,0,0,0,0,0,0,0,0,0,0,0,-11,1,-11,1,-10,1,-11,1,-10,1,-10,1,-9,1,-9,1,-8,1,-8,1,-7,1,-7,1,-6,1,-5,2,-4,2,-3,2,-2,3,-1,4,0,4,0,5,0,6,0,7,0,8,0,9,0,10,0,10,0,0,-1,10,0,10,-1,11,-1,11,-1,11,-2,12,-2,11,-3,11,-3,11,-3,10,-3,10,-3,9,-3,9,-3,9,-3,9,-3,9,-3,8,-3,8,-3,7,-3,7,-3,7,-3,7,-3,6,-2,6,-3,6,-3,6,0,0,0,0,0,0,0,0,0,0,0,0,0,0,38,47,37,38,40,42,40,41,45,41,42,36,40,41,40,36,40,30,36,34,27,32,33,28,32,24,28,21,30,23,27,16,25,15,24,14,21,9,21,-3,21,-3,17,-12,23,-17,21,-19,26,-29,31,-30,36,-32,39,-27,45,-30,42,-34,44,-35,45,-31,46,-33,48,-43,52,-40,53,-37,52,-35,55,-33,57,-28,56,-30,56,-23,49,-29,50,-27,52,-22,50,-24,47,-22,49,-17,45,-20,44,-20,44,-17,38,-15,39,-15,38,-14,36,-14,36,-14,33,-13,40,-11,0,0,0,0,0,0,0,0,0,0,0,0,0,0,0,0,0,0,0,0,0,0,-39,-11,-40,-19,-40,-21,-38,-27,-41,-24,-38,-21,-43,-21,-43,-25,-48,-25,-51,-26,-51,-32,-54,-36,-54,-36,-54,-40,-48,-43,-47,-36,-42,-40,-51,-40,-50,-42,-49,-44,-47,-43,-46,-47,-45,-43,-39,-41,-43,-36,-40,-34,-42,-35,-45,-29,-44,-24,-48,-27,-42,-25,-46,-25,-49,-16,-50,-19,-46,-15,-46,-14,-46,-10,-44,-12,-47,-9,-47,-8,-43,3,-46,-1,-52,2,-54,5,-52,5,-44,9,-51,10,-49,13,-45,19,-48,16,-42,19,-44,21,-43,21,-36,27,-40,33,-45,33,-38,40,0,0]",1
CSI_DATA,62332,1a:00:00:00:00:00,-38,11,1,0,1,1,1,0,0,0,1,-97,0,11,2,836906019,0,44,0,384,0,"[0,0,0,0,0,0,0,0,0,0,0,0,9,-6,9,-6,9,-5,9,-5,8,-5,8,-5,7,-5,7,-5,6,-5,6,-5,6,-4,5,-4,4,-4,3,-4,2,-4,1,-4,0,-4,-1,-5,-2,-5,-3,-6,-3,-7,-4,-8,-4,-9,-4,-9,-4,-10,-4,-10,0,0,-4,-11,-4,-11,-4,-11,-4,-12,-4,-12,-3,-12,-3,-12,-2,-12,-2,-12,-1,-11,-2,-11,-2,-11,-1,-10,-2,-10,-1,-10,-1,-10,-1,-10,-1,-9,-1,-9,-1,-8,0,-8,-1,-8,-1,-8,-1,-8,-1,-8,0,-8,0,0,0,0,0,0,0,0,0,0,0,0,0,0,-58,-25,-59,-32,-54,-28,-57,-24,-53,-20,-52,-24,-54,-18,-52,-22,-50,-20,-55,-20,-45,-19,-46,-14,-42,-13,-43,-7,-34,-12,-34,-9,-33,-5,-27,-2,-25,2,-22,9,-21,17,-18,17,-14,28,-16,29,-18,38,-16,41,-25,42,-27,47,-30,45,-29,50,-29,49,-33,53,-26,48,-29,57,-28,52,-35,58,-34,57,-39,52,-39,53,-40,48,-36,48,-39,45,-43,45,-37,48,-37,41,-37,42,-35,42,-36,39,-35,36,-32,30,-32,33,-29,25,-31,29,-26,24,-25,31,-30,27,-33,26,0,0,0,0,0,0,0,0,0,0,0,0,0,0,0,0,0,0,0,0,0,0,46,-1,47,4,47,5,48,9,47,8,46,6,46,6,53,10,56,7,53,7,59,13,61,12,62,16,63,20,57,20,57,20,65,18,57,20,64,18,62,24,62,20,64,22,53,19,54,22,52,17,52,18,51,11,50,11,45,14,55,9,47,4,53,5,47,0,49,2,52,0,50,-6,43,-8,46,-9,43,-9,44,-17,47,-18,40,-21,46,-24,40,-24,47,-27,43,-28,41,-30,37,-28,39,-31,33,-32,30,-34,27,-38,30,-43,26,-42,25,-48,22,-53,22,-52,0,0]",1
CSI_DATA,62333,1a:00:00:00:00:00,-38,11,1,0,1,1,1,0,0,0,1,-97,0,11,2,836916055,0,44,0,384,0,"[0,0,0,0,0,0,0,0,0,0,0,0,-8,8,-7,8,-7,8,-7,8,-6,7,-6,7,-6,7,-6,7,-5,6,-5,6,-5,6,-4,5,-3,5,-3,4,-1,4,-1,3,1,3,2,3,3,3,4,4,5,4,6,4,6,5,7,6,6,6,7,7,0,0,7,7,7,7,7,7,7,8,7,8,7,9,7,9,6,9,6,9,5,9,5,8,5,8,5,8,5,8,5,8,5,7,4,7,4,7,4,7,3,7,3,6,3,6,3,6,3,6,3,6,3,6,0,0,0,0,0,0,0,0,0,0,0,0,0,0,62,-5,67,0,61,-6,58,-4,61,-8,57,-3,59,-5,60,-4,60,-6,49,-5,47,-7,44,-4,45,-7,44,-5,36,-9,32,-8,31,-13,25,-12,23,-17,20,-19,14,-25,10,-27,5,-27,-1,-33,-1,-39,-1,-45,-2,-48,-3,-54,-1,-55,1,-55,-1,-55,-2,-55,0,-60,-3,-60,5,-67,2,-65,8,-66,10,-65,14,-65,13,-64,15,-64,9,-60,15,-58,8,-58,11,-53,10,-58,12,-46,12,-55,14,-45,11,-41,11,-45,17,-37,10,-41,13,-37,6,-38,12,-36,13,-36,0,0,0,0,0,0,0,0,0,0,0,0,0,0,0,0,0,0,0,0,0,0,-46,20,-50,13,-48,10,-48,10,-45,11,-48,11,-46,11,-52,12,-51,17,-61,18,-58,13,-59,10,-62,5,-68,9,-64,7,-61,6,-63,5,-64,4,-63,6,-65,-1,-63,0,-69,2,-65,-3,-60,1,-54,6,-53,10,-56,6,-55,14,-54,9,-49,11,-50,12,-50,13,-46,15,-45,17,-48,21,-44,22,-42,25,-39,29,-40,31,-32,35,-33,34,-30,33,-30,38,-29,42,-28,43,-29,44,-24,48,-22,43,-27,40,-19,43,-17,48,-11,46,-12,50,-4,47,-1,59,-3,58,0,59,0,0]",1
CSI_DATA,62334,1a:00:00:00:00:00,-38,11,1,0,1,1,1,0,0,0,1,-97,0,11,2,836936047,0,44,0,384,0,"[0,0,0,0,0,0,0,0,0,0,0,0,2,11,2,10,2,10,2,10,2,9,2,9,2,8,2,8,2,8,2,7,2,7,2,6,2,5,2,4,2,3,2,2,3,1,3,0,4,-1,5,-1,6,-2,7,-2,8,-2,8,-2,9,-2,9,-2,0,0,10,-2,10,-2,10,-2,11,-2,11,-1,12,-1,12,0,11,0,11,0,10,1,10,1,10,1,9,1,9,0,9,1,9,0,9,1,8,1,8,1,7,1,7,1,7,1,7,0,7,1,7,1,7,1,0,0,0,0,0,0,0,0,0,0,0,0,0,0,30,-60,33,-58,30,-61,32,-61,28,-55,30,-54,27,-49,23,-51,20,-45,23,-52,19,-46,17,-47,12,-45,13,-44,11,-40,10,-38,8,-32,4,-29,-2,-29,-5,-22,-16,-19,-15,-22,-19,-18,-28,-14,-32,-20,-35,-18,-42,-24,-40,-28,-41,-26,-46,-31,-46,-31,-50,-28,-49,-30,-53,-31,-52,-34,-54,-35,-50,-39,-51,-41,-48,-39,-48,-40,-43,-39,-45,-37,-41,-39,-41,-42,-40,-35,-41,-35,-35,-35,-38,-33,-32,-33,-30,-31,-30,-30,-34,-30,-28,-29,-26,-32,-28,-27,-27,-27,-27,-36,0,0,0,0,0,0,0,0,0,0,0,0,0,0,0,0,0,0,0,0,0,0,-3,46,-3,49,-6,48,-8,47,-12,48,-9,44,-6,49,-8,51,-11,54,-8,57,-11,60,-16,62,-17,63,-19,61,-20,61,-20,59,-24,62,-22,61,-19,66,-22,61,-22,59,-25,59,-25,56,-22,50,-25,49,-22,50,-13,50,-14,55,-11,51,-7,55,-6,49,-9,51,-3,51,-3,48,-2,52,4,45,6,47,8,45,11,42,12,46,18,45,17,43,22,47,22,45,25,47,26,45,26,39,32,41,32,39,32,38,32,32,36,34,41,29,41,30,48,28,47,29,56,27,0,0]",1
CSI_DATA,62335,1a:00:00:00:00:00,-38,11,1,0,1,1,1,0,0,0,1,-97,0,11,2,836946095,0,44,0,384,0,"[0,0,0,0,0,0,0,0,0,0,0,0,-6,-11,-6,-11,-5,-10,-5,-10,-5,-10,-5,-9,-5,-9,-5,-9,-5,-8,-5,-8,-4,-7,-4,-7,-4,-6,-4,-5,-4,-4,-4,-3,-4,-2,-4,-1,-5,1,-6,1,-6,2,-8,2,-8,3,-9,3,-10,3,-10,3,0,0,-11,3,-11,3,-11,3,-12,3,-12,3,-12,2,-12,1,-12,1,-12,0,-11,0,-11,0,-11,0,-10,0,-10,0,-10,0,-10,0,-10,0,-9,0,-9,-1,-8,-1,-8,-1,-8,-1,-8,-1,-7,-1,-8,-1,-8,-1,0,0,0,0,0,0,0,0,0,0,0,0,0,0,-28,66,-28,59,-27,58,-28,55,-30,57,-29,57,-24,48,-23,56,-20,51,-18,48,-21,47,-17,46,-14,45,-9,37,-14,40,-8,41,-8,29,-4,27,0,25,5,18,11,19,18,16,23,18,24,16,30,16,34,21,41,22,39,22,41,25,43,30,47,31,44,27,44,31,49,32,50,32,52,38,53,39,48,40,41,39,44,40,38,45,32,42,41,38,42,37,34,37,34,42,30,41,33,38,30,35,28,32,20,34,21,33,24,30,21,30,20,30,25,29,21,31,0,0,0,0,0,0,0,0,0,0,0,0,0,0,0,0,0,0,0,0,0,0,-14,-45,-9,-47,-5,-45,-3,-50,-1,-47,-8,-43,-8,-47,-7,-56,-7,-57,-4,-60,-3,-63,-4,-64,3,-65,2,-64,8,-64,5,-66,3,-63,7,-65,10,-64,11,-62,13,-63,14,-68,12,-65,11,-60,6,-56,6,-57,9,-52,3,-57,-1,-48,-2,-53,-6,-49,-4,-51,-5,-50,-11,-51,-5,-47,-10,-49,-10,-47,-14,-47,-17,-48,-24,-42,-24,-41,-27,-44,-31,-41,-29,-42,-33,-44,-31,-39,-33,-41,-31,-41,-35,-40,-33,-37,-34,-34,-44,-29,-42,-25,-46,-28,-47,-26,-47,-27,-62,-29,0,0]",1
CSI_DATA,62336,1a:00:00:00:00:00,-38,11,1,0,1,1,1,0,0,0,1,-97,0,11,2,836956036,0,44,0,384,0,"[0,0,0,0,0,0,0,0,0,0,0,0,10,5,10,5,9,5,9,5,9,4,9,4,8,4,8,4,7,3,7,3,7,3,6,2,5,2,5,1,4,1,3,-1,3,-2,3,-3,3,-4,3,-5,3,-6,4,-7,4,-7,5,-8,5,-8,5,-9,0,0,6,-9,6,-9,6,-10,7,-10,7,-10,8,-9,8,-9,8,-8,8,-8,8,-7,8,-7,8,-7,7,-7,7,-7,7,-6,7,-6,7,-6,7,-6,6,-5,6,-5,6,-4,6,-5,5,-5,5,-4,6,-4,6,-4,0,0,0,0,0,0,0,0,0,0,0,0,0,0,-20,-68,-11,-66,-13,-66,-17,-66,-14,-61,-9,-66,-17,-59,-12,-58,-17,-54,-14,-54,-13,-50,-7,-46,-12,-41,-13,-39,-13,-41,-15,-37,-15,-35,-15,-23,-13,-24,-14,-15,-18,-11,-24,-4,-28,-1,-28,1,-38,2,-43,4,-47,8,-50,5,-50,2,-53,5,-54,5,-57,3,-58,9,-58,4,-60,5,-64,-3,-65,-2,-64,-4,-69,-13,-63,-6,-56,-10,-57,-9,-57,-10,-55,-7,-50,-12,-50,-10,-51,-10,-53,-10,-47,-12,-46,-10,-45,-14,-43,-14,-40,-11,-43,-11,-38,-10,-38,-14,-40,-13,0,0,0,0,0,0,0,0,0,0,0,0,0,0,0,0,0,0,0,0,0,0,31,33,33,36,31,35,30,38,28,37,29,39,28,38,34,36,37,41,38,44,33,52,33,54,34,60,32,56,28,57,28,55,31,57,25,61,31,58,26,57,32,57,24,59,20,57,24,54,19,49,23,50,25,50,28,49,26,43,32,40,33,41,29,42,30,42,37,37,36,35,38,36,39,34,40,26,37,28,43,23,42,22,49,25,50,19,51,17,48,17,53,10,53,15,50,11,50,9,51,7,45,3,50,4,51,-1,52,0,53,-12,64,-11,59,-13,0,0]",1
CSI_DATA,62337,1a:00:00:00:00:00,-38,11,1,0,1,1,1,0,0,0,1,-97,0,11,2,836966031,0,44,0,384,0,"[0,0,0,0,0,0,0,0,0,0,0,0,-13,-1,-12,-1,-12,-1,-12,-1,-11,-1,-11,-1,-10,-1,-10,-1,-10,-1,-9,-1,-8,0,-8,0,-7,0,-6,0,-5,1,-4,2,-3,2,-3,3,-2,4,-2,5,-2,6,-2,7,-2,8,-3,9,-3,9,-3,10,0,0,-4,10,-4,10,-4,10,-4,11,-4,11,-5,11,-6,11,-6,10,-7,10,-7,9,-6,9,-6,8,-6,8,-6,8,-6,8,-6,8,-6,7,-6,7,-6,6,-5,6,-6,6,-5,5,-5,5,-5,5,-5,5,-5,5,0,0,0,0,0,0,0,0,0,0,0,0,0,0,45,50,40,52,40,48,37,44,43,48,38,48,42,41,42,42,40,40,37,37,32,37,31,34,33,30,30,29,28,24,31,25,26,16,24,14,24,10,22,3,23,-2,23,-6,22,-16,29,-18,32,-23,36,-24,37,-26,41,-29,44,-29,47,-28,48,-29,51,-32,48,-29,51,-32,49,-31,58,-30,58,-27,61,-20,61,-20,56,-23,56,-21,52,-14,50,-17,54,-24,52,-14,54,-18,48,-12,46,-17,42,-11,40,-3,42,-6,40,-8,38,-7,37,-6,36,-13,36,-7,41,-7,0,0,0,0,0,0,0,0,0,0,0,0,0,0,0,0,0,0,0,0,0,0,-46,-11,-42,-16,-42,-16,-38,-16,-42,-20,-44,-20,-44,-17,-46,-21,-49,-20,-50,-20,-50,-24,-52,-31,-53,-34,-53,-32,-50,-35,-52,-34,-50,-36,-52,-30,-50,-32,-52,-40,-49,-38,-47,-37,-46,-40,-42,-35,-37,-28,-43,-33,-47,-25,-44,-28,-42,-22,-50,-24,-49,-22,-48,-18,-46,-17,-44,-19,-49,-16,-45,-13,-45,-6,-48,-7,-47,-1,-46,-4,-48,3,-50,6,-46,8,-51,8,-50,12,-55,12,-56,12,-41,9,-45,19,-46,21,-47,19,-45,21,-42,27,-41,28,-39,35,-42,38,-48,40,0,0]",1
CSI_DATA,62338,1a:00:00:00:00:00,-37,11,1,0,1,1,1,0,0,0,1,-97,0,11,2,836976045,0,44,0,384,0,"[0,0,0,0,0,0,0,0,0,0,0,0,10,-6,10,-6,10,-5,9,-5,9,-5,8,-5,8,-5,8,-5,7,-5,7,-5,6,-5,5,-4,5,-4,4,-4,3,-4,2,-5,1,-5,0,-5,-1,-6,-2,-7,-2,-7,-2,-8,-3,-9,-3,-10,-3,-10,-3,-11,0,0,-3,-12,-3,-12,-3,-12,-3,-12,-2,-13,-2,-13,-1,-13,-1,-12,0,-12,0,-12,0,-12,0,-11,0,-11,0,-11,0,-10,0,-10,0,-10,1,-9,1,-9,1,-8,1,-8,1,-8,0,-8,0,-7,0,-8,1,-8,0,0,0,0,0,0,0,0,0,0,0,0,0,0,-62,-31,-66,-34,-55,-35,-57,-28,-61,-32,-61,-31,-52,-26,-58,-28,-54,-29,-48,-24,-47,-23,-52,-22,-46,-23,-47,-15,-38,-16,-34,-11,-38,-11,-31,-8,-29,-4,-30,7,-21,12,-23,14,-23,21,-25,24,-28,29,-34,32,-33,38,-37,40,-38,41,-39,44,-39,43,-39,47,-37,43,-42,47,-47,47,-46,49,-48,45,-50,43,-60,41,-59,35,-52,33,-48,35,-54,32,-50,32,-46,29,-43,28,-46,28,-47,25,-44,27,-42,19,-42,19,-40,16,-36,20,-36,20,-37,18,-37,19,-33,19,0,0,0,0,0,0,0,0,0,0,0,0,0,0,0,0,0,0,0,0,0,0,44,-1,47,-5,45,4,47,5,44,1,41,1,48,4,51,2,59,3,54,-2,62,1,61,6,61,7,61,9,58,14,57,17,62,11,65,13,58,11,58,19,58,20,58,21,54,18,56,18,54,15,48,12,47,12,50,8,52,7,48,2,58,3,54,-1,46,-2,49,-5,48,-8,49,-8,47,-14,47,-11,49,-17,45,-19,42,-27,42,-24,44,-27,47,-25,44,-25,47,-21,47,-29,42,-29,47,-30,35,-38,30,-35,38,-41,31,-44,32,-45,22,-49,28,-60,25,-62,0,0]",1
CSI_DATA,62339,1a:00:00:00:00:00,-37,11,1,0,1,1,1,0,0,0,1,-97,0,11,2,836986044,0,44,0,384,0,"[0,0,0,0,0,0,0,0,0,0,0,0,-7,10,-6,9,-6,10,-6,9,-6,9,-6,8,-5,8,-5,8,-5,8,-4,7,-4,7,-4,6,-3,6,-2,5,-1,5,0,5,1,4,2,5,3,4,4,5,5,5,6,6,6,7,6,7,6,7,7,7,0,0,7,8,7,9,7,9,7,9,7,9,7,10,6,10,6,10,5,10,4,10,4,9,4,9,4,9,4,8,4,9,3,8,3,9,3,8,2,8,2,7,2,7,2,7,2,7,2,6,2,7,1,6,0,0,0,0,0,0,0,0,0,0,0,0,0,0,68,-14,63,-15,61,-15,62,-15,61,-13,66,-13,57,-14,58,-15,53,-15,54,-13,49,-12,53,-10,43,-19,38,-20,40,-14,41,-16,31,-19,24,-19,22,-17,15,-20,18,-23,9,-29,9,-33,4,-33,2,-41,3,-48,7,-49,7,-52,9,-54,4,-60,7,-58,12,-64,9,-58,10,-63,15,-60,13,-67,17,-63,20,-65,19,-65,24,-60,25,-55,23,-57,23,-53,22,-53,29,-51,26,-44,26,-46,27,-47,26,-44,26,-36,24,-39,20,-35,23,-38,24,-34,20,-35,22,-33,26,-33,0,0,0,0,0,0,0,0,0,0,0,0,0,0,0,0,0,0,0,0,0,0,-23,33,-28,37,-26,29,-32,33,-30,31,-28,35,-26,31,-32,34,-38,36,-37,39,-41,42,-43,37,-44,36,-47,38,-49,30,-43,31,-45,35,-44,33,-50,39,-46,32,-50,32,-52,30,-48,26,-47,31,-46,29,-40,33,-37,28,-39,33,-34,32,-33,36,-30,34,-32,37,-36,34,-33,35,-31,37,-30,40,-30,39,-21,40,-19,41,-18,41,-17,41,-9,45,-15,52,-18,51,-14,53,-13,44,-11,47,-9,51,-7,50,-5,47,0,52,4,47,7,50,12,47,14,55,16,61,17,60,0,0]",1
CSI_DATA,62340,1a:00:00:00:00:00,-37,11,1,0,1,1,1,0,0,0,1,-97,0,11,2,837006838,0,44,0,384,0,"[0,0,0,0,0,0,0,0,0,0,0,0,-6,10,-6,10,-6,9,-6,9,-5,9,-5,9,-5,8,-5,8,-5,7,-4,8,-4,7,-4,7,-3,6,-2,5,-1,5,0,5,1,4,2,5,3,5,4,5,4,5,5,6,6,7,6,7,6,8,6,8,0,0,6,9,7,9,7,9,7,10,7,10,6,10,5,10,5,11,4,10,4,10,4,10,4,9,4,9,3,9,3,9,3,8,2,8,2,8,2,7,1,7,1,7,1,6,2,6,2,6,1,6,1,6,0,0,0,0,0,0,0,0,0,0,0,0,0,0,65,-14,67,-14,64,-18,66,-7,64,-14,55,-14,59,-16,59,-15,54,-15,52,-11,50,-14,50,-11,45,-15,45,-16,41,-17,38,-16,32,-15,27,-18,27,-18,19,-23,18,-24,10,-27,9,-32,3,-41,7,-39,4,-43,1,-54,10,-58,8,-56,11,-58,12,-61,13,-62,11,-59,13,-61,17,-63,14,-63,20,-61,22,-61,26,-58,21,-63,26,-55,23,-50,29,-51,19,-50,23,-50,21,-50,24,-42,26,-42,24,-43,21,-36,20,-33,22,-34,21,-32,20,-31,16,-35,19,-28,24,-31,0,0,0,0,0,0,0,0,0,0,0,0,0,0,0,0,0,0,0,0,0,0,-24,37,-27,32,-31,32,-32,29,-31,26,-26,28,-30,32,-30,31,-36,34,-38,35,-43,34,-45,35,-46,38,-47,34,-48,30,-46,28,-50,30,-47,31,-51,37,-46,32,-46,30,-54,30,-48,29,-45,28,-46,27,-43,31,-40,30,-39,37,-37,31,-34,35,-37,36,-36,35,-32,34,-33,35,-29,38,-30,36,-30,44,-27,40,-23,42,-20,43,-21,46,-12,48,-18,47,-17,43,-17,53,-10,42,-10,48,-12,50,-8,45,-5,48,0,49,0,52,8,51,2,48,6,58,15,61,15,58,0,0]",1
CSI_DATA,62341,1a:00:00:00:00:00,-37,11,1,0,1,1,1,0,0,0,1,-97,0,11,2,837016028,0,44,0,384,0,"[0,0,0,0,0,0,0,0,0,0,0,0,-12,-3,-12,-3,-11,-3,-11,-3,-10,-3,-11,-3,-10,-3,-10,-3,-9,-3,-9,-2,-9,-2,-8,-1,-7,-1,-6,-1,-6,0,-5,1,-5,2,-5,3,-5,4,-5,5,-5,5,-5,6,-6,7,-6,8,-7,8,-7,8,0,0,-8,8,-8,8,-8,8,-8,8,-9,8,-10,8,-10,7,-10,6,-10,6,-9,6,-9,6,-9,5,-8,5,-8,5,-8,4,-9,5,-8,4,-8,4,-8,3,-7,3,-7,3,-7,2,-6,3,-6,3,-7,3,-7,3,0,0,0,0,0,0,0,0,0,0,0,0,0,0,32,56,33,61,33,59,30,59,28,54,30,52,28,54,35,52,30,48,31,48,28,49,30,46,24,40,28,39,23,37,24,31,25,29,24,23,27,15,27,17,29,8,29,4,32,-3,40,-5,42,-7,47,-4,49,-7,53,-7,53,-9,54,-10,60,-7,62,-4,57,-1,65,-8,62,1,66,1,64,6,64,5,61,12,60,8,52,9,55,14,56,13,52,12,54,14,47,13,51,16,48,10,45,14,43,14,39,17,39,14,36,13,36,14,33,14,36,10,36,17,0,0,0,0,0,0,0,0,0,0,0,0,0,0,0,0,0,0,0,0,0,0,-39,-9,-44,-12,-40,-13,-46,-14,-43,-15,-41,-23,-41,-16,-44,-19,-50,-17,-50,-20,-51,-18,-53,-27,-53,-28,-49,-30,-45,-30,-46,-33,-49,-32,-49,-30,-54,-33,-47,-35,-47,-36,-49,-37,-45,-35,-43,-34,-46,-29,-46,-32,-47,-26,-47,-26,-46,-28,-49,-21,-43,-19,-48,-19,-48,-20,-50,-20,-47,-15,-47,-15,-48,-16,-50,-9,-53,-9,-49,-4,-53,-6,-49,0,-55,2,-55,0,-58,3,-53,-2,-55,2,-54,6,-52,6,-49,10,-44,13,-48,16,-51,22,-45,22,-52,35,-48,32,-52,23,0,0]",1
CSI_DATA,62342,1a:00:00:00:00:00,-37,11,1,0,1,1,1,0,0,0,1,-97,0,11,2,837026033,0,44,0,384,0,"[0,0,0,0,0,0,0,0,0,0,0,0,11,-4,11,-3,11,-4,10,-3,10,-4,9,-4,9,-4,9,-3,9,-3,8,-3,7,-3,7,-3,6,-3,5,-3,4,-4,3,-4,2,-5,2,-5,1,-6,1,-7,0,-8,0,-9,1,-10,0,-10,0,-11,1,-11,0,0,1,-12,1,-12,1,-11,2,-12,2,-12,3,-12,3,-12,3,-11,4,-11,4,-11,4,-10,3,-10,3,-10,3,-9,4,-9,3,-8,3,-8,3,-8,3,-7,3,-7,3,-7,3,-7,3,-7,2,-7,3,-7,3,-6,0,0,0,0,0,0,0,0,0,0,0,0,0,0,-60,-37,-63,-40,-61,-40,-60,-37,-61,-37,-53,-36,-54,-32,-56,-32,-48,-23,-54,-29,-48,-26,-48,-21,-46,-24,-45,-20,-42,-20,-35,-16,-36,-13,-34,-11,-32,-5,-26,3,-30,7,-28,6,-32,16,-28,21,-32,27,-34,30,-39,30,-42,32,-43,34,-46,35,-47,37,-51,37,-53,32,-50,36,-49,32,-58,36,-56,31,-60,32,-58,31,-59,24,-53,18,-52,22,-54,16,-53,22,-54,20,-51,21,-47,17,-49,16,-44,8,-40,12,-43,9,-39,7,-37,13,-38,11,-36,9,-37,6,-39,7,0,0,0,0,0,0,0,0,0,0,0,0,0,0,0,0,0,0,0,0,0,0,42,-15,45,-11,42,-9,47,-10,44,-5,45,-9,46,-6,47,-5,51,-8,52,-12,57,1,60,0,60,2,60,4,59,7,54,3,60,3,57,2,64,5,59,6,58,8,60,10,52,6,56,8,52,4,49,6,51,-1,53,-2,52,0,53,-5,46,-3,50,-8,50,-5,52,-8,50,-11,48,-11,50,-13,48,-15,50,-17,47,-21,43,-25,41,-28,46,-26,46,-28,48,-33,42,-25,43,-32,40,-32,41,-32,37,-34,31,-38,28,-40,33,-48,28,-49,30,-50,31,-61,32,-53,0,0]",1
CSI_DATA,62343,1a:00:00:00:00:00,-37,11,1,0,1,1,1,0,0,0,1,-97,0,11,2,837046013,0,44,0,384,0,"[0,0,0,0,0,0,0,0,0,0,0,0,3,-12,4,-11,3,-11,3,-11,3,-11,3,-10,3,-10,3,-10,3,-9,2,-9,2,-8,2,-8,1,-7,1,-7,0,-6,-1,-6,-2,-5,-3,-5,-4,-5,-5,-6,-5,-6,-6,-6,-6,-7,-7,-7,-7,-8,-7,-8,0,0,-7,-9,-7,-9,-8,-9,-7,-9,-7,-10,-7,-11,-6,-11,-5,-11,-5,-10,-5,-10,-5,-10,-4,-10,-4,-9,-4,-9,-4,-9,-3,-9,-3,-9,-3,-8,-3,-8,-2,-7,-2,-7,-2,-7,-2,-7,-3,-7,-2,-7,-2,-7,0,0,0,0,0,0,0,0,0,0,0,0,0,0,-66,20,-54,31,-60,32,-55,24,-58,29,-55,26,-51,25,-55,21,-52,22,-50,16,-45,21,-51,18,-40,21,-40,20,-36,22,-32,19,-29,22,-25,21,-20,22,-13,25,-18,24,-7,26,-6,30,-3,34,1,38,1,43,-1,43,1,53,5,51,0,52,1,53,1,58,0,55,0,56,-2,58,-2,61,-6,59,-12,64,-11,63,-13,58,-18,51,-12,51,-12,52,-13,48,-18,48,-12,48,-16,50,-16,46,-13,40,-14,35,-18,38,-16,34,-14,35,-12,30,-10,33,-15,35,-16,33,0,0,0,0,0,0,0,0,0,0,0,0,0,0,0,0,0,0,0,0,0,0,9,-41,14,-42,14,-41,16,-44,17,-42,16,-41,19,-38,22,-41,20,-44,20,-45,32,-48,29,-45,31,-48,29,-50,32,-41,28,-44,36,-47,34,-48,33,-44,38,-49,39,-46,36,-45,39,-44,34,-37,34,-45,29,-42,25,-46,30,-43,25,-43,24,-44,20,-48,24,-49,24,-48,19,-47,16,-48,17,-43,17,-48,11,-52,11,-47,6,-50,8,-49,2,-51,-2,-54,-1,-53,4,-55,4,-58,2,-53,1,-49,-8,-50,-8,-45,-6,-51,-20,-54,-13,-49,-19,-49,-28,-48,-24,-51,-34,-51,0,0]",1
CSI_DATA,62344,1a:00:00:00:00:00,-37,11,1,0,1,1,1,0,0,0,1,-97,0,11,2,837056028,0,44,0,384,0,"[0,0,0,0,0,0,0,0,0,0,0,0,0,11,0,11,0,10,0,10,0,10,0,10,0,10,0,9,0,9,0,8,0,8,0,7,0,6,1,6,1,5,2,4,3,4,3,3,4,3,5,3,6,3,7,3,7,3,8,3,8,4,8,4,0,0,9,5,9,5,9,5,9,5,9,6,9,6,9,7,8,7,8,7,7,7,7,7,6,7,6,6,6,6,6,6,6,6,5,6,5,6,5,5,4,5,4,5,4,5,4,5,4,4,4,5,3,5,0,0,0,0,0,0,0,0,0,0,0,0,0,0,45,-47,46,-47,46,-49,48,-47,45,-45,46,-46,42,-45,42,-44,43,-42,39,-42,38,-37,36,-38,36,-36,30,-39,28,-32,27,-34,22,-31,23,-31,14,-35,13,-27,3,-31,0,-32,-5,-35,-9,-37,-12,-43,-12,-44,-17,-41,-16,-48,-16,-52,-16,-56,-18,-57,-15,-63,-16,-52,-19,-61,-14,-58,-15,-63,-12,-62,-7,-70,-3,-64,-1,-62,0,-57,-2,-53,-2,-56,-3,-56,-2,-57,2,-50,6,-54,4,-47,1,-46,3,-42,5,-43,4,-39,2,-39,3,-37,5,-37,2,-36,7,-37,0,0,0,0,0,0,0,0,0,0,0,0,0,0,0,0,0,0,0,0,0,0,12,41,5,46,5,45,1,45,2,45,2,47,1,47,1,50,0,50,-2,55,-3,55,-5,54,-7,58,-10,60,-13,60,-9,52,-14,59,-11,56,-14,61,-17,60,-20,62,-20,60,-16,52,-15,53,-18,52,-13,55,-9,51,-13,52,-7,48,-8,57,-8,54,-7,56,-6,50,-5,52,0,55,2,51,4,49,4,50,10,52,7,50,11,51,15,47,18,51,18,53,19,53,15,53,18,52,23,49,25,50,25,47,23,43,31,42,37,41,35,36,40,40,42,49,40,42,0,0]",1
CSI_DATA,62345,1a:00:00:00:00:00,-37,11,1,0,1,1,1,0,0,0,1,-97,0,11,2,837066034,0,44,0,384,0,"[0,0,0,0,0,0,0,0,0,0,0,0,-6,-11,-6,-10,-6,-10,-6,-10,-6,-9,-5,-9,-5,-9,-5,-9,-5,-8,-5,-8,-5,-7,-5,-7,-5,-6,-5,-5,-5,-4,-5,-4,-5,-3,-5,-2,-6,-1,-7,-1,-7,-1,-8,-1,-9,0,-10,0,-10,0,-10,0,0,0,-10,-1,-11,-1,-11,-1,-12,-1,-11,-1,-12,-2,-12,-3,-11,-3,-11,-4,-10,-4,-10,-3,-10,-3,-9,-3,-9,-3,-9,-4,-8,-4,-8,-4,-8,-4,-7,-4,-7,-4,-7,-4,-6,-4,-7,-3,-6,-3,-6,-3,-6,-4,0,0,0,0,0,0,0,0,0,0,0,0,0,0,-9,63,-2,67,-9,65,-11,62,-5,67,-10,65,0,60,-8,61,-9,56,-8,56,-9,53,-8,53,-6,50,2,47,0,45,-1,42,0,39,6,34,6,30,11,27,20,21,23,23,27,20,25,20,30,21,38,21,35,27,41,28,43,25,43,29,41,28,49,33,45,28,49,33,42,34,46,42,45,40,43,45,43,44,40,43,34,38,35,40,36,44,35,41,31,36,32,38,25,35,25,38,24,35,23,36,21,33,15,33,21,26,20,31,20,25,19,30,17,33,0,0,0,0,0,0,0,0,0,0,0,0,0,0,0,0,0,0,0,0,0,0,-35,-22,-33,-25,-35,-26,-32,-41,-36,-36,-31,-33,-33,-34,-32,-36,-34,-36,-35,-43,-34,-42,-35,-46,-37,-50,-29,-50,-26,-53,-29,-50,-28,-53,-34,-46,-33,-56,-29,-55,-25,-59,-30,-60,-22,-54,-21,-53,-23,-50,-21,-48,-26,-49,-30,-46,-25,-47,-31,-46,-28,-42,-27,-46,-30,-44,-35,-39,-32,-40,-33,-38,-36,-38,-37,-39,-36,-35,-44,-29,-42,-28,-44,-29,-45,-24,-47,-25,-51,-29,-46,-29,-49,-26,-49,-22,-47,-24,-48,-17,-48,-15,-50,-10,-51,-11,-54,-8,-55,-9,-60,-10,-65,-4,0,0]",1
CSI_DATA,62346,1a:00:00:00:00:00,-37,11,1,0,1,1,1,0,0,0,1,-97,0,11,2,837086043,0,44,0,384,0,"[0,0,0,0,0,0,0,0,0,0,0,0,-12,-1,-12,-1,-12,-1,-12,-1,-11,-1,-11,-1,-10,-1,-10,-1,-10,-1,-9,-1,-9,0,-8,0,-7,0,-7,0,-6,1,-5,2,-5,2,-4,3,-4,4,-4,4,-4,5,-4,6,-4,7,-4,7,-5,7,-5,8,0,0,-5,8,-5,8,-6,8,-6,8,-6,9,-7,8,-7,8,-7,8,-7,7,-7,7,-7,7,-7,7,-7,7,-7,6,-7,6,-7,6,-7,5,-7,5,-6,4,-6,4,-6,4,-6,4,-6,4,-5,4,-6,4,-6,4,0,0,0,0,0,0,0,0,0,0,0,0,0,0,41,52,37,52,43,52,33,50,39,52,36,52,35,46,33,52,38,44,34,40,30,38,26,37,28,38,34,32,29,31,28,31,29,29,26,21,25,17,21,9,24,10,29,3,35,2,34,0,34,-4,41,-4,42,-9,39,-11,45,-9,46,-14,50,-9,52,-9,54,-10,53,-9,54,-6,56,-7,58,-5,57,2,57,2,56,1,55,5,53,2,53,6,52,4,48,10,48,5,44,11,49,10,40,7,41,13,40,9,37,7,36,9,38,10,34,7,30,12,35,13,0,0,0,0,0,0,0,0,0,0,0,0,0,0,0,0,0,0,0,0,0,0,-45,7,-43,8,-44,3,-46,6,-43,-2,-46,-2,-42,-2,-53,-3,-55,-3,-56,-3,-58,-8,-59,-7,-60,-10,-62,-11,-57,-13,-61,-13,-61,-14,-57,-15,-60,-20,-65,-22,-63,-17,-59,-26,-57,-21,-56,-24,-53,-20,-55,-23,-50,-19,-51,-16,-49,-12,-52,-16,-50,-15,-45,-10,-51,-10,-57,-9,-46,-10,-56,-2,-45,-5,-49,-1,-50,3,-49,5,-49,1,-48,11,-52,11,-54,7,-48,12,-52,14,-49,13,-51,17,-47,20,-46,15,-49,16,-46,27,-41,28,-41,27,-41,30,-43,36,-41,37,0,0]",1
CSI_DATA,62347,1a:00:00:00:00:00,-37,11,1,0,1,1,1,0,0,0,1,-97,0,11,2,837106026,0,44,0,384,0,"[0,0,0,0,0,0,0,0,0,0,0,0,-6,10,-6,10,-6,10,-6,10,-6,9,-6,9,-6,8,-6,8,-5,8,-5,7,-4,7,-4,6,-3,6,-3,5,-2,5,-1,5,0,5,0,5,2,5,2,5,3,5,4,5,4,6,5,7,5,7,5,7,0,0,5,8,5,8,6,8,6,9,5,9,5,10,4,10,4,10,4,10,4,9,3,9,3,9,3,9,3,9,3,9,2,9,2,8,2,8,1,8,1,7,0,7,1,7,1,6,1,6,1,7,0,7,0,0,0,0,0,0,0,0,0,0,0,0,0,0,60,-25,61,-27,62,-26,60,-27,59,-22,56,-22,54,-26,57,-27,55,-24,53,-22,48,-16,53,-17,46,-24,43,-19,40,-16,36,-16,33,-21,27,-17,23,-16,20,-24,17,-23,13,-28,13,-27,4,-31,5,-39,3,-41,4,-42,4,-44,5,-51,-1,-53,3,-55,6,-55,9,-56,7,-56,8,-59,8,-60,16,-60,15,-58,16,-61,17,-59,17,-56,16,-52,17,-52,13,-54,21,-50,22,-55,25,-43,21,-47,21,-43,22,-39,26,-33,28,-34,24,-36,24,-35,18,-30,17,-34,21,-33,0,0,0,0,0,0,0,0,0,0,0,0,0,0,0,0,0,0,0,0,0,0,-3,41,-8,42,-11,47,-9,48,-12,46,-9,48,-17,42,-16,51,-17,53,-14,54,-23,54,-24,55,-29,55,-30,58,-29,54,-29,48,-28,51,-29,53,-32,55,-34,53,-35,55,-42,54,-39,49,-38,49,-31,47,-32,46,-32,46,-35,47,-32,49,-28,46,-25,49,-28,48,-26,46,-24,48,-21,41,-24,45,-15,50,-14,44,-13,47,-10,46,-8,50,-6,48,-2,50,-2,55,-3,54,-7,50,-3,54,-3,51,5,51,3,46,8,46,9,52,11,48,18,50,20,50,21,49,29,58,0,0]",1
CSI_DATA,62348,1a:00:00:00:00:00,-37,11,1,0,1,1,1,0,0,0,1,-97,0,11,2,837126303,0,44,0,384,0,"[0,0,0,0,0,0,0,0,0,0,0,0,1,11,1,11,1,11,1,11,1,10,1,10,1,9,1,9,1,9,1,8,1,8,1,7,1,6,2,5,2,4,3,3,3,3,3,2,4,2,5,1,6,1,7,1,7,1,8,1,9,1,9,1,0,0,9,1,10,1,10,1,10,1,10,2,11,2,11,2,11,3,10,3,10,3,10,3,10,3,9,3,9,3,9,4,8,4,8,4,7,4,7,4,6,4,6,4,6,3,6,3,5,3,6,3,5,3,0,0,0,0,0,0,0,0,0,0,0,0,0,0,35,-58,38,-52,40,-53,34,-53,37,-54,35,-53,32,-49,32,-53,30,-52,24,-47,30,-47,26,-45,28,-40,21,-44,20,-39,18,-34,8,-33,5,-31,9,-26,1,-27,-3,-26,-5,-25,-12,-23,-18,-24,-18,-31,-28,-24,-28,-36,-31,-35,-31,-38,-35,-38,-34,-40,-31,-41,-37,-43,-39,-42,-38,-45,-40,-49,-38,-48,-35,-48,-42,-50,-30,-53,-27,-47,-30,-51,-25,-53,-31,-52,-27,-51,-26,-49,-19,-52,-18,-48,-17,-45,-14,-43,-12,-41,-14,-40,-14,-41,-16,-39,-12,-37,-12,-35,-9,-38,0,0,0,0,0,0,0,0,0,0,0,0,0,0,0,0,0,0,0,0,0,0,4,40,3,43,-3,45,-3,45,-4,51,-8,42,-1,44,-5,47,-8,51,-5,54,-8,54,-8,59,-16,57,-15,58,-16,54,-17,52,-17,53,-15,55,-17,60,-19,59,-18,59,-18,59,-16,56,-19,56,-20,52,-14,50,-9,50,-13,50,-12,55,-7,54,-8,55,-10,51,-9,50,-4,49,-4,48,0,45,0,52,6,47,7,48,12,50,12,42,19,42,21,45,22,46,19,46,20,43,24,46,26,43,24,35,27,39,30,37,33,30,34,32,40,33,45,30,44,31,46,33,0,0]",1
CSI_DATA,62349,1a:00:00:00:00:00,-37,11,1,0,1,1,1,0,0,0,1,-97,0,11,2,837146020,0,44,0,384,0,"[0,0,0,0,0,0,0,0,0,0,0,0,11,-1,11,-1,11,-1,10,-1,10,-1,9,-1,9,-1,9,-1,8,-1,8,-1,7,-1,7,-2,6,-2,5,-2,4,-2,4,-3,3,-4,2,-4,2,-5,1,-6,1,-7,1,-8,1,-9,1,-9,2,-10,1,-10,0,0,2,-11,2,-11,2,-11,2,-12,2,-12,3,-12,4,-12,4,-12,4,-12,4,-11,4,-11,4,-11,4,-10,4,-10,5,-10,5,-9,5,-9,5,-8,4,-8,4,-7,4,-7,4,-7,4,-6,3,-6,3,-6,4,-6,0,0,0,0,0,0,0,0,0,0,0,0,0,0,-51,-43,-37,-46,-43,-35,-49,-41,-47,-41,-43,-40,-46,-37,-41,-37,-39,-34,-39,-32,-36,-30,-38,-29,-40,-32,-40,-26,-35,-25,-33,-19,-32,-18,-30,-9,-29,-11,-24,-3,-26,-2,-27,7,-22,10,-33,14,-28,21,-31,21,-32,26,-37,28,-40,29,-38,33,-43,32,-44,34,-50,27,-50,36,-48,34,-52,35,-54,32,-56,31,-57,30,-58,29,-55,26,-53,27,-55,27,-59,21,-56,24,-54,20,-51,13,-52,16,-46,9,-48,9,-47,11,-42,8,-38,8,-36,7,-38,13,-35,7,-40,3,0,0,0,0,0,0,0,0,0,0,0,0,0,0,0,0,0,0,0,0,0,0,46,7,41,13,45,14,45,15,45,16,41,22,44,14,45,17,53,20,46,22,51,24,51,25,53,30,51,28,50,31,49,29,48,29,51,27,50,29,46,29,49,30,54,34,48,30,48,30,46,28,46,26,45,22,45,24,44,23,45,20,47,18,45,15,48,15,44,18,46,14,43,11,47,5,49,3,42,-1,46,-5,45,-4,47,-12,44,-9,46,-10,44,-11,51,-11,47,-11,45,-18,44,-14,39,-20,39,-22,37,-29,41,-29,37,-32,38,-35,35,-40,33,-42,0,0]",1
CSI_DATA,62350,1a:00:00:00:00:00,-37,11,1,0,1,1,1,0,0,0,1,-97,0,11,2,837166035,0,44,0,384,0,"[0,0,0,0,0,0,0,0,0,0,0,0,5,-11,5,-11,5,-11,5,-10,4,-10,4,-10,4,-10,4,-9,3,-9,3,-8,2,-8,2,-8,2,-7,1,-7,0,-7,-1,-6,-2,-6,-3,-6,-4,-6,-5,-6,-5,-6,-6,-7,-7,-7,-8,-7,-8,-8,-8,-8,0,0,-8,-9,-9,-9,-9,-9,-9,-9,-9,-10,-9,-11,-8,-11,-7,-11,-7,-11,-6,-11,-7,-11,-6,-11,-6,-10,-6,-10,-5,-10,-5,-10,-4,-10,-4,-9,-3,-9,-3,-8,-3,-8,-3,-8,-3,-7,-3,-7,-3,-7,-3,-7,0,0,0,0,0,0,0,0,0,0,0,0,0,0,-62,19,-56,10,-57,12,-60,18,-60,13,-61,21,-55,15,-60,14,-54,15,-51,17,-47,16,-48,16,-47,17,-42,16,-38,15,-37,19,-31,18,-28,21,-28,17,-20,19,-16,26,-13,28,-12,33,-6,28,-1,38,-5,39,-3,47,-5,55,-5,54,-5,55,-2,55,-6,65,-6,56,-5,62,-8,64,-5,64,-16,62,-17,65,-21,64,-17,60,-18,58,-21,57,-23,56,-23,55,-22,54,-24,44,-26,49,-24,46,-23,46,-24,37,-26,36,-21,32,-26,36,-20,31,-23,29,-21,28,-21,34,0,0,0,0,0,0,0,0,0,0,0,0,0,0,0,0,0,0,0,0,0,0,28,-33,33,-34,32,-36,35,-29,34,-30,36,-29,34,-26,39,-27,41,-32,42,-33,47,-32,47,-30,51,-31,53,-27,49,-23,51,-26,52,-28,49,-25,50,-32,51,-27,54,-27,55,-23,51,-21,51,-18,49,-19,44,-19,40,-26,45,-23,40,-20,45,-28,36,-26,42,-25,36,-31,35,-28,29,-34,29,-33,26,-29,24,-32,22,-33,20,-40,16,-38,16,-38,17,-41,15,-42,13,-48,7,-43,13,-43,10,-44,11,-46,4,-41,1,-44,-5,-46,-4,-49,-7,-47,-12,-53,-8,-58,-18,-56,0,0]",1
CSI_DATA,62351,1a:00:00:00:00:00,-37,11,1,0,1,1,1,0,0,0,1,-97,0,11,2,837176015,0,44,0,384,0,"[0,0,0,0,0,0,0,0,0,0,0,0,0,11,0,12,0,11,0,11,0,10,0,10,0,10,0,9,0,9,0,8,1,8,1,7,1,7,1,6,2,5,2,4,3,4,4,3,5,3,5,2,6,2,7,2,8,3,9,3,9,3,10,3,0,0,10,4,10,4,11,4,11,4,11,5,11,5,11,6,10,6,10,6,9,6,9,6,9,6,8,6,8,6,7,6,7,6,7,6,6,6,5,5,5,5,5,5,4,5,5,5,4,4,5,4,5,4,0,0,0,0,0,0,0,0,0,0,0,0,0,0,45,-32,54,-33,49,-41,53,-42,45,-41,48,-37,46,-37,48,-40,48,-36,44,-39,39,-37,41,-35,35,-29,32,-34,33,-33,28,-34,27,-30,21,-27,16,-29,12,-25,7,-31,-1,-29,0,-29,-4,-35,-11,-39,-13,-45,-20,-47,-22,-50,-15,-52,-17,-56,-15,-55,-15,-62,-16,-59,-19,-57,-19,-63,-15,-65,-14,-67,-11,-68,-10,-66,-6,-66,-7,-60,-1,-62,-2,-57,-3,-61,0,-55,-1,-55,4,-51,4,-54,5,-47,7,-46,7,-47,6,-44,7,-39,6,-40,1,-35,2,-39,4,-36,0,0,0,0,0,0,0,0,0,0,0,0,0,0,0,0,0,0,0,0,0,0,-20,36,-22,39,-25,40,-30,37,-31,40,-25,36,-29,37,-29,38,-29,41,-33,43,-35,46,-37,46,-41,43,-43,42,-44,41,-44,40,-44,42,-42,43,-39,43,-47,39,-45,41,-46,39,-44,37,-41,33,-39,31,-37,34,-33,35,-30,40,-31,37,-25,36,-31,40,-28,39,-22,40,-24,38,-18,38,-19,39,-16,39,-15,39,-8,37,-7,43,-3,43,0,43,0,45,3,49,1,48,8,48,7,48,7,44,9,42,13,45,19,41,20,40,25,43,23,39,31,45,28,43,33,44,0,0]",1
CSI_DATA,62352,1a:00:00:00:00:00,-37,11,1,0,1,1,1,0,0,0,1,-97,0,11,2,837186016,0,44,0,384,0,"[0,0,0,0,0,0,0,0,0,0,0,0,-6,-12,-6,-12,-6,-12,-5,-11,-6,-11,-5,-11,-5,-10,-5,-10,-5,-10,-5,-9,-5,-9,-4,-8,-4,-7,-4,-6,-5,-6,-5,-4,-5,-4,-5,-3,-6,-2,-7,-1,-8,-1,-9,0,-9,0,-10,0,-11,-1,-11,0,0,0,-12,-1,-12,-1,-12,-1,-13,-1,-13,-1,-13,-2,-13,-3,-13,-3,-13,-4,-12,-4,-11,-4,-11,-4,-11,-4,-10,-4,-10,-4,-9,-4,-9,-4,-9,-4,-8,-4,-8,-4,-7,-4,-7,-4,-7,-4,-7,-3,-7,-4,-7,-4,0,0,0,0,0,0,0,0,0,0,0,0,0,0,-25,60,-29,62,-25,63,-23,64,-22,62,-27,57,-27,55,-27,59,-22,50,-24,53,-21,48,-20,48,-17,47,-15,43,-10,42,-14,41,-9,37,-6,34,-2,37,-1,27,7,29,14,27,14,23,17,24,23,23,34,30,28,31,39,34,32,34,39,40,41,40,37,44,36,42,39,42,41,45,42,50,40,51,37,55,36,53,31,55,30,51,29,52,25,51,29,51,25,50,24,45,16,48,21,42,17,41,15,42,12,40,14,39,12,39,12,35,13,34,10,36,13,35,0,0,0,0,0,0,0,0,0,0,0,0,0,0,0,0,0,0,0,0,0,0,-11,-48,-7,-45,-6,-42,-1,-48,-3,-47,-2,-43,-3,-46,-2,-47,-6,-53,-4,-53,-1,-54,5,-61,5,-62,5,-61,10,-57,8,-53,6,-58,5,-59,10,-57,15,-59,12,-58,13,-53,12,-52,12,-53,12,-51,5,-49,5,-49,2,-50,0,-47,3,-47,1,-44,-6,-50,-3,-46,-4,-46,-8,-44,-11,-45,-9,-44,-12,-41,-16,-42,-18,-40,-21,-39,-27,-37,-26,-39,-31,-40,-26,-41,-25,-45,-31,-39,-32,-37,-31,-33,-33,-32,-35,-24,-39,-24,-46,-24,-48,-21,-51,-18,-55,-23,-55,-23,0,0]",1
CSI_DATA,62353,1a:00:00:00:00:00,-37,11,1,0,1,1,1,0,0,0,1,-97,0,11,2,837206015,0,44,0,384,0,"[0,0,0,0,0,0,0,0,0,0,0,0,-13,-5,-12,-5,-12,-5,-12,-5,-11,-5,-11,-4,-11,-4,-10,-4,-10,-4,-9,-3,-9,-4,-8,-3,-8,-3,-7,-2,-6,-2,-5,0,-5,0,-4,1,-4,2,-4,3,-4,4,-4,5,-4,6,-5,7,-6,7,-6,8,0,0,-6,9,-6,9,-7,9,-6,9,-7,9,-8,10,-8,9,-8,8,-9,8,-8,8,-8,8,-8,7,-8,7,-8,7,-8,6,-8,6,-7,5,-7,5,-7,5,-7,4,-7,4,-6,4,-6,4,-6,4,-6,4,-6,4,0,0,0,0,0,0,0,0,0,0,0,0,0,0,17,65,19,63,18,67,20,64,19,65,13,64,16,61,15,56,13,56,16,50,15,52,17,48,15,51,16,44,13,44,15,44,13,36,9,36,15,25,9,24,20,16,20,13,24,8,27,2,31,0,35,-2,43,-5,46,-7,45,-1,49,-5,52,-5,54,-6,52,-2,56,-8,52,-6,64,-2,61,-4,60,3,58,1,57,4,57,7,56,5,56,9,55,7,53,13,50,6,48,13,45,14,45,17,42,13,42,9,37,10,35,11,35,9,31,8,36,12,35,10,0,0,0,0,0,0,0,0,0,0,0,0,0,0,0,0,0,0,0,0,0,0,-34,-32,-29,-32,-28,-33,-24,-39,-26,-39,-24,-35,-29,-42,-31,-41,-32,-43,-35,-42,-29,-46,-33,-52,-29,-53,-27,-53,-27,-55,-22,-55,-27,-56,-26,-55,-30,-57,-25,-54,-21,-54,-23,-56,-20,-53,-22,-56,-20,-49,-22,-46,-25,-46,-30,-47,-26,-42,-32,-40,-30,-40,-38,-37,-33,-32,-35,-34,-36,-30,-38,-33,-31,-30,-42,-30,-40,-27,-43,-25,-45,-15,-42,-20,-47,-19,-50,-19,-55,-19,-49,-10,-51,-15,-49,-17,-55,-10,-46,-7,-47,2,-48,3,-56,3,-45,5,-56,15,-65,11,-57,14,0,0]",1
CSI_DATA,62354,1a:00:00:00:00:00,-38,11,1,0,1,1,1,0,0,0,1,-97,0,11,2,837216020,0,44,0,384,0,"[0,0,0,0,0,0,0,0,0,0,0,0,12,-1,12,-1,12,-1,11,-1,11,-1,10,-1,10,-1,10,-1,9,-1,9,-1,8,-1,8,-1,7,-1,6,-1,5,-2,4,-2,3,-3,2,-3,1,-4,0,-5,0,-6,-1,-7,-1,-8,-1,-9,-1,-9,-1,-10,0,0,-1,-10,-1,-11,-1,-11,-1,-12,0,-12,0,-12,1,-12,1,-12,1,-12,2,-12,1,-11,1,-11,1,-10,1,-10,2,-10,2,-10,2,-9,1,-9,2,-8,2,-8,2,-8,1,-8,1,-7,1,-7,1,-7,1,-7,0,0,0,0,0,0,0,0,0,0,0,0,0,0,-50,-48,-49,-46,-48,-43,-51,-47,-53,-45,-49,-43,-48,-42,-45,-41,-45,-45,-41,-38,-39,-38,-39,-36,-43,-30,-38,-30,-37,-30,-34,-21,-32,-21,-25,-15,-25,-16,-22,-10,-21,-2,-21,1,-21,12,-20,16,-23,21,-29,25,-33,24,-31,33,-39,32,-34,33,-35,36,-43,33,-37,39,-38,40,-42,41,-46,40,-42,37,-53,38,-49,39,-48,36,-49,31,-45,31,-43,26,-48,24,-44,30,-46,26,-43,25,-45,26,-40,21,-38,16,-39,18,-35,21,-35,16,-33,16,-31,18,-34,18,-36,15,0,0,0,0,0,0,0,0,0,0,0,0,0,0,0,0,0,0,0,0,0,0,40,13,38,20,41,18,40,22,39,24,39,24,41,23,42,19,47,24,48,23,50,27,52,34,53,37,46,34,46,35,47,35,49,36,53,34,48,37,51,38,46,40,48,37,43,38,45,36,40,31,42,30,42,26,41,26,44,25,46,23,42,15,44,14,47,15,50,13,50,12,50,11,52,10,47,9,45,-1,44,-1,49,-3,48,-10,49,-9,54,-16,50,-11,51,-13,51,-15,52,-17,52,-19,43,-20,43,-23,41,-30,44,-35,42,-33,40,-38,38,-40,42,-44,0,0]",1
CSI_DATA,62355,1a:00:00:00:00:00,-38,11,1,0,1,1,1,0,0,0,1,-97,0,11,2,837226045,0,44,0,384,0,"[0,0,0,0,0,0,0,0,0,0,0,0,-12,5,-12,4,-11,5,-11,4,-11,4,-11,4,-10,4,-10,4,-10,4,-9,4,-8,4,-7,3,-7,3,-6,3,-5,2,-4,2,-3,3,-1,3,0,3,1,4,2,4,3,5,3,6,4,7,4,7,4,8,0,0,4,9,5,9,5,9,5,10,5,10,4,11,4,11,3,11,3,11,3,10,3,10,2,10,2,9,2,9,2,9,2,9,2,8,1,8,1,8,1,7,1,7,1,7,1,6,2,6,1,6,1,6,0,0,0,0,0,0,0,0,0,0,0,0,0,0,56,34,60,32,60,31,54,30,60,27,59,28,55,27,57,26,53,24,50,27,49,20,48,24,46,18,40,21,39,16,35,14,35,14,32,9,25,7,19,-3,19,-6,14,-10,13,-18,10,-22,13,-26,15,-31,13,-37,14,-41,14,-43,18,-48,19,-44,21,-48,20,-48,19,-48,19,-56,24,-55,24,-58,35,-58,36,-55,31,-52,32,-52,30,-49,33,-50,31,-48,30,-48,29,-44,32,-44,25,-42,27,-37,28,-36,25,-34,27,-34,21,-30,20,-34,23,-30,20,-30,22,-33,0,0,0,0,0,0,0,0,0,0,0,0,0,0,0,0,0,0,0,0,0,0,-46,-13,-45,-9,-48,-17,-46,-15,-48,-16,-45,-14,-46,-17,-47,-17,-53,-13,-58,-20,-57,-24,-58,-28,-60,-30,-55,-28,-56,-29,-57,-27,-57,-30,-56,-28,-64,-27,-57,-34,-55,-36,-61,-33,-49,-33,-56,-27,-52,-28,-53,-19,-52,-23,-51,-16,-52,-15,-54,-12,-54,-7,-53,-8,-55,-9,-52,-9,-55,-1,-55,7,-51,-3,-50,7,-50,8,-50,19,-51,14,-48,19,-48,26,-51,26,-47,27,-49,29,-51,29,-46,27,-48,28,-43,31,-40,32,-42,38,-35,43,-35,44,-27,53,-31,51,-22,52,0,0]",1
CSI_DATA,62356,1a:00:00:00:00:00,-38,11,1,0,1,1,1,0,0,0,1,-97,0,11,2,837246019,0,44,0,384,0,"[0,0,0,0,0,0,0,0,0,0,0,0,-3,11,-3,12,-3,11,-3,11,-3,10,-3,10,-2,10,-2,9,-2,9,-2,8,-2,8,-2,7,-2,6,-1,5,0,4,0,3,1,3,2,2,3,1,4,1,5,0,6,0,7,0,8,0,9,0,9,1,0,0,10,1,11,1,11,1,11,1,11,1,12,2,12,3,11,3,11,3,10,3,10,3,10,3,9,3,9,3,8,3,8,3,8,3,7,2,7,2,7,2,6,2,6,2,6,2,6,2,6,2,6,2,0,0,0,0,0,0,0,0,0,0,0,0,0,0,59,-28,61,-29,58,-29,55,-29,60,-31,58,-28,50,-30,52,-27,49,-27,48,-28,47,-23,44,-28,43,-27,37,-27,32,-22,29,-21,30,-19,26,-18,20,-16,10,-18,4,-18,-1,-17,-8,-21,-11,-24,-16,-27,-16,-29,-23,-35,-23,-40,-25,-40,-30,-44,-30,-42,-27,-48,-24,-51,-31,-54,-32,-49,-26,-58,-27,-57,-25,-61,-22,-58,-21,-62,-15,-55,-16,-53,-18,-52,-21,-52,-15,-53,-15,-49,-14,-49,-15,-47,-14,-40,-11,-42,-13,-41,-12,-36,-10,-41,-8,-37,-11,-37,-11,-36,-8,-38,0,0,0,0,0,0,0,0,0,0,0,0,0,0,0,0,0,0,0,0,0,0,-40,27,-40,21,-42,19,-46,21,-44,19,-42,23,-42,21,-43,22,-48,25,-49,25,-54,28,-52,25,-62,27,-61,23,-62,20,-56,22,-55,20,-58,23,-62,20,-59,21,-57,20,-62,19,-54,18,-54,21,-52,20,-48,23,-47,28,-53,26,-43,30,-44,32,-45,30,-42,33,-43,36,-36,34,-35,37,-33,37,-31,36,-28,40,-28,40,-24,41,-17,43,-20,46,-12,50,-14,54,-11,50,-14,44,-13,50,-2,54,-5,54,-6,52,3,45,9,50,9,54,15,47,15,49,22,54,16,58,0,0]",1
CSI_DATA,62357,1a:00:00:00:00:00,-39,11,1,0,1,1,1,0,0,0,1,-97,0,11,2,837256013,0,44,0,384,0,"[0,0,0,0,0,0,0,0,0,0,0,0,-3,-13,-3,-12,-3,-12,-3,-12,-3,-12,-3,-11,-3,-11,-3,-10,-3,-10,-3,-9,-3,-9,-2,-8,-3,-7,-3,-6,-3,-5,-3,-4,-3,-2,-4,-1,-5,0,-5,0,-6,1,-8,1,-9,2,-9,2,-10,2,-10,2,0,0,-11,2,-12,2,-12,2,-12,2,-12,1,-13,1,-13,0,-12,0,-12,0,-12,-1,-11,0,-11,-1,-11,0,-10,0,-10,0,-9,0,-9,-1,-9,0,-8,-1,-8,-1,-8,-1,-8,-1,-8,0,-7,0,-8,0,-8,0,0,0,0,0,0,0,0,0,0,0,0,0,0,0,-45,61,-38,63,-37,57,-38,58,-36,56,-38,48,-36,57,-37,51,-31,48,-32,44,-33,45,-25,46,-26,43,-26,40,-26,37,-23,31,-19,30,-14,30,-8,22,-5,23,-1,15,10,13,10,19,22,17,27,19,30,25,40,26,41,27,41,32,45,33,46,35,41,38,42,38,45,37,49,43,48,42,46,40,42,43,46,43,45,42,43,52,41,44,36,48,33,44,31,40,35,38,33,41,31,38,27,33,28,35,24,34,25,27,20,31,26,30,26,29,20,30,25,29,0,0,0,0,0,0,0,0,0,0,0,0,0,0,0,0,0,0,0,0,0,0,13,-53,20,-45,21,-44,26,-43,24,-44,26,-43,23,-39,24,-43,27,-50,25,-56,28,-52,33,-54,35,-55,42,-54,45,-50,39,-48,38,-47,40,-54,37,-50,40,-52,39,-52,41,-50,42,-49,32,-48,37,-43,29,-49,28,-44,27,-47,27,-51,19,-46,20,-51,17,-50,15,-47,19,-51,16,-50,12,-51,4,-49,3,-48,9,-46,-4,-44,-6,-44,-9,-49,-16,-48,-14,-49,-18,-47,-18,-46,-18,-47,-21,-48,-23,-46,-21,-44,-27,-40,-36,-44,-35,-43,-42,-38,-43,-30,-43,-34,-49,-38,0,0]",1
CSI_DATA,62358,1a:00:00:00:00:00,-39,11,1,0,1,1,1,0,0,0,1,-97,0,11,2,837266031,0,44,0,384,0,"[0,0,0,0,0,0,0,0,0,0,0,0,6,10,6,10,6,10,5,9,5,9,5,9,5,8,4,8,4,8,4,7,4,7,3,6,3,5,2,4,2,3,3,2,3,1,3,0,4,-1,4,-2,5,-3,6,-4,7,-4,8,-4,8,-4,8,-4,0,0,10,-4,9,-4,9,-4,10,-4,10,-4,11,-4,11,-3,10,-3,10,-3,10,-2,10,-2,9,-2,9,-2,9,-2,9,-2,8,-1,8,-1,7,-1,7,-1,7,-1,7,-1,6,-1,6,-1,6,-1,6,-1,6,-1,0,0,0,0,0,0,0,0,0,0,0,0,0,0,6,-68,13,-64,10,-68,7,-70,10,-69,12,-64,15,-68,10,-61,4,-60,8,-60,8,-57,7,-55,4,-53,5,-44,5,-42,2,-41,2,-34,-1,-30,-4,-26,-7,-23,-15,-16,-15,-16,-21,-11,-29,-9,-34,-5,-38,-4,-45,-12,-50,-13,-49,-15,-52,-11,-54,-19,-58,-20,-54,-18,-53,-18,-55,-21,-60,-16,-51,-29,-54,-24,-55,-30,-53,-28,-53,-34,-53,-27,-51,-27,-51,-27,-44,-28,-46,-27,-43,-27,-41,-28,-34,-27,-33,-26,-36,-26,-31,-23,-27,-21,-32,-24,-29,-19,-33,-23,-27,-21,0,0,0,0,0,0,0,0,0,0,0,0,0,0,0,0,0,0,0,0,0,0,14,45,9,49,9,48,1,51,-1,53,4,48,5,47,6,54,2,56,7,55,5,60,-1,61,-6,63,-2,60,-8,66,-7,63,-4,60,-9,62,-6,66,-4,65,-7,65,-10,60,-10,56,-6,57,-10,52,0,52,4,52,-3,54,5,50,5,49,3,48,15,45,7,46,7,46,9,46,15,47,14,40,17,43,16,40,25,36,25,33,30,31,31,27,38,35,35,30,41,28,42,21,40,31,35,26,36,23,43,19,49,14,49,18,48,15,51,12,50,9,60,4,0,0]",1
CSI_DATA,62359,1a:00:00:00:00:00,-39,11,1,0,1,1,1,0,0,0,1,-97,0,11,2,837276022,0,44,0,384,0,"[0,0,0,0,0,0,0,0,0,0,0,0,-10,-8,-10,-8,-10,-7,-10,-8,-9,-7,-9,-7,-9,-6,-8,-6,-8,-6,-7,-6,-7,-5,-6,-4,-5,-4,-5,-3,-5,-2,-4,-1,-4,0,-4,1,-4,2,-4,3,-4,4,-5,5,-6,6,-6,6,-7,7,-7,7,0,0,-7,7,-7,7,-8,7,-8,7,-8,8,-9,7,-9,7,-9,7,-9,6,-9,6,-9,6,-9,6,-8,5,-8,5,-8,5,-8,5,-8,4,-7,4,-7,4,-7,3,-7,3,-6,3,-6,3,-6,3,-6,3,-6,3,0,0,0,0,0,0,0,0,0,0,0,0,0,0,6,72,9,77,13,73,4,65,9,72,5,66,5,67,7,57,8,58,10,55,6,52,4,53,7,50,5,48,8,42,7,37,10,39,12,26,12,19,14,15,19,7,22,4,25,5,33,0,38,-3,43,-6,42,-1,47,-5,51,1,56,1,56,-2,58,5,55,-3,59,2,59,-5,59,4,62,3,58,7,63,8,64,5,57,6,60,11,55,16,56,13,52,7,55,14,54,11,50,14,41,15,43,16,42,13,38,13,36,9,37,14,35,12,33,12,38,14,0,0,0,0,0,0,0,0,0,0,0,0,0,0,0,0,0,0,0,0,0,0,-29,-44,-24,-45,-20,-45,-21,-47,-21,-49,-18,-45,-20,-52,-18,-51,-23,-50,-26,-53,-22,-60,-20,-64,-20,-65,-12,-66,-11,-64,-15,-64,-12,-61,-18,-63,-17,-67,-14,-65,-11,-70,-7,-64,-9,-61,-8,-58,-9,-50,-11,-53,-15,-47,-19,-55,-20,-49,-23,-50,-20,-43,-25,-47,-29,-43,-21,-39,-27,-39,-29,-35,-26,-39,-30,-34,-30,-31,-30,-30,-38,-25,-39,-20,-43,-21,-44,-24,-43,-19,-55,-16,-47,-15,-46,-18,-46,-10,-49,-9,-50,-2,-52,0,-56,-1,-56,7,-59,12,-50,14,-59,8,0,0]",1
CSI_DATA,62360,1a:00:00:00:00:00,-40,11,1,0,1,1,1,0,0,0,1,-97,0,11,2,837286035,0,44,0,384,0,"[0,0,0,0,0,0,0,0,0,0,0,0,11,3,11,3,10,3,10,3,10,2,9,2,9,2,9,2,8,1,7,1,7,1,6,1,5,1,4,0,4,0,3,-1,2,-2,2,-3,1,-5,1,-6,1,-6,1,-8,1,-9,2,-9,2,-10,2,-10,0,0,2,-10,2,-10,2,-11,3,-11,3,-11,3,-11,4,-11,4,-11,4,-11,4,-11,4,-10,4,-10,4,-10,4,-9,4,-9,4,-9,4,-8,4,-8,4,-7,3,-7,3,-7,3,-6,3,-6,2,-6,3,-7,3,-7,0,0,0,0,0,0,0,0,0,0,0,0,0,0,-27,-59,-28,-67,-26,-67,-30,-62,-23,-62,-21,-59,-25,-53,-23,-57,-23,-50,-18,-51,-20,-46,-18,-46,-20,-43,-21,-43,-19,-38,-20,-31,-19,-29,-17,-20,-17,-13,-18,-8,-21,-4,-25,-1,-23,6,-27,8,-33,15,-34,20,-39,18,-43,21,-46,19,-54,23,-48,23,-50,20,-49,19,-53,23,-57,21,-58,22,-62,20,-64,24,-62,20,-61,16,-58,9,-59,15,-62,10,-58,13,-57,10,-57,13,-55,8,-56,7,-49,5,-44,2,-48,3,-40,3,-39,5,-35,2,-37,8,-38,5,-37,6,0,0,0,0,0,0,0,0,0,0,0,0,0,0,0,0,0,0,0,0,0,0,27,40,27,44,26,46,21,43,23,42,24,44,22,43,25,47,28,49,27,51,29,54,29,55,23,63,24,60,25,59,21,54,21,57,28,55,23,56,23,55,26,55,20,54,19,54,17,50,20,49,25,52,24,45,21,48,28,41,29,38,28,39,34,39,35,39,35,32,34,34,31,31,34,26,37,27,38,20,38,17,42,14,42,10,45,12,45,11,43,8,50,12,49,10,46,5,46,1,49,-4,52,-6,48,-17,47,-8,44,-18,52,-24,57,-20,56,-22,0,0]",1
CSI_DATA,62361,1a:00:00:00:00:00,-40,11,1,0,1,1,1,0,0,0,1,-97,0,11,2,837296038,0,44,0,384,0,"[0,0,0,0,0,0,0,0,0,0,0,0,-12,3,-11,3,-11,3,-11,2,-10,3,-10,2,-9,3,-9,2,-9,2,-8,2,-8,2,-7,2,-5,1,-5,2,-3,2,-2,3,-1,3,0,3,1,4,2,5,2,5,3,6,3,7,3,8,3,8,3,9,0,0,3,9,4,10,4,10,4,11,3,11,3,11,3,12,2,11,2,11,1,11,1,11,1,10,1,10,1,10,1,10,0,9,0,9,0,8,0,8,0,7,0,7,0,7,1,7,1,6,0,7,0,7,0,0,0,0,0,0,0,0,0,0,0,0,0,0,56,32,54,35,59,33,56,29,52,29,54,28,52,25,53,23,50,23,49,23,38,18,44,16,41,16,37,14,35,11,33,5,25,8,21,4,20,-1,15,-8,15,-9,14,-17,12,-23,14,-29,7,-34,14,-35,8,-42,22,-48,16,-47,20,-49,21,-53,22,-53,25,-51,22,-59,23,-53,26,-60,27,-62,33,-57,33,-57,36,-54,33,-54,31,-47,33,-50,27,-44,35,-48,28,-48,32,-40,29,-40,27,-37,29,-34,33,-31,23,-32,23,-30,20,-35,23,-32,22,-32,28,-28,0,0,0,0,0,0,0,0,0,0,0,0,0,0,0,0,0,0,0,0,0,0,-49,-11,-45,-22,-47,-18,-44,-24,-47,-23,-48,-29,-41,-27,-48,-20,-52,-21,-55,-20,-53,-24,-53,-30,-59,-28,-52,-34,-55,-31,-45,-31,-55,-31,-50,-28,-59,-27,-54,-31,-55,-37,-50,-35,-45,-35,-41,-29,-49,-23,-43,-22,-47,-22,-46,-23,-42,-21,-52,-16,-47,-14,-53,-14,-48,-13,-45,-12,-50,-8,-45,-5,-47,-3,-43,-2,-45,5,-44,16,-41,10,-39,14,-45,20,-45,22,-46,24,-41,17,-44,22,-41,29,-38,25,-33,32,-33,30,-30,35,-34,37,-23,36,-28,46,-29,51,-33,53,0,0]",1
CSI_DATA,62362,1a:00:00:00:00:00,-39,11,1,0,1,1,1,0,0,0,1,-97,0,11,2,837316021,0,44,0,384,0,"[0,0,0,0,0,0,0,0,0,0,0,0,-4,10,-4,10,-3,10,-4,10,-3,9,-3,9,-3,9,-3,8,-3,8,-2,7,-2,7,-2,6,-1,5,0,4,0,3,1,3,2,2,3,2,5,1,6,1,7,1,8,1,8,2,9,3,10,2,10,3,0,0,11,3,11,3,11,3,11,4,11,4,12,5,11,6,10,6,10,6,9,6,9,6,9,6,8,5,8,5,7,5,7,5,7,5,7,5,6,4,6,4,6,4,6,4,6,3,6,3,6,3,6,4,0,0,0,0,0,0,0,0,0,0,0,0,0,0,59,-26,65,-20,54,-26,52,-31,54,-30,56,-27,48,-20,55,-26,49,-25,44,-24,41,-26,41,-27,39,-20,35,-21,31,-24,17,-19,21,-21,15,-19,11,-20,-1,-21,1,-22,-12,-27,-10,-30,-15,-31,-19,-33,-24,-39,-21,-43,-23,-49,-29,-47,-22,-48,-29,-54,-29,-57,-23,-55,-31,-56,-30,-62,-26,-71,-21,-63,-18,-68,-24,-67,-17,-69,-14,-58,-19,-62,-14,-61,-12,-59,-13,-53,-10,-53,-11,-53,-12,-48,-9,-46,-9,-43,-6,-45,-8,-39,-11,-37,-9,-36,-11,-38,-11,-37,-9,-40,0,0,0,0,0,0,0,0,0,0,0,0,0,0,0,0,0,0,0,0,0,0,-39,25,-40,22,-46,24,-49,21,-46,15,-42,21,-44,21,-48,22,-49,22,-51,27,-57,30,-55,25,-58,24,-60,20,-58,14,-58,20,-63,25,-61,26,-62,19,-61,18,-64,18,-62,15,-62,12,-55,18,-55,19,-51,21,-51,20,-54,19,-49,23,-45,28,-43,31,-43,29,-40,28,-41,28,-36,31,-35,32,-34,35,-27,39,-30,39,-22,41,-19,43,-15,48,-16,48,-20,48,-15,46,-12,59,-10,49,-13,47,-7,48,-2,43,-6,51,0,43,3,44,7,44,15,40,16,39,17,46,0,0]",1
CSI_DATA,62363,1a:00:00:00:00:00,-39,11,1,0,1,1,1,0,0,0,1,-97,0,11,2,837326029,0,44,0,384,0,"[0,0,0,0,0,0,0,0,0,0,0,0,-1,-12,-1,-11,-1,-11,-1,-10,-1,-10,-1,-10,-1,-9,-1,-9,-1,-9,-1,-8,-1,-7,-2,-7,-2,-6,-2,-5,-2,-4,-3,-3,-4,-2,-5,-2,-6,-1,-7,0,-7,0,-9,0,-9,0,-10,0,-11,0,-11,0,0,0,-11,-1,-12,0,-12,-1,-13,-1,-13,-1,-13,-2,-13,-3,-12,-3,-12,-3,-11,-3,-11,-3,-11,-3,-10,-3,-10,-3,-9,-3,-9,-3,-9,-3,-8,-2,-8,-3,-8,-3,-8,-3,-7,-2,-7,-2,-7,-2,-7,-2,-7,-2,0,0,0,0,0,0,0,0,0,0,0,0,0,0,-42,45,-35,46,-43,41,-35,42,-41,49,-32,49,-34,46,-35,48,-32,38,-31,39,-27,35,-23,37,-23,34,-19,32,-20,32,-15,32,-13,27,-9,24,2,18,9,19,13,19,19,17,20,19,25,20,33,23,35,27,38,32,44,29,43,32,44,32,45,35,50,34,49,38,55,34,52,41,54,43,50,42,47,50,43,51,44,47,39,49,36,47,36,44,37,44,37,40,38,37,32,36,27,39,25,32,25,33,22,33,25,28,29,31,29,29,23,29,22,29,23,30,0,0,0,0,0,0,0,0,0,0,0,0,0,0,0,0,0,0,0,0,0,0,20,-40,32,-38,34,-38,37,-36,30,-39,30,-38,29,-37,33,-43,32,-40,34,-45,45,-41,45,-46,47,-43,44,-35,51,-39,43,-45,47,-44,41,-45,48,-41,53,-39,49,-41,45,-43,43,-36,43,-33,42,-36,40,-36,34,-41,34,-42,30,-44,30,-47,24,-37,29,-39,25,-45,22,-43,23,-43,18,-43,14,-49,11,-46,12,-47,2,-44,-2,-50,3,-46,-4,-47,-7,-51,-9,-51,-8,-56,-5,-49,-9,-45,-11,-52,-7,-43,-16,-38,-23,-41,-23,-30,-25,-38,-37,-34,-35,-32,-41,-40,0,0]",1
CSI_DATA,62364,1a:00:00:00:00:00,-39,11,1,0,1,1,1,0,0,0,1,-97,0,11,2,837336016,0,44,0,384,0,"[0,0,0,0,0,0,0,0,0,0,0,0,5,9,5,9,5,9,5,8,5,8,4,7,4,7,4,7,4,6,4,6,4,5,4,4,3,4,3,3,3,2,3,0,3,-1,4,-2,4,-3,5,-4,6,-5,6,-5,7,-5,8,-6,9,-6,8,-6,0,0,9,-6,10,-6,10,-6,10,-7,11,-6,11,-6,12,-5,11,-4,11,-4,11,-4,10,-4,10,-3,9,-3,9,-3,9,-3,8,-3,8,-3,8,-3,7,-3,7,-2,7,-2,6,-2,6,-3,6,-3,6,-3,6,-3,0,0,0,0,0,0,0,0,0,0,0,0,0,0,17,-58,19,-57,18,-59,12,-59,13,-63,11,-59,14,-53,18,-56,13,-51,9,-50,5,-50,5,-45,0,-42,2,-39,3,-34,3,-32,-1,-25,-7,-29,-5,-24,-11,-17,-22,-12,-24,-14,-30,-15,-34,-6,-40,-12,-43,-10,-53,-13,-54,-18,-58,-13,-55,-17,-54,-17,-60,-22,-60,-17,-64,-16,-63,-21,-63,-21,-66,-25,-64,-24,-62,-27,-60,-31,-60,-29,-50,-31,-53,-31,-50,-27,-47,-29,-48,-27,-38,-27,-43,-27,-40,-25,-38,-20,-39,-22,-35,-24,-35,-19,-35,-18,-33,-21,-35,-17,-32,-22,0,0,0,0,0,0,0,0,0,0,0,0,0,0,0,0,0,0,0,0,0,0,-7,46,-12,48,-17,43,-20,44,-13,46,-16,44,-17,45,-15,46,-15,52,-15,55,-21,55,-23,59,-28,56,-33,55,-26,53,-27,57,-30,57,-24,58,-25,57,-26,52,-27,55,-30,56,-25,52,-24,52,-26,51,-21,52,-16,51,-16,54,-14,49,-11,51,-7,48,-6,54,-3,49,-3,51,-3,52,0,48,2,47,4,45,6,40,13,43,11,37,20,43,20,44,23,48,21,43,20,38,22,42,26,38,23,38,27,37,24,33,34,26,41,26,36,21,43,16,52,15,48,18,0,0]",1
CSI_DATA,62365,1a:00:00:00:00:00,-41,11,1,0,1,1,1,0,0,0,1,-97,0,11,2,837366027,0,44,0,384,0,"[0,0,0,0,0,0,0,0,0,0,0,0,-11,1,-10,1,-10,1,-10,1,-9,2,-9,2,-9,1,-8,2,-8,1,-7,1,-6,1,-5,1,-4,1,-3,1,-2,2,-1,3,0,3,0,4,1,5,2,6,2,7,2,8,2,8,2,9,2,9,2,9,0,0,2,11,2,10,2,11,2,11,2,12,1,12,0,12,0,11,-1,11,-1,11,0,10,0,10,0,9,0,9,-1,9,-1,9,-1,8,-1,8,-1,7,-1,7,-1,6,0,6,0,6,1,6,0,6,0,6,0,0,0,0,0,0,0,0,0,0,0,0,0,0,43,37,45,34,43,34,38,39,48,31,46,39,43,31,36,26,41,29,36,27,34,28,37,23,33,20,29,18,26,15,24,11,24,5,21,1,18,-5,18,-8,17,-17,16,-25,13,-29,21,-31,19,-39,18,-48,29,-43,29,-47,31,-51,28,-46,29,-45,33,-52,30,-54,36,-55,36,-54,34,-55,44,-58,45,-53,43,-51,49,-52,43,-44,40,-45,43,-37,34,-42,42,-41,29,-37,35,-39,36,-39,37,-32,31,-37,29,-34,24,-29,24,-25,25,-31,19,-28,23,-28,24,-31,0,0,0,0,0,0,0,0,0,0,0,0,0,0,0,0,0,0,0,0,0,0,-37,-35,-35,-39,-29,-43,-27,-34,-29,-38,-23,-43,-29,-45,-33,-44,-35,-47,-37,-49,-37,-52,-37,-56,-35,-59,-29,-59,-30,-56,-32,-54,-31,-55,-34,-52,-35,-54,-28,-54,-30,-58,-31,-57,-28,-53,-31,-50,-34,-47,-35,-43,-38,-40,-40,-45,-38,-44,-37,-36,-40,-38,-46,-37,-44,-35,-43,-33,-41,-32,-38,-35,-41,-27,-46,-26,-42,-21,-48,-18,-44,-15,-47,-8,-44,-13,-43,-6,-46,-5,-51,-7,-47,-1,-42,0,-40,3,-39,8,-36,7,-38,16,-34,21,-29,27,-26,33,-36,31,-33,33,0,0]",1
CSI_DATA,62366,1a:00:00:00:00:00,-40,11,1,0,1,1,1,0,0,0,1,-97,0,11,2,837376038,0,44,0,384,0,"[0,0,0,0,0,0,0,0,0,0,0,0,9,-7,8,-6,8,-6,8,-6,8,-6,7,-6,7,-6,7,-5,6,-5,5,-5,5,-4,4,-4,3,-4,2,-4,0,-4,-1,-4,-2,-4,-3,-5,-4,-5,-5,-6,-5,-7,-6,-8,-6,-9,-6,-9,-6,-10,-6,-10,0,0,-6,-11,-7,-11,-7,-11,-6,-11,-6,-11,-6,-12,-5,-12,-5,-12,-4,-12,-3,-11,-4,-11,-4,-10,-4,-10,-4,-10,-4,-9,-3,-9,-3,-9,-3,-8,-3,-8,-3,-8,-3,-7,-3,-7,-4,-7,-4,-7,-3,-7,-3,-7,0,0,0,0,0,0,0,0,0,0,0,0,0,0,-70,-5,-58,0,-66,0,-62,-6,-57,-5,-58,-3,-57,-6,-56,-2,-52,-5,-49,-1,-51,-8,-45,-4,-40,5,-37,4,-33,2,-33,2,-27,4,-24,5,-21,15,-13,18,-11,24,-2,25,-7,30,-7,36,-4,42,-6,46,-11,51,-9,57,-10,58,-6,55,-12,57,-22,60,-17,60,-10,64,-19,62,-21,60,-21,62,-26,61,-30,59,-34,55,-29,54,-28,50,-24,51,-26,44,-28,46,-23,45,-26,39,-22,45,-29,36,-22,34,-20,36,-17,32,-20,34,-17,35,-13,35,-15,35,-19,39,0,0,0,0,0,0,0,0,0,0,0,0,0,0,0,0,0,0,0,0,0,0,50,-18,49,-15,48,-17,52,-16,51,-14,53,-11,53,-12,53,-13,58,-12,63,-13,69,-5,67,-6,67,-4,64,-4,67,-3,63,-1,65,-5,66,-3,71,-4,72,-1,70,8,65,2,59,7,63,5,55,0,53,0,51,-1,53,-6,57,-5,51,-12,51,-13,55,-10,52,-11,49,-13,47,-12,47,-10,46,-17,46,-17,36,-22,36,-22,42,-19,34,-24,38,-25,34,-33,27,-29,34,-26,36,-36,26,-31,25,-34,18,-33,12,-37,7,-35,9,-37,2,-43,-1,-47,5,-55,-4,-55,0,0]",1
CSI_DATA,62367,1a:00:00:00:00:00,-42,11,1,0,1,1,1,0,0,0,1,-97,0,11,2,837396035,0,44,0,384,0,"[0,0,0,0,0,0,0,0,0,0,0,0,1,-13,1,-12,1,-12,1,-11,1,-11,1,-10,1,-10,1,-9,1,-9,0,-8,1,-7,0,-6,0,-5,-1,-4,-2,-3,-3,-2,-3,-2,-4,-1,-5,-1,-6,0,-8,0,-9,0,-9,0,-10,-1,-10,-1,-11,-1,0,0,-11,-2,-11,-1,-11,-2,-12,-2,-12,-2,-12,-2,-12,-3,-11,-3,-10,-3,-10,-3,-10,-3,-10,-3,-10,-2,-9,-2,-9,-2,-9,-2,-9,-2,-8,-2,-8,-2,-8,-2,-8,-2,-8,-2,-8,-2,-8,-1,-8,-2,-8,-2,0,0,0,0,0,0,0,0,0,0,0,0,0,0,18,-68,18,-65,20,-66,16,-65,17,-67,17,-61,15,-58,15,-57,12,-49,14,-54,11,-50,12,-43,13,-45,9,-37,10,-34,7,-31,-1,-27,-1,-19,-5,-17,-8,-12,-15,-10,-23,-9,-26,-5,-32,-3,-35,-5,-44,-3,-44,-8,-51,-6,-53,-6,-51,-8,-54,-8,-61,-11,-56,-10,-59,-10,-59,-12,-63,-13,-58,-14,-60,-21,-55,-20,-61,-18,-49,-20,-49,-16,-51,-17,-49,-13,-51,-13,-47,-12,-47,-13,-46,-11,-45,-12,-41,-10,-37,-12,-39,-11,-40,-8,-41,-10,-42,-10,-42,-8,-44,-15,0,0,0,0,0,0,0,0,0,0,0,0,0,0,0,0,0,0,0,0,0,0,-5,50,-8,54,-12,51,-12,52,-13,52,-12,49,-15,49,-11,50,-14,57,-14,58,-18,62,-23,64,-24,63,-26,66,-30,61,-27,59,-29,61,-28,64,-29,64,-33,60,-34,56,-34,56,-28,49,-27,48,-25,49,-19,46,-20,45,-16,49,-14,50,-9,50,-10,49,-7,48,-5,47,-4,48,-2,46,2,46,2,42,8,41,6,43,14,40,13,40,20,41,23,37,25,41,27,36,24,38,24,34,26,30,29,29,29,28,32,22,38,18,42,18,43,16,50,12,57,15,59,12,0,0]",1
CSI_DATA,62368,1a:00:00:00:00:00,-40,11,1,0,1,1,1,0,0,0,1,-97,0,11,2,837406039,0,44,0,384,0,"[0,0,0,0,0,0,0,0,0,0,0,0,3,11,3,10,3,10,2,9,2,9,2,8,2,8,2,8,2,7,2,6,1,5,1,4,1,3,1,2,1,1,2,0,2,-1,3,-2,3,-3,4,-4,5,-5,6,-6,7,-6,7,-6,8,-6,8,-6,0,0,8,-6,9,-6,9,-7,9,-7,9,-7,10,-7,10,-6,10,-5,10,-6,9,-5,9,-6,9,-5,8,-5,8,-5,8,-5,8,-5,8,-5,7,-5,7,-4,7,-4,7,-4,6,-4,6,-4,6,-4,7,-5,7,-4,0,0,0,0,0,0,0,0,0,0,0,0,0,0,32,-64,27,-58,29,-59,26,-61,29,-60,26,-58,23,-54,30,-53,19,-53,18,-51,23,-45,20,-44,15,-38,13,-36,14,-29,8,-27,3,-20,2,-18,-3,-13,-11,-9,-12,-9,-19,-9,-29,-4,-35,-2,-42,-9,-45,-6,-49,-12,-53,-4,-53,-11,-58,-16,-56,-11,-57,-15,-57,-14,-61,-12,-59,-16,-61,-19,-59,-18,-61,-23,-59,-23,-61,-23,-56,-18,-54,-22,-55,-20,-51,-15,-52,-15,-52,-18,-49,-17,-50,-18,-48,-21,-44,-22,-45,-19,-42,-17,-38,-16,-46,-16,-43,-10,-42,-12,-40,-16,0,0,0,0,0,0,0,0,0,0,0,0,0,0,0,0,0,0,0,0,0,0,-13,51,-20,52,-24,49,-29,49,-26,48,-21,49,-26,51,-29,51,-24,55,-23,54,-33,59,-40,61,-41,63,-38,57,-46,54,-43,58,-39,55,-41,57,-43,56,-46,51,-40,48,-48,46,-41,48,-36,44,-32,39,-26,45,-24,43,-22,49,-14,49,-16,46,-16,46,-12,50,-12,46,-10,50,-7,48,-4,49,-3,46,4,50,6,44,8,41,12,43,22,40,15,41,17,46,26,46,34,38,27,38,29,43,29,39,30,35,27,35,33,22,42,29,44,26,50,27,56,23,52,23,0,0]",1
CSI_DATA,62369,1a:00:00:00:00:00,-40,11,1,0,1,1,1,0,0,0,1,-97,0,11,2,837416033,0,44,0,384,0,"[0,0,0,0,0,0,0,0,0,0,0,0,-10,-7,-9,-7,-9,-7,-8,-6,-8,-5,-8,-5,-8,-5,-7,-5,-7,-4,-6,-4,-6,-3,-5,-2,-4,-2,-3,-1,-3,0,-2,1,-1,2,-1,4,-1,5,-1,6,-1,7,-1,8,-2,9,-2,10,-3,10,-2,10,0,0,-3,11,-3,11,-3,12,-3,12,-3,12,-3,12,-4,12,-4,12,-4,12,-4,11,-4,11,-4,10,-4,10,-4,10,-4,10,-4,10,-4,9,-3,9,-3,9,-3,8,-3,8,-3,7,-3,8,-2,7,-3,8,-3,8,0,0,0,0,0,0,0,0,0,0,0,0,0,0,-3,60,3,62,-3,63,0,55,3,57,3,52,1,47,3,53,2,47,5,37,6,44,5,38,8,34,7,31,4,25,5,22,8,18,9,13,10,7,15,2,19,-8,22,-10,20,-16,28,-21,31,-20,42,-16,48,-21,44,-20,47,-18,50,-24,52,-22,60,-18,50,-21,52,-25,56,-23,58,-25,59,-22,59,-19,60,-15,64,-23,60,-14,57,-17,53,-14,56,-13,55,-13,49,-17,51,-9,52,-12,51,-12,42,-9,47,-9,43,-6,42,-12,39,-11,39,-16,43,-8,40,-9,0,0,0,0,0,0,0,0,0,0,0,0,0,0,0,0,0,0,0,0,0,0,-3,-49,7,-51,0,-50,0,-46,9,-48,6,-48,4,-47,3,-49,5,-57,2,-61,9,-64,11,-63,11,-63,18,-59,18,-62,19,-60,14,-60,17,-61,12,-59,15,-57,15,-54,15,-60,18,-54,12,-46,14,-51,5,-45,3,-44,9,-48,-3,-51,-8,-46,-5,-47,-13,-44,-8,-41,-14,-43,-14,-43,-12,-40,-15,-41,-16,-40,-19,-36,-26,-34,-30,-30,-33,-33,-33,-31,-37,-28,-33,-31,-41,-35,-41,-25,-36,-24,-41,-21,-38,-16,-39,-17,-40,-8,-47,-5,-49,-2,-47,0,-50,6,-61,3,0,0]",1
CSI_DATA,62370,1a:00:00:00:00:00,-39,11,1,0,1,1,1,0,0,0,1,-97,0,11,2,837436027,0,44,0,384,0,"[0,0,0,0,0,0,0,0,0,0,0,0,-10,4,-10,4,-9,4,-9,4,-8,4,-8,4,-7,4,-7,3,-6,3,-5,3,-5,3,-4,3,-3,3,-2,3,-1,3,1,4,1,4,2,5,3,5,4,6,4,7,5,8,5,9,5,9,5,10,5,10,0,0,5,11,6,11,6,11,6,12,6,12,5,13,4,13,3,12,3,12,3,12,3,11,2,11,2,10,2,10,2,10,2,10,2,9,2,9,1,8,1,8,1,8,1,7,1,7,1,7,1,7,1,7,0,0,0,0,0,0,0,0,0,0,0,0,0,0,56,20,55,25,59,19,56,19,50,19,53,22,50,19,46,11,43,7,48,13,37,11,43,11,35,0,30,1,26,0,30,-3,25,-10,15,-10,18,-20,12,-25,9,-30,8,-33,14,-40,12,-46,9,-50,13,-53,15,-54,14,-59,18,-56,14,-62,20,-64,19,-68,20,-65,24,-70,23,-69,28,-79,25,-70,30,-71,36,-68,36,-67,38,-61,33,-52,34,-55,36,-61,33,-57,34,-53,31,-50,31,-48,29,-44,28,-39,29,-40,26,-36,24,-39,25,-34,22,-34,18,-38,24,-35,0,0,0,0,0,0,0,0,0,0,0,0,0,0,0,0,0,0,0,0,0,0,-45,-12,-49,-18,-46,-19,-46,-28,-44,-21,-47,-20,-42,-20,-49,-19,-52,-21,-53,-21,-52,-28,-52,-32,-54,-36,-54,-35,-50,-38,-49,-32,-45,-34,-45,-33,-52,-33,-52,-28,-50,-30,-42,-31,-48,-29,-42,-26,-42,-22,-45,-21,-45,-19,-49,-18,-45,-16,-49,-9,-44,-5,-53,-16,-44,-9,-49,-6,-45,-2,-47,-2,-44,-2,-43,8,-39,6,-43,12,-44,13,-38,14,-43,16,-42,22,-43,17,-33,21,-33,21,-38,24,-35,23,-28,26,-28,25,-22,33,-26,34,-18,38,-20,46,-16,48,-17,54,0,0]",1
CSI_DATA,62371,1a:00:00:00:00:00,-39,11,1,0,1,1,1,0,0,0,1,-97,0,11,2,837446065,0,44,0,384,0,"[0,0,0,0,0,0,0,0,0,0,0,0,6,-9,6,-10,5,-9,5,-9,5,-8,5,-8,4,-8,4,-7,3,-7,3,-7,2,-6,2,-6,1,-6,0,-5,-2,-5,-3,-5,-4,-5,-5,-5,-6,-6,-7,-6,-7,-7,-8,-7,-8,-8,-9,-8,-9,-9,-9,-9,0,0,-9,-9,-10,-9,-10,-10,-10,-10,-10,-11,-9,-11,-9,-12,-8,-11,-8,-12,-7,-11,-7,-11,-6,-10,-6,-10,-6,-10,-6,-10,-5,-9,-5,-9,-5,-9,-5,-8,-4,-8,-4,-8,-4,-7,-4,-7,-4,-7,-4,-7,-4,-7,0,0,0,0,0,0,0,0,0,0,0,0,0,0,-60,-4,-62,0,-62,0,-60,-1,-60,-2,-59,-3,-59,1,-59,1,-53,3,-44,1,-43,2,-43,7,-37,5,-35,5,-31,7,-30,12,-31,16,-21,18,-19,20,-8,26,-11,30,-9,35,-11,39,-8,45,-9,47,-10,52,-12,57,-14,62,-11,61,-12,60,-11,63,-12,67,-15,59,-15,66,-16,72,-19,71,-23,72,-24,64,-32,67,-28,66,-29,58,-28,60,-30,57,-25,56,-24,58,-28,50,-30,45,-25,46,-27,42,-30,39,-23,35,-21,38,-22,29,-25,34,-23,34,-21,35,-18,36,0,0,0,0,0,0,0,0,0,0,0,0,0,0,0,0,0,0,0,0,0,0,48,-10,49,-3,46,-3,48,-1,45,-6,44,-4,46,-4,49,-3,53,-4,58,-4,58,2,56,2,59,9,54,4,59,7,53,7,56,5,54,1,57,6,55,9,60,9,50,3,49,8,45,1,48,3,50,-2,50,-6,52,-6,47,-8,49,-9,44,-9,45,-11,46,-6,42,-10,41,-14,40,-17,37,-17,38,-17,39,-20,34,-25,32,-26,26,-32,29,-30,37,-34,31,-33,20,-36,32,-35,30,-34,19,-33,20,-29,16,-37,8,-40,4,-35,4,-42,-4,-54,-5,-56,0,-47,0,0]",1
CSI_DATA,62372,1a:00:00:00:00:00,-38,11,1,0,1,1,1,0,0,0,1,-97,0,11,2,837466024,0,44,0,384,0,"[0,0,0,0,0,0,0,0,0,0,0,0,-2,-13,-2,-12,-2,-12,-2,-11,-2,-11,-2,-11,-2,-10,-2,-10,-2,-9,-2,-9,-2,-8,-2,-7,-3,-6,-3,-5,-4,-4,-5,-4,-5,-3,-6,-3,-7,-2,-8,-2,-9,-2,-10,-2,-10,-3,-11,-3,-11,-3,-11,-3,0,0,-12,-3,-12,-3,-12,-3,-13,-3,-13,-4,-13,-5,-13,-5,-12,-6,-12,-6,-11,-6,-10,-6,-10,-6,-9,-6,-9,-6,-9,-5,-9,-6,-8,-5,-8,-5,-8,-5,-7,-5,-7,-5,-7,-4,-7,-4,-7,-4,-7,-4,-7,-5,0,0,0,0,0,0,0,0,0,0,0,0,0,0,-39,59,-48,56,-41,57,-47,54,-40,55,-37,47,-39,48,-34,44,-42,45,-36,40,-27,40,-29,40,-27,36,-24,35,-21,35,-11,35,-10,33,-7,26,1,23,0,26,9,34,13,33,17,32,22,34,20,35,30,43,29,44,34,47,28,51,34,51,32,52,31,59,34,52,32,53,34,56,32,59,31,63,31,64,24,68,20,61,21,62,21,52,15,63,20,57,18,58,12,50,6,52,11,49,9,51,8,43,5,42,7,37,4,42,7,42,9,38,10,42,5,40,0,0,0,0,0,0,0,0,0,0,0,0,0,0,0,0,0,0,0,0,0,0,0,-49,5,-51,6,-49,10,-51,10,-50,11,-50,2,-47,5,-51,6,-60,9,-57,17,-60,15,-62,22,-58,23,-58,25,-50,23,-53,21,-56,23,-56,17,-60,22,-54,27,-56,20,-58,22,-51,21,-51,15,-51,13,-54,18,-53,15,-51,15,-54,12,-55,13,-53,10,-52,4,-50,6,-49,7,-52,3,-51,1,-49,-1,-47,-4,-50,-6,-47,-8,-50,-14,-48,-12,-51,-14,-49,-16,-45,-12,-50,-12,-48,-16,-42,-20,-44,-22,-32,-24,-35,-31,-33,-37,-27,-41,-28,-48,-30,-50,-33,-54,-33,0,0]",1
CSI_DATA,62373,1a:00:00:00:00:00,-39,11,1,0,1,1,1,0,0,0,1,-97,0,11,2,837476020,0,44,0,384,0,"[0,0,0,0,0,0,0,0,0,0,0,0,5,10,5,9,5,9,4,9,5,8,4,8,4,7,4,7,4,7,4,6,3,6,3,5,3,4,4,3,4,2,4,1,4,0,5,0,6,-1,6,-1,7,-2,8,-2,9,-2,9,-2,10,-1,10,-1,0,0,10,-1,11,-2,11,-1,11,-1,11,-1,12,0,12,1,11,1,11,1,10,2,10,2,9,2,9,2,9,2,8,1,8,1,8,2,7,1,7,1,7,1,6,1,6,1,6,1,6,1,7,1,6,2,0,0,0,0,0,0,0,0,0,0,0,0,0,0,12,-64,11,-61,18,-63,12,-69,13,-63,14,-57,11,-57,16,-57,18,-50,11,-50,10,-52,14,-48,11,-47,6,-40,7,-37,1,-35,-2,-31,-7,-30,-5,-28,-17,-24,-20,-24,-24,-26,-25,-19,-29,-24,-39,-30,-38,-24,-42,-31,-45,-33,-46,-38,-49,-32,-49,-35,-47,-37,-53,-37,-47,-30,-51,-36,-50,-44,-48,-39,-45,-47,-46,-47,-44,-49,-40,-48,-37,-45,-34,-51,-35,-47,-36,-46,-31,-46,-31,-39,-35,-41,-24,-37,-25,-37,-24,-38,-21,-33,-20,-33,-24,-33,-21,-29,-23,-34,-23,-38,0,0,0,0,0,0,0,0,0,0,0,0,0,0,0,0,0,0,0,0,0,0,24,42,17,45,14,48,8,49,11,48,10,47,14,47,14,52,12,55,15,60,6,60,10,62,5,66,1,62,-3,60,2,59,0,60,4,59,-2,60,3,63,3,57,2,59,-4,58,-1,55,-1,49,3,50,5,52,2,55,9,56,9,52,11,48,7,50,10,49,7,52,15,45,13,48,15,47,15,45,21,38,21,45,24,37,23,40,27,36,27,39,29,38,24,32,31,31,31,29,31,31,33,22,36,19,43,17,44,10,39,10,55,9,55,6,60,6,0,0]",1
CSI_DATA,62374,1a:00:00:00:00:00,-39,11,1,0,1,1,1,0,0,0,1,-97,0,11,2,837486090,0,44,0,384,0,"[0,0,0,0,0,0,0,0,0,0,0,0,-8,-10,-8,-9,-8,-9,-8,-9,-8,-9,-7,-8,-7,-8,-7,-7,-6,-7,-6,-6,-6,-6,-6,-5,-5,-4,-5,-3,-6,-2,-6,-1,-6,0,-6,0,-7,1,-8,2,-8,2,-9,3,-10,3,-10,3,-11,3,-11,3,0,0,-12,3,-12,2,-12,2,-13,2,-13,2,-14,1,-13,1,-13,0,-13,0,-12,0,-12,0,-11,-1,-11,-1,-11,-1,-10,-1,-10,-1,-10,-1,-9,-1,-9,-1,-8,-1,-9,-1,-8,-1,-8,-1,-8,-1,-8,-1,-8,-2,0,0,0,0,0,0,0,0,0,0,0,0,0,0,-5,71,-8,62,-4,66,-6,65,-10,65,-7,57,-7,57,-5,61,-6,57,-1,57,-7,52,-3,48,0,44,2,39,2,37,3,37,2,32,11,26,8,26,15,24,22,16,27,18,34,18,38,22,38,22,46,15,47,21,51,27,52,27,49,25,51,29,52,35,54,32,58,32,57,36,58,40,53,39,54,40,52,45,46,45,44,42,43,46,43,42,38,43,36,43,36,40,33,44,36,32,31,40,29,41,25,36,25,35,26,33,26,33,25,34,23,35,23,36,0,0,0,0,0,0,0,0,0,0,0,0,0,0,0,0,0,0,0,0,0,0,-36,-38,-35,-42,-31,-43,-30,-45,-31,-42,-30,-45,-28,-42,-32,-46,-32,-48,-36,-52,-28,-58,-30,-59,-27,-59,-26,-62,-20,-62,-22,-61,-17,-60,-18,-56,-21,-59,-21,-56,-16,-57,-14,-61,-11,-57,-16,-58,-14,-54,-26,-55,-19,-56,-24,-55,-20,-50,-23,-50,-23,-52,-23,-51,-18,-47,-22,-42,-25,-44,-25,-46,-22,-40,-29,-39,-28,-36,-30,-36,-33,-34,-35,-29,-38,-30,-41,-34,-40,-34,-31,-21,-32,-25,-36,-22,-30,-23,-36,-21,-39,-10,-43,-9,-45,-6,-55,0,-56,1,-54,1,-68,2,0,0]",1
CSI_DATA,62375,1a:00:00:00:00:00,-37,11,1,0,1,1,1,0,0,0,1,-97,0,11,2,837518954,0,44,0,384,0,"[0,0,0,0,0,0,0,0,0,0,0,0,-8,-9,-8,-9,-7,-8,-8,-8,-7,-7,-8,-7,-7,-7,-7,-7,-7,-6,-6,-5,-6,-5,-6,-4,-6,-3,-6,-2,-6,-1,-6,0,-7,1,-7,2,-8,2,-9,3,-9,3,-10,4,-10,4,-11,4,-11,4,-12,4,0,0,-12,4,-12,4,-13,4,-13,4,-14,4,-14,3,-14,2,-13,2,-13,2,-13,1,-13,1,-13,1,-12,1,-12,1,-11,0,-12,0,-11,0,-10,0,-10,-1,-9,-1,-9,-1,-9,-1,-9,-1,-8,-1,-9,-1,-8,-1,0,0,0,0,0,0,0,0,0,0,0,0,0,0,-17,65,-19,59,-22,68,-19,61,-14,59,-14,54,-17,54,-16,53,-13,56,-11,50,-12,48,-7,46,-5,44,1,41,0,40,-1,37,5,31,13,33,10,29,16,26,24,28,33,24,33,28,41,27,40,24,47,29,43,33,53,39,51,35,55,35,58,43,55,43,50,38,59,41,53,43,58,47,58,45,52,53,48,55,47,53,45,48,46,48,43,50,43,48,41,53,39,49,38,48,34,50,28,45,25,46,28,46,24,39,18,42,21,38,24,38,21,38,18,40,0,0,0,0,0,0,0,0,0,0,0,0,0,0,0,0,0,0,0,0,0,0,-5,-43,-1,-47,-1,-46,1,-45,1,-45,2,-44,2,-43,0,-44,-5,-51,-4,-51,3,-53,0,-58,8,-57,7,-56,10,-55,10,-51,7,-58,10,-53,9,-52,8,-49,9,-54,11,-53,6,-49,5,-49,6,-50,9,-45,2,-46,2,-46,0,-46,1,-45,0,-45,-4,-48,-6,-41,-2,-40,-7,-44,-12,-40,-12,-40,-16,-37,-14,-33,-22,-31,-24,-35,-24,-30,-31,-35,-29,-34,-31,-35,-32,-27,-33,-28,-31,-29,-34,-27,-38,-20,-39,-18,-44,-19,-50,-20,-50,-12,-55,-12,-64,-13,-54,-15,0,0]",1
CSI_DATA,62376,1a:00:00:00:00:00,-37,11,1,0,1,1,1,0,0,0,1,-97,0,11,2,837526025,0,44,0,384,0,"[0,0,0,0,0,0,0,0,0,0,0,0,-8,8,-8,7,-8,7,-7,7,-7,7,-7,7,-7,6,-6,6,-6,6,-5,6,-5,6,-4,6,-3,5,-2,5,-1,5,0,5,1,5,2,6,2,6,3,7,3,8,4,8,4,9,5,10,5,10,4,10,0,0,4,11,4,11,5,11,5,12,4,12,4,12,3,12,2,12,2,12,2,12,2,11,2,11,1,11,1,11,1,10,0,10,0,10,0,9,0,9,-1,8,-1,8,-1,8,0,8,0,7,0,8,-1,7,0,0,0,0,0,0,0,0,0,0,0,0,0,0,64,11,71,11,67,8,64,12,67,6,59,5,59,7,60,8,59,4,51,3,50,5,46,5,48,-3,45,-4,37,-3,36,-9,32,-11,33,-18,28,-16,25,-23,21,-27,21,-33,18,-37,20,-42,22,-47,22,-55,25,-56,26,-61,30,-59,29,-57,31,-62,35,-65,32,-61,32,-64,34,-61,39,-62,36,-61,44,-62,44,-65,44,-58,42,-52,39,-54,44,-51,40,-52,45,-47,39,-46,40,-40,41,-41,39,-36,41,-33,37,-32,40,-29,33,-32,31,-27,31,-28,33,-27,36,-28,0,0,0,0,0,0,0,0,0,0,0,0,0,0,0,0,0,0,0,0,0,0,-41,14,-43,8,-42,6,-44,3,-45,5,-44,8,-45,8,-46,8,-50,8,-54,9,-54,3,-59,2,-59,-1,-58,-5,-56,-4,-53,-2,-56,0,-52,-1,-57,-3,-54,-2,-56,-3,-57,-3,-50,-3,-52,3,-47,-1,-47,7,-47,6,-50,6,-48,6,-47,13,-43,14,-44,11,-44,12,-43,11,-45,15,-41,17,-38,21,-33,20,-34,24,-28,27,-29,34,-29,34,-31,39,-28,40,-28,41,-28,34,-27,42,-22,44,-27,40,-17,41,-15,42,-12,43,-11,53,-10,52,-8,57,-7,63,-9,61,0,0]",1
CSI_DATA,62377,1a:00:00:00:00:00,-37,11,1,0,1,1,1,0,0,0,1,-97,0,11,2,837556031,0,44,0,384,0,"[0,0,0,0,0,0,0,0,0,0,0,0,-3,-11,-3,-11,-3,-11,-3,-10,-3,-10,-3,-9,-3,-9,-3,-9,-3,-8,-3,-7,-3,-7,-4,-6,-4,-5,-4,-4,-4,-3,-5,-2,-6,-2,-7,-1,-7,-1,-8,0,-9,0,-10,0,-11,0,-11,0,-11,0,-11,0,0,0,-12,0,-12,0,-12,0,-13,0,-13,-1,-14,-1,-14,-2,-13,-2,-13,-3,-13,-3,-12,-2,-12,-3,-12,-3,-11,-3,-11,-3,-10,-3,-10,-3,-9,-3,-9,-3,-9,-3,-9,-3,-9,-3,-8,-3,-8,-3,-8,-3,-8,-3,0,0,0,0,0,0,0,0,0,0,0,0,0,0,-42,53,-44,40,-35,47,-36,46,-37,46,-32,40,-32,42,-32,45,-35,43,-26,40,-31,30,-24,38,-21,40,-15,31,-17,33,-14,30,-11,30,-4,29,-1,31,2,28,11,28,16,31,25,31,23,32,32,34,33,37,29,39,29,41,36,42,36,42,37,51,37,54,36,52,40,52,38,55,39,58,38,60,35,64,35,61,31,60,25,55,30,55,27,56,26,59,24,57,22,50,19,53,21,55,14,48,11,45,13,46,12,47,14,44,10,41,13,40,11,42,9,45,0,0,0,0,0,0,0,0,0,0,0,0,0,0,0,0,0,0,0,0,0,0,9,-44,11,-45,10,-42,18,-44,17,-41,13,-41,13,-43,13,-47,17,-51,20,-48,28,-51,25,-56,26,-52,29,-50,32,-49,26,-44,25,-48,27,-49,27,-48,24,-46,29,-44,29,-50,25,-46,16,-44,20,-43,20,-46,19,-46,17,-46,15,-42,9,-47,12,-45,11,-49,9,-44,8,-43,6,-49,5,-48,4,-48,-4,-44,-2,-48,-12,-46,-12,-47,-12,-49,-14,-50,-17,-53,-19,-49,-18,-53,-16,-48,-15,-46,-23,-46,-14,-42,-23,-37,-31,-37,-29,-40,-33,-39,-38,-38,-46,-38,-46,-37,0,0]",1
CSI_DATA,62378,1a:00:00:00:00:00,-37,11,1,0,1,1,1,0,0,0,1,-97,0,11,2,837576109,0,44,0,384,0,"[0,0,0,0,0,0,0,0,0,0,0,0,-9,-7,-9,-7,-8,-6,-8,-6,-8,-5,-8,-5,-8,-5,-7,-4,-7,-4,-7,-3,-7,-3,-7,-2,-6,-2,-6,-1,-6,0,-6,1,-6,2,-6,3,-6,4,-7,5,-7,5,-8,6,-8,6,-9,6,-9,7,-9,7,0,0,-10,7,-10,7,-10,8,-10,8,-11,7,-12,7,-12,6,-12,6,-12,6,-11,5,-11,5,-11,4,-11,4,-11,4,-10,4,-10,3,-10,3,-10,3,-9,2,-9,2,-9,2,-8,2,-8,2,-8,2,-8,2,-8,2,0,0,0,0,0,0,0,0,0,0,0,0,0,0,16,61,11,58,8,62,11,53,9,57,12,53,11,47,13,46,12,43,15,45,15,43,15,41,20,40,16,32,15,30,20,29,23,26,26,18,26,14,27,10,33,8,31,4,40,0,43,-1,50,5,52,-2,56,4,61,3,58,3,57,2,61,4,69,4,66,-3,69,1,67,1,70,3,69,8,71,13,67,17,67,15,64,20,64,19,62,16,60,16,56,18,57,24,54,22,51,21,47,21,44,21,41,20,44,24,39,14,35,20,36,16,42,20,37,20,0,0,0,0,0,0,0,0,0,0,0,0,0,0,0,0,0,0,0,0,0,0,-28,-36,-24,-42,-22,-41,-24,-48,-21,-43,-19,-43,-19,-41,-22,-44,-24,-44,-19,-47,-18,-51,-19,-53,-21,-54,-15,-52,-13,-54,-12,-48,-17,-50,-15,-47,-15,-54,-16,-50,-14,-51,-17,-53,-13,-52,-16,-48,-18,-43,-20,-43,-25,-41,-26,-50,-24,-40,-30,-40,-25,-43,-29,-43,-27,-39,-28,-38,-32,-38,-32,-37,-32,-36,-36,-32,-36,-28,-40,-27,-41,-21,-43,-22,-45,-31,-47,-23,-45,-22,-40,-25,-46,-20,-48,-18,-45,-13,-41,-9,-38,-7,-46,-4,-50,2,-47,8,-47,10,-56,11,-53,11,0,0]",1
CSI_DATA,62379,1a:00:00:00:00:00,-36,11,1,0,1,1,1,0,0,0,1,-97,0,11,2,837596910,0,44,0,384,0,"[0,0,0,0,0,0,0,0,0,0,0,0,-5,-10,-5,-9,-5,-9,-5,-9,-6,-8,-5,-8,-6,-7,-6,-7,-6,-7,-6,-6,-6,-6,-6,-5,-6,-5,-6,-4,-6,-3,-7,-2,-7,-2,-8,-1,-8,0,-9,0,-10,0,-11,0,-11,0,-12,0,-12,0,-12,0,0,0,-13,-1,-13,0,-13,-1,-14,-1,-14,-2,-14,-2,-14,-3,-13,-3,-13,-3,-12,-4,-12,-3,-12,-4,-11,-4,-11,-4,-11,-4,-10,-4,-10,-4,-10,-4,-9,-4,-8,-4,-8,-4,-8,-4,-8,-4,-7,-4,-8,-4,-7,-4,0,0,0,0,0,0,0,0,0,0,0,0,0,0,-6,60,-7,58,0,57,2,57,3,61,2,51,1,53,4,56,4,48,4,48,11,44,9,39,9,41,11,39,12,38,16,36,15,33,18,29,23,27,27,25,31,19,37,21,40,23,40,19,48,20,49,25,56,24,56,22,59,26,58,30,59,30,55,28,59,29,59,29,65,32,66,33,56,35,56,40,55,42,55,43,53,47,53,41,49,38,49,38,45,38,46,40,42,38,42,41,35,37,33,35,33,33,31,33,27,33,30,33,26,32,25,30,24,35,0,0,0,0,0,0,0,0,0,0,0,0,0,0,0,0,0,0,0,0,0,0,-22,-38,-18,-40,-17,-39,-12,-44,-16,-40,-17,-37,-21,-42,-15,-42,-18,-45,-17,-47,-14,-51,-16,-53,-10,-57,-7,-48,-10,-53,-10,-51,-14,-51,-11,-52,-10,-50,-13,-54,-17,-53,-9,-54,-9,-53,-12,-47,-10,-49,-17,-49,-18,-44,-15,-46,-17,-48,-19,-42,-20,-45,-20,-43,-21,-41,-22,-39,-22,-43,-25,-39,-26,-41,-27,-36,-27,-32,-32,-31,-33,-26,-36,-25,-40,-27,-39,-31,-37,-23,-35,-28,-40,-27,-41,-21,-42,-16,-46,-18,-41,-10,-45,-10,-44,-7,-48,-5,-55,1,-56,2,-58,4,0,0]",1
CSI_DATA,62380,1a:00:00:00:00:00,-36,11,1,0,1,1,1,0,0,0,1,-97,0,11,2,837606785,0,44,0,384,0,"[0,0,0,0,0,0,0,0,0,0,0,0,9,4,9,4,9,4,8,4,9,3,8,3,8,2,8,2,8,2,7,2,7,1,7,1,6,0,6,-1,6,-1,6,-2,6,-3,6,-4,6,-5,7,-5,7,-6,8,-6,9,-6,9,-6,10,-6,9,-7,0,0,10,-7,10,-7,10,-7,11,-7,11,-6,11,-6,11,-6,11,-5,11,-5,11,-4,11,-4,10,-4,10,-3,10,-3,10,-3,9,-3,9,-2,9,-2,9,-2,8,-2,8,-1,8,-2,8,-2,7,-1,7,-1,7,-1,0,0,0,0,0,0,0,0,0,0,0,0,0,0,-23,-62,-18,-61,-25,-62,-25,-57,-26,-57,-23,-58,-24,-52,-25,-55,-25,-47,-24,-46,-22,-42,-24,-45,-26,-43,-22,-37,-29,-36,-27,-33,-28,-25,-35,-24,-33,-18,-32,-16,-38,-14,-39,-8,-47,-8,-50,-3,-53,-4,-53,-7,-60,-8,-61,-7,-61,-11,-63,-8,-64,-9,-72,-11,-66,-11,-69,-7,-67,-12,-74,-10,-68,-20,-65,-16,-73,-22,-71,-20,-62,-23,-62,-24,-64,-26,-61,-24,-51,-25,-51,-23,-50,-24,-51,-25,-49,-23,-45,-26,-45,-30,-38,-24,-39,-24,-42,-28,-37,-20,-37,-27,-39,-26,0,0,0,0,0,0,0,0,0,0,0,0,0,0,0,0,0,0,0,0,0,0,37,20,32,25,32,27,31,27,34,26,32,26,29,25,36,27,38,31,37,31,36,40,39,40,36,41,36,43,29,45,34,37,32,42,35,41,31,43,36,44,34,46,32,43,28,43,30,36,29,37,35,30,33,33,30,32,34,34,43,27,35,30,39,31,35,31,37,22,37,30,43,22,35,27,38,18,40,21,40,14,42,11,49,11,46,11,49,14,51,9,45,1,42,8,46,4,50,0,44,-3,43,-8,47,-12,41,-14,45,-13,50,-24,51,-28,46,-27,0,0]",1
CSI_DATA,62381,1a:00:00:00:00:00,-36,11,1,0,1,1,1,0,0,0,1,-97,0,11,2,837616035,0,44,0,384,0,"[0,0,0,0,0,0,0,0,0,0,0,0,-6,9,-6,9,-5,9,-6,9,-5,9,-5,9,-5,8,-5,8,-4,8,-4,7,-3,7,-3,7,-2,7,-1,6,0,6,1,6,1,7,2,7,3,7,3,8,4,8,4,9,4,9,4,10,4,10,4,10,0,0,4,11,4,11,4,11,4,11,4,12,4,12,3,12,2,12,2,12,2,11,2,11,1,11,2,11,1,11,1,10,0,10,0,10,0,9,0,9,-1,8,-1,8,-1,8,-1,8,-1,8,-1,8,-2,8,0,0,0,0,0,0,0,0,0,0,0,0,0,0,64,-8,63,-3,60,-9,59,-7,60,-10,59,-11,53,-11,56,-11,54,-10,49,-13,48,-9,50,-9,44,-10,44,-16,40,-14,35,-20,35,-18,31,-25,30,-23,26,-24,24,-30,19,-34,22,-38,25,-44,21,-48,24,-53,24,-51,22,-47,32,-56,26,-52,27,-57,33,-58,29,-54,33,-55,32,-57,34,-61,40,-53,42,-54,44,-51,43,-52,43,-53,40,-49,43,-45,43,-53,46,-43,42,-37,44,-38,40,-38,39,-34,36,-31,40,-28,37,-27,37,-29,36,-27,39,-25,36,-25,36,-21,0,0,0,0,0,0,0,0,0,0,0,0,0,0,0,0,0,0,0,0,0,0,-21,33,-21,35,-26,31,-31,29,-27,31,-27,30,-27,31,-30,34,-34,34,-34,38,-41,36,-42,36,-46,38,-45,36,-45,30,-45,27,-47,28,-45,33,-50,31,-52,29,-50,23,-48,24,-44,27,-41,27,-40,26,-37,28,-36,31,-40,26,-39,28,-39,31,-37,27,-38,32,-33,35,-36,31,-31,31,-31,34,-28,33,-26,36,-29,36,-26,39,-24,41,-18,42,-18,43,-19,48,-18,45,-23,39,-19,43,-12,43,-14,42,-10,41,-3,42,2,41,6,47,7,47,12,56,12,53,6,51,0,0]",1
CSI_DATA,62382,1a:00:00:00:00:00,-36,11,1,0,1,1,1,0,0,0,1,-97,0,11,2,837626041,0,44,0,384,0,"[0,0,0,0,0,0,0,0,0,0,0,0,2,-12,2,-11,2,-11,2,-11,2,-11,2,-11,2,-10,2,-10,2,-9,1,-9,1,-9,0,-8,0,-8,-1,-7,-1,-7,-3,-7,-3,-7,-4,-7,-5,-7,-5,-8,-6,-8,-6,-9,-6,-9,-7,-9,-7,-10,-7,-10,0,0,-7,-10,-7,-10,-7,-11,-7,-11,-7,-11,-6,-12,-6,-12,-5,-12,-5,-12,-4,-11,-5,-11,-4,-11,-4,-11,-4,-11,-3,-10,-3,-10,-3,-10,-2,-10,-2,-9,-2,-9,-1,-9,-1,-9,-1,-9,-1,-8,-1,-9,-1,-8,0,0,0,0,0,0,0,0,0,0,0,0,0,0,-64,25,-58,24,-62,24,-60,25,-52,28,-57,23,-54,26,-55,21,-54,23,-52,24,-47,22,-44,25,-41,22,-38,25,-40,27,-38,27,-29,25,-23,25,-19,30,-23,30,-17,38,-15,36,-10,39,-14,45,-10,45,-10,51,-11,52,-15,57,-12,54,-13,54,-10,57,-15,64,-15,54,-14,63,-17,58,-20,68,-16,63,-22,61,-23,65,-27,62,-25,52,-25,56,-25,59,-21,54,-28,53,-27,49,-26,44,-27,49,-29,46,-29,41,-30,40,-30,39,-26,37,-25,38,-29,35,-25,31,-30,28,0,0,0,0,0,0,0,0,0,0,0,0,0,0,0,0,0,0,0,0,0,0,13,-38,16,-34,19,-36,21,-34,19,-34,20,-38,21,-36,19,-39,25,-48,22,-46,29,-47,33,-44,37,-49,35,-46,37,-43,37,-35,36,-44,41,-43,41,-45,46,-41,43,-45,41,-35,39,-36,41,-40,34,-33,33,-42,31,-36,34,-37,31,-37,34,-43,31,-35,30,-41,22,-35,29,-40,25,-39,25,-40,20,-40,21,-42,15,-39,11,-41,10,-46,4,-46,10,-43,8,-47,3,-47,13,-39,-1,-47,6,-49,-2,-41,-7,-40,-7,-45,-11,-41,-13,-45,-16,-45,-27,-51,-24,-47,-26,-51,0,0]",1
CSI_DATA,62383,1a:00:00:00:00:00,-36,11,1,0,1,1,1,0,0,0,1,-97,0,11,2,837636019,0,44,0,384,0,"[0,0,0,0,0,0,0,0,0,0,0,0,1,11,1,11,1,10,1,10,1,10,1,10,1,9,1,9,1,9,1,8,1,8,1,7,2,6,2,6,3,5,3,5,4,4,5,4,6,4,7,4,7,4,8,4,8,5,8,5,9,6,8,5,0,0,9,6,9,6,9,6,10,6,9,6,9,7,9,7,8,8,8,8,8,8,7,7,7,8,7,8,6,7,6,7,6,7,6,7,5,7,5,7,4,7,4,7,4,6,4,6,3,6,3,6,3,6,0,0,0,0,0,0,0,0,0,0,0,0,0,0,34,-57,32,-56,32,-61,34,-55,26,-57,32,-50,29,-53,28,-53,28,-52,27,-49,27,-47,27,-47,17,-44,18,-39,19,-39,13,-43,8,-36,8,-37,5,-37,-3,-35,-8,-38,-11,-41,-11,-38,-12,-42,-15,-48,-17,-45,-19,-50,-24,-53,-19,-54,-28,-56,-22,-57,-17,-60,-20,-56,-25,-61,-24,-62,-21,-60,-22,-65,-19,-64,-19,-65,-14,-65,-15,-65,-12,-60,-6,-62,-11,-60,-6,-54,-7,-56,-7,-56,-2,-55,2,-50,2,-49,2,-49,2,-44,5,-46,2,-40,0,-40,4,-39,5,-35,0,0,0,0,0,0,0,0,0,0,0,0,0,0,0,0,0,0,0,0,0,0,18,38,15,40,12,40,13,43,9,40,8,37,12,46,10,45,11,49,13,51,8,54,4,57,3,57,0,58,-2,59,-6,55,-1,58,-2,56,-5,61,-5,61,-7,59,-8,56,-9,53,-7,47,-4,50,-4,49,0,53,-2,52,-3,46,2,49,3,50,3,48,3,47,5,44,5,50,5,44,8,44,10,46,13,41,15,43,18,43,21,37,24,40,26,37,24,41,27,39,26,35,29,34,24,33,30,30,29,27,32,28,35,23,38,23,44,26,45,22,45,28,0,0]",1
CSI_DATA,62384,1a:00:00:00:00:00,-37,11,1,0,1,1,1,0,0,0,1,-97,0,11,2,837656023,0,44,0,384,0,"[0,0,0,0,0,0,0,0,0,0,0,0,9,7,9,7,8,7,8,6,8,6,8,6,8,5,7,6,7,5,7,4,7,4,6,3,6,3,6,2,6,1,6,0,6,-1,6,-2,6,-3,7,-3,7,-4,8,-4,8,-5,9,-5,9,-5,10,-5,0,0,10,-5,10,-5,11,-5,11,-5,12,-5,12,-5,12,-4,12,-3,11,-3,11,-3,11,-3,11,-2,10,-2,10,-2,10,-2,10,-2,9,-1,9,-1,9,-1,8,-1,8,0,7,-1,7,-1,7,-1,7,-1,7,0,0,0,0,0,0,0,0,0,0,0,0,0,0,0,-4,-66,-9,-70,-11,-65,-5,-66,-7,-64,-7,-62,-6,-59,-4,-60,-8,-57,-8,-57,-6,-51,-9,-52,-10,-51,-12,-44,-14,-38,-15,-40,-16,-38,-15,-29,-23,-31,-24,-25,-27,-22,-29,-18,-37,-17,-39,-15,-41,-18,-48,-18,-50,-15,-55,-22,-56,-23,-54,-20,-58,-21,-61,-21,-59,-21,-61,-19,-64,-26,-62,-26,-62,-26,-57,-33,-61,-32,-57,-34,-52,-31,-55,-34,-51,-29,-52,-31,-51,-32,-48,-30,-48,-37,-41,-33,-39,-32,-39,-31,-39,-33,-35,-31,-35,-31,-30,-29,-30,-30,-30,-27,-30,-32,0,0,0,0,0,0,0,0,0,0,0,0,0,0,0,0,0,0,0,0,0,0,24,37,22,37,25,41,22,43,20,41,21,42,20,38,20,45,25,46,19,52,25,57,21,55,16,61,12,55,11,59,11,55,12,51,14,56,9,54,14,50,3,52,6,55,7,51,9,48,11,50,17,46,17,40,13,45,21,44,21,42,20,41,24,39,23,34,21,36,26,39,26,35,27,32,28,35,32,30,38,24,37,22,38,20,39,23,41,24,39,21,45,26,44,24,37,14,39,15,44,6,41,10,49,2,47,-1,48,-6,50,-6,54,-6,60,-6,0,0]",1
CSI_DATA,62385,1a:00:00:00:00:00,-37,11,1,0,1,1,1,0,0,0,1,-97,0,11,2,837676644,0,44,0,384,0,"[0,0,0,0,0,0,0,0,0,0,0,0,8,8,8,8,7,7,7,7,7,7,7,7,7,6,6,6,6,5,6,5,6,4,6,4,5,3,5,2,5,1,5,0,5,-1,6,-1,6,-2,7,-3,7,-4,8,-4,9,-5,9,-5,10,-4,10,-5,0,0,11,-5,11,-5,11,-5,11,-5,11,-5,12,-4,12,-4,12,-3,12,-3,11,-3,11,-3,11,-2,11,-2,11,-2,10,-2,10,-1,10,-1,9,-1,9,-1,8,0,8,0,7,0,7,0,7,0,7,0,7,0,0,0,0,0,0,0,0,0,0,0,0,0,0,0,3,-66,3,-61,7,-67,6,-64,7,-63,7,-63,4,-60,2,-62,7,-54,2,-57,1,-46,-1,-50,-3,-48,-7,-41,-8,-46,-7,-39,-11,-36,-10,-32,-19,-33,-20,-29,-26,-24,-28,-24,-29,-21,-38,-23,-38,-21,-46,-18,-45,-22,-53,-25,-55,-26,-54,-28,-55,-26,-61,-30,-53,-26,-61,-27,-59,-33,-59,-34,-60,-37,-60,-43,-57,-39,-52,-40,-49,-44,-55,-37,-50,-38,-53,-39,-45,-38,-44,-39,-41,-42,-38,-42,-36,-37,-31,-32,-34,-40,-29,-36,-25,-32,-27,-30,-27,-30,-27,-28,-26,-34,0,0,0,0,0,0,0,0,0,0,0,0,0,0,0,0,0,0,0,0,0,0,20,39,18,43,17,42,11,45,14,47,13,45,13,48,10,50,10,51,12,51,9,58,6,62,2,59,1,60,-1,59,0,53,3,56,2,55,0,57,-1,49,-1,53,-2,53,-2,51,3,45,2,42,7,45,12,43,11,44,12,44,14,43,15,43,14,45,15,44,18,43,21,37,18,40,20,33,24,33,23,32,32,31,28,30,32,26,36,33,34,25,38,26,36,30,37,25,38,24,35,22,40,18,40,12,43,8,46,5,47,8,54,3,59,-1,63,-3,0,0]",1
CSI_DATA,62386,1a:00:00:00:00:00,-37,11,1,0,1,1,1,0,0,0,1,-97,0,11,2,837686047,0,44,0,384,0,"[0,0,0,0,0,0,0,0,0,0,0,0,-11,5,-11,5,-11,5,-10,4,-10,4,-10,4,-9,4,-8,4,-8,4,-7,4,-7,4,-6,4,-5,4,-5,4,-4,5,-3,5,-2,5,-1,6,-1,7,0,7,0,8,0,9,0,10,1,10,0,11,0,11,0,0,0,11,0,12,0,12,0,12,0,13,-1,13,-2,12,-2,12,-3,12,-3,12,-3,12,-3,11,-3,10,-3,10,-4,10,-4,10,-4,9,-4,9,-4,8,-4,7,-4,7,-4,7,-3,7,-3,7,-4,6,-3,6,0,0,0,0,0,0,0,0,0,0,0,0,0,0,68,23,61,18,64,19,63,23,57,20,61,17,55,19,55,18,53,16,50,16,49,11,46,14,47,8,43,4,39,4,42,1,34,-2,32,-6,32,-8,29,-10,31,-14,28,-24,31,-28,28,-29,28,-35,32,-39,32,-37,35,-47,37,-45,36,-46,36,-46,43,-49,42,-50,44,-49,44,-50,48,-56,48,-47,56,-44,56,-45,52,-45,52,-37,50,-36,56,-35,51,-35,54,-31,49,-30,47,-27,47,-30,49,-23,43,-17,42,-17,39,-17,41,-15,36,-14,39,-15,36,-17,37,-14,0,0,0,0,0,0,0,0,0,0,0,0,0,0,0,0,0,0,0,0,0,0,-42,17,-50,14,-48,8,-51,5,-47,7,-52,4,-49,3,-50,6,-55,6,-58,3,-61,3,-62,-2,-65,-2,-57,-4,-59,-9,-53,-6,-58,-6,-56,-5,-58,-6,-53,-10,-54,-15,-57,-7,-50,-7,-49,-4,-47,-6,-46,0,-48,0,-43,2,-49,5,-46,7,-45,8,-48,6,-49,10,-50,6,-43,11,-42,12,-44,17,-37,17,-39,19,-39,19,-36,23,-33,25,-38,29,-41,30,-38,34,-30,30,-35,30,-33,34,-27,31,-28,34,-19,39,-17,38,-16,44,-18,44,-15,50,-8,63,-16,60,0,0]",1
CSI_DATA,62387,1a:00:00:00:00:00,-37,11,1,0,1,1,1,0,0,0,1,-97,0,11,2,837696034,0,44,0,384,0,"[0,0,0,0,0,0,0,0,0,0,0,0,8,-9,7,-9,7,-8,7,-8,6,-8,6,-8,6,-7,5,-7,5,-7,4,-7,3,-7,3,-7,2,-6,1,-6,1,-6,-1,-6,-1,-6,-2,-6,-3,-7,-4,-7,-4,-8,-5,-9,-5,-9,-5,-10,-6,-10,-6,-11,0,0,-5,-11,-6,-11,-6,-12,-6,-12,-6,-12,-5,-13,-5,-13,-4,-13,-3,-13,-3,-12,-3,-12,-3,-12,-3,-12,-3,-12,-2,-11,-2,-11,-1,-11,-1,-10,-1,-10,0,-9,0,-9,0,-9,-1,-8,-1,-8,-1,-8,0,-8,0,0,0,0,0,0,0,0,0,0,0,0,0,0,-69,-11,-63,-3,-65,-4,-63,-5,-63,-8,-61,-6,-60,-9,-59,-8,-56,3,-53,1,-48,-1,-49,-2,-43,-1,-43,8,-43,6,-38,8,-34,13,-32,21,-29,15,-24,23,-23,30,-23,31,-20,31,-13,40,-22,44,-22,47,-22,55,-23,51,-28,58,-25,59,-23,58,-26,56,-26,60,-28,59,-25,65,-33,61,-37,64,-39,63,-43,57,-40,56,-39,56,-40,52,-38,53,-38,52,-40,42,-37,48,-40,45,-40,44,-36,31,-40,33,-36,31,-34,24,-35,26,-36,28,-30,27,-33,26,-30,25,0,0,0,0,0,0,0,0,0,0,0,0,0,0,0,0,0,0,0,0,0,0,40,-26,40,-21,43,-22,48,-19,50,-20,46,-18,50,-16,46,-13,52,-18,54,-19,60,-11,58,-12,61,-11,57,-9,52,-4,56,-12,53,-11,59,-11,58,-6,58,-5,60,-4,59,-7,52,-3,46,-7,48,-4,42,-12,45,-16,47,-14,47,-15,49,-19,46,-17,47,-19,44,-19,44,-23,43,-22,42,-23,38,-28,35,-26,39,-29,35,-29,30,-32,34,-40,31,-37,28,-41,29,-40,30,-40,25,-42,21,-36,23,-43,16,-43,16,-42,3,-46,4,-49,3,-46,-3,-58,5,-59,-2,-66,0,0]",1
CSI_DATA,62388,1a:00:00:00:00:00,-37,11,1,0,1,1,1,0,0,0,1,-97,0,11,2,837706039,0,44,0,384,0,"[0,0,0,0,0,0,0,0,0,0,0,0,-5,10,-5,9,-5,9,-5,9,-4,8,-4,8,-4,8,-3,7,-3,7,-2,7,-2,6,-1,6,-1,6,0,5,1,5,2,5,3,4,4,5,5,4,5,5,6,5,7,6,7,6,8,7,8,7,8,7,0,0,8,8,8,8,9,8,9,8,9,9,8,9,8,10,7,9,7,10,6,9,6,9,6,9,6,9,6,9,5,9,4,8,4,8,4,8,3,7,3,7,3,7,2,7,3,6,3,6,2,6,2,6,0,0,0,0,0,0,0,0,0,0,0,0,0,0,64,-14,64,-17,61,-14,64,-13,60,-18,55,-14,57,-14,56,-16,51,-18,45,-13,47,-16,42,-17,43,-16,36,-19,34,-22,30,-23,26,-25,23,-24,20,-28,16,-27,10,-33,5,-39,3,-38,1,-40,1,-45,3,-51,3,-61,3,-57,2,-60,3,-63,8,-62,6,-65,3,-67,5,-69,7,-68,4,-72,12,-70,16,-73,18,-69,17,-67,17,-66,16,-62,23,-62,16,-61,21,-56,24,-56,21,-51,28,-51,21,-49,22,-41,24,-41,21,-41,20,-40,20,-37,19,-36,19,-33,20,-34,0,0,0,0,0,0,0,0,0,0,0,0,0,0,0,0,0,0,0,0,0,0,-33,31,-40,29,-36,27,-46,26,-38,28,-40,26,-42,26,-43,28,-44,30,-45,30,-49,27,-55,28,-54,26,-53,20,-56,21,-57,20,-52,21,-52,20,-54,21,-54,14,-51,19,-50,18,-47,18,-47,21,-46,19,-44,23,-43,25,-47,27,-42,26,-40,28,-39,27,-38,31,-35,26,-35,35,-34,33,-35,32,-32,33,-32,36,-25,39,-25,37,-18,43,-20,44,-20,46,-21,45,-22,45,-20,45,-19,44,-12,41,-14,44,-9,43,-1,43,0,43,8,44,4,45,18,51,19,63,12,58,0,0]",1
CSI_DATA,62389,1a:00:00:00:00:00,-37,11,1,0,1,1,1,0,0,0,1,-97,0,11,2,837716042,0,44,0,384,0,"[0,0,0,0,0,0,0,0,0,0,0,0,0,-12,0,-11,0,-11,0,-11,-1,-10,0,-10,-1,-9,-1,-9,-1,-8,-1,-8,-2,-8,-2,-7,-3,-6,-3,-6,-4,-5,-5,-4,-5,-4,-6,-4,-7,-3,-8,-4,-9,-3,-10,-4,-10,-4,-11,-5,-11,-5,-11,-5,0,0,-12,-6,-12,-6,-12,-6,-12,-6,-12,-7,-12,-7,-12,-8,-11,-8,-11,-8,-10,-8,-10,-8,-9,-8,-9,-8,-9,-8,-8,-7,-8,-7,-8,-7,-7,-7,-7,-7,-6,-7,-6,-7,-6,-6,-6,-6,-5,-6,-5,-6,-5,-6,0,0,0,0,0,0,0,0,0,0,0,0,0,0,-47,45,-44,41,-40,42,-42,40,-41,39,-43,37,-42,41,-39,39,-33,36,-33,34,-27,32,-30,31,-21,36,-22,33,-18,34,-13,31,-16,31,-5,32,-4,29,3,33,10,37,11,36,16,40,17,39,18,46,23,47,23,54,32,54,25,57,27,51,27,55,23,60,26,58,30,61,27,60,23,65,17,64,11,70,9,69,9,71,10,65,12,61,6,58,11,62,4,62,6,56,3,57,2,51,-3,48,3,47,-2,46,-7,40,-4,42,-6,37,-5,40,0,41,-6,40,0,0,0,0,0,0,0,0,0,0,0,0,0,0,0,0,0,0,0,0,0,0,5,-46,9,-42,14,-45,16,-42,16,-45,18,-42,17,-44,16,-47,18,-47,19,-51,25,-52,22,-52,29,-50,27,-50,35,-48,26,-47,26,-52,29,-48,28,-48,33,-47,32,-45,33,-43,28,-40,22,-41,18,-40,18,-46,17,-43,20,-45,16,-46,14,-51,13,-45,12,-50,14,-45,15,-43,8,-48,9,-50,3,-50,2,-48,-5,-48,-3,-45,-6,-48,-11,-46,-9,-50,-11,-50,-12,-53,-5,-48,-11,-47,-9,-44,-13,-43,-18,-38,-20,-39,-28,-40,-29,-40,-30,-42,-38,-34,-39,-40,-41,-38,0,0]",1
CSI_DATA,62390,1a:00:00:00:00:00,-38,11,1,0,1,1,1,0,0,0,1,-97,0,11,2,837729562,0,44,0,384,0,"[0,0,0,0,0,0,0,0,0,0,0,0,9,4,9,4,8,4,8,4,7,3,7,3,7,3,7,2,6,2,6,1,6,1,6,0,5,0,5,-1,4,-2,4,-3,4,-3,4,-4,4,-5,4,-6,5,-7,5,-7,6,-8,6,-8,7,-9,7,-9,0,0,8,-9,8,-9,9,-9,8,-9,9,-9,10,-8,10,-8,10,-7,10,-7,9,-6,9,-6,9,-6,9,-6,9,-5,8,-5,8,-5,8,-4,8,-4,7,-4,7,-3,7,-3,6,-3,6,-3,6,-3,6,-3,6,-3,0,0,0,0,0,0,0,0,0,0,0,0,0,0,-16,-59,-9,-56,-13,-54,-14,-56,-14,-54,-13,-53,-9,-52,-10,-47,-15,-49,-13,-46,-17,-41,-12,-37,-15,-35,-16,-33,-18,-30,-17,-27,-22,-23,-19,-18,-25,-14,-25,-9,-30,-8,-37,-6,-36,-1,-39,1,-44,2,-55,-1,-55,0,-58,-6,-59,0,-63,0,-58,-5,-64,-5,-62,-4,-64,-5,-70,-5,-70,-10,-70,-11,-66,-12,-67,-15,-65,-19,-61,-19,-57,-15,-59,-21,-52,-16,-57,-24,-52,-15,-51,-21,-50,-16,-46,-21,-39,-19,-38,-17,-34,-21,-36,-19,-37,-16,-34,-13,-40,-15,-39,-17,0,0,0,0,0,0,0,0,0,0,0,0,0,0,0,0,0,0,0,0,0,0,31,30,28,37,25,34,25,40,25,40,22,32,24,34,26,39,31,45,27,46,27,49,28,49,24,52,24,54,21,53,20,51,18,55,22,49,21,49,20,50,18,54,21,49,19,48,20,44,19,39,22,38,30,43,29,44,29,43,32,39,30,37,32,37,30,37,35,34,33,34,34,36,33,31,35,33,39,30,47,23,40,24,45,18,45,21,44,17,44,18,42,22,42,16,44,17,43,15,36,12,44,4,42,1,39,-5,42,-6,46,-8,55,-9,47,-13,0,0]",1
CSI_DATA,62391,1a:00:00:00:00:00,-38,11,1,0,1,1,1,0,0,0,1,-97,0,11,2,837736013,0,44,0,384,0,"[0,0,0,0,0,0,0,0,0,0,0,0,-6,-9,-6,-8,-6,-8,-6,-8,-6,-7,-6,-7,-6,-7,-6,-6,-5,-6,-5,-5,-5,-5,-5,-4,-5,-3,-5,-3,-5,-2,-5,-1,-6,0,-6,1,-6,2,-7,2,-8,3,-9,3,-9,4,-10,3,-11,3,-11,4,0,0,-11,4,-12,3,-12,3,-12,3,-13,3,-13,3,-13,2,-13,1,-12,1,-12,1,-11,1,-11,0,-11,0,-10,0,-10,0,-10,0,-10,0,-9,0,-9,0,-8,-1,-8,0,-8,-1,-8,0,-7,0,-8,0,-8,0,0,0,0,0,0,0,0,0,0,0,0,0,0,0,-23,54,-17,54,-16,55,-16,58,-18,52,-10,53,-13,45,-10,48,-9,45,-12,42,-8,43,-4,40,-6,42,-6,35,-5,36,4,34,1,27,7,24,12,25,18,20,25,24,28,19,33,17,36,21,38,23,41,21,45,27,45,28,48,33,55,32,53,36,54,42,49,36,54,38,54,39,51,39,56,46,51,42,49,46,50,50,46,47,35,43,36,46,42,42,36,44,37,38,31,44,35,42,28,38,25,36,24,39,22,32,21,33,21,30,24,30,24,35,17,35,0,0,0,0,0,0,0,0,0,0,0,0,0,0,0,0,0,0,0,0,0,0,-12,-45,-14,-48,-13,-45,-7,-46,-2,-45,-3,-44,-6,-46,-4,-51,-12,-53,-7,-56,-3,-58,2,-58,3,-59,4,-59,6,-55,2,-54,5,-59,1,-56,1,-60,9,-54,10,-49,6,-57,5,-48,3,-49,-1,-52,-4,-48,-5,-49,-6,-53,-8,-48,-11,-53,-9,-46,-8,-47,-14,-45,-9,-50,-8,-49,-15,-47,-10,-49,-15,-43,-20,-44,-19,-44,-25,-43,-31,-37,-26,-41,-27,-41,-28,-37,-36,-35,-34,-38,-31,-35,-30,-35,-33,-30,-32,-30,-38,-21,-38,-25,-41,-18,-45,-14,-49,-19,-45,-18,0,0]",1
CSI_DATA,62392,1a:00:00:00:00:00,-38,11,1,0,1,1,1,0,0,0,1,-97,0,11,2,837746045,0,44,0,384,0,"[0,0,0,0,0,0,0,0,0,0,0,0,8,6,8,6,7,6,7,5,7,5,7,5,7,4,7,4,6,4,6,3,6,2,5,2,5,1,5,0,4,-1,5,-2,5,-3,5,-3,5,-4,6,-5,6,-6,7,-6,8,-7,9,-7,9,-7,9,-7,0,0,10,-7,10,-7,10,-7,11,-7,11,-7,12,-6,12,-5,12,-5,11,-5,11,-4,11,-4,10,-4,10,-3,10,-3,10,-3,9,-3,9,-3,8,-3,8,-2,7,-2,7,-2,7,-2,7,-2,6,-2,7,-2,7,-2,0,0,0,0,0,0,0,0,0,0,0,0,0,0,-8,-55,-2,-52,-4,-56,-6,-57,-2,-55,-6,-58,-2,-54,-9,-48,-4,-46,-11,-43,-4,-45,-7,-42,-12,-39,-13,-32,-12,-35,-15,-30,-16,-29,-22,-19,-18,-24,-24,-17,-28,-12,-36,-11,-37,-6,-37,-5,-48,-11,-47,-12,-49,-10,-54,-10,-58,-13,-58,-11,-61,-13,-63,-18,-56,-16,-66,-10,-68,-20,-69,-23,-61,-29,-61,-25,-61,-31,-59,-28,-53,-26,-53,-32,-51,-30,-49,-29,-50,-32,-46,-30,-47,-31,-40,-31,-42,-30,-40,-30,-33,-28,-30,-23,-28,-25,-35,-20,-32,-24,-31,-24,-28,-27,0,0,0,0,0,0,0,0,0,0,0,0,0,0,0,0,0,0,0,0,0,0,27,34,26,36,28,39,22,43,23,40,24,42,21,37,29,42,28,44,22,50,19,55,17,56,18,60,15,56,15,57,15,59,16,54,13,56,17,59,12,55,12,55,4,55,9,50,9,46,11,44,18,44,19,46,22,46,19,43,21,44,20,40,26,42,30,40,25,37,25,36,26,35,27,36,33,30,33,33,32,26,36,28,35,28,43,32,42,24,35,21,41,25,38,19,44,25,37,24,36,11,40,18,41,9,42,2,43,1,47,-5,50,-1,59,-4,0,0]",1
CSI_DATA,62393,1a:00:00:00:00:00,-38,11,1,0,1,1,1,0,0,0,1,-97,0,11,2,837756030,0,44,0,384,0,"[0,0,0,0,0,0,0,0,0,0,0,0,-10,-3,-10,-3,-9,-3,-9,-3,-9,-3,-9,-2,-8,-2,-8,-2,-8,-2,-7,-1,-7,-1,-6,-1,-6,0,-5,0,-5,1,-5,2,-4,3,-4,4,-4,5,-4,6,-5,6,-5,7,-6,7,-6,8,-7,8,-7,8,0,0,-7,8,-7,8,-8,8,-8,9,-9,8,-9,8,-9,7,-9,7,-10,6,-9,6,-9,6,-9,5,-9,5,-8,5,-8,4,-8,5,-8,4,-8,4,-8,4,-7,3,-7,3,-7,3,-6,3,-6,3,-7,3,-7,3,0,0,0,0,0,0,0,0,0,0,0,0,0,0,30,58,24,53,26,50,23,51,25,53,22,50,19,45,20,48,27,38,20,36,22,40,22,36,22,34,22,26,22,26,22,21,24,20,26,12,27,9,29,11,29,5,34,0,35,-6,40,-7,44,-7,51,-10,52,-6,56,-10,59,-9,57,-11,57,-12,60,-9,64,-10,64,-10,67,-1,66,-2,67,-3,68,7,67,5,64,7,64,8,56,7,57,11,61,8,54,9,55,7,50,10,49,8,46,13,43,10,43,15,42,13,40,14,37,8,37,10,35,10,40,14,0,0,0,0,0,0,0,0,0,0,0,0,0,0,0,0,0,0,0,0,0,0,-42,-19,-42,-23,-39,-27,-40,-29,-39,-25,-40,-31,-39,-31,-41,-33,-45,-31,-47,-34,-46,-43,-44,-45,-48,-43,-44,-44,-39,-51,-36,-47,-38,-46,-35,-47,-41,-48,-31,-49,-34,-48,-34,-49,-33,-42,-35,-40,-31,-38,-38,-40,-31,-35,-37,-37,-34,-36,-38,-34,-41,-28,-41,-34,-35,-31,-39,-27,-37,-27,-40,-25,-37,-23,-40,-22,-44,-17,-45,-16,-44,-18,-44,-13,-49,-13,-50,-9,-44,-11,-51,-9,-48,-10,-41,-5,-49,-3,-43,-2,-40,4,-42,12,-45,13,-44,18,-43,20,-49,27,-55,24,0,0]",1
CSI_DATA,62394,1a:00:00:00:00:00,-38,11,1,0,1,1,1,0,0,0,1,-97,0,11,2,837766044,0,44,0,384,0,"[0,0,0,0,0,0,0,0,0,0,0,0,10,-1,10,-2,9,-1,9,-2,8,-2,8,-2,8,-2,7,-2,7,-2,6,-2,6,-2,5,-3,4,-3,4,-3,3,-4,2,-5,2,-5,1,-6,1,-7,1,-8,1,-9,1,-9,2,-10,2,-11,2,-11,2,-11,0,0,3,-11,3,-11,2,-12,3,-12,4,-12,4,-12,5,-12,5,-11,5,-11,5,-10,5,-10,5,-10,4,-9,4,-9,4,-9,5,-9,4,-8,5,-8,4,-8,4,-7,4,-7,4,-6,4,-6,3,-6,4,-6,4,-6,0,0,0,0,0,0,0,0,0,0,0,0,0,0,-39,-48,-37,-37,-35,-44,-40,-44,-35,-38,-29,-42,-33,-41,-42,-37,-36,-35,-36,-35,-36,-32,-34,-27,-30,-24,-31,-21,-27,-19,-34,-19,-28,-15,-26,-3,-28,-7,-26,4,-29,12,-28,7,-37,16,-37,16,-43,15,-45,23,-49,22,-53,26,-58,20,-57,22,-54,26,-59,21,-57,22,-65,25,-61,23,-65,28,-66,18,-67,13,-65,16,-63,13,-62,8,-57,9,-60,8,-55,12,-60,5,-50,7,-53,4,-53,6,-50,3,-45,2,-48,0,-42,-2,-42,-3,-41,2,-42,4,-36,6,-40,2,0,0,0,0,0,0,0,0,0,0,0,0,0,0,0,0,0,0,0,0,0,0,44,1,48,6,48,11,49,13,43,11,45,15,51,10,48,9,52,13,58,15,55,26,61,28,60,28,52,30,55,33,49,28,53,34,53,32,57,34,48,39,49,38,45,37,42,31,41,31,37,29,42,28,47,20,46,20,46,20,48,23,46,16,44,20,45,19,44,16,49,14,47,15,40,12,46,7,46,6,45,-3,43,-3,41,-2,45,-5,48,-10,49,-9,41,-3,42,-5,46,-4,39,-13,39,-16,37,-12,36,-25,37,-23,34,-29,33,-30,44,-42,38,-44,0,0]",1
CSI_DATA,62395,1a:00:00:00:00:00,-38,11,1,0,1,1,1,0,0,0,1,-97,0,11,2,837776022,0,44,0,384,0,"[0,0,0,0,0,0,0,0,0,0,0,0,-9,5,-9,5,-9,5,-8,5,-8,5,-8,5,-7,4,-7,4,-6,4,-6,4,-5,4,-5,4,-4,4,-3,4,-2,4,-1,5,0,5,0,6,1,6,2,7,2,8,2,9,2,10,2,10,2,10,2,10,0,0,1,11,2,11,2,11,1,12,1,12,1,12,0,12,-1,12,-1,11,-1,11,-1,10,-1,10,-1,10,-1,10,-1,9,-1,9,-1,9,-2,8,-2,8,-2,8,-2,7,-2,7,-2,7,-1,7,-2,7,-2,7,0,0,0,0,0,0,0,0,0,0,0,0,0,0,57,13,57,9,55,9,51,11,54,10,53,10,51,6,50,8,46,9,46,9,41,0,40,5,43,-3,41,-4,37,-1,31,-6,28,-8,23,-17,23,-19,19,-19,24,-29,20,-34,20,-39,20,-41,23,-40,25,-46,22,-49,30,-53,36,-56,31,-52,34,-53,37,-57,32,-52,40,-57,36,-52,36,-59,44,-54,42,-49,50,-45,45,-45,42,-42,43,-42,43,-43,40,-45,45,-40,39,-39,41,-39,38,-37,38,-28,38,-27,38,-26,32,-20,33,-27,32,-25,32,-25,31,-25,36,-23,0,0,0,0,0,0,0,0,0,0,0,0,0,0,0,0,0,0,0,0,0,0,-40,18,-48,16,-46,13,-48,10,-47,14,-47,9,-50,11,-47,9,-52,10,-54,10,-62,7,-64,1,-64,-2,-61,2,-65,-5,-59,-3,-61,1,-62,-5,-62,-7,-63,-13,-59,-10,-55,-8,-56,-7,-52,-10,-43,-6,-51,4,-49,2,-48,1,-51,4,-50,3,-46,6,-48,5,-46,1,-47,8,-51,7,-47,9,-43,16,-38,10,-38,16,-39,24,-35,22,-35,23,-39,28,-39,24,-37,29,-31,23,-36,28,-26,26,-26,31,-28,32,-19,35,-20,36,-16,36,-9,33,-8,46,-10,54,-5,43,0,0]",1
CSI_DATA,62396,1a:00:00:00:00:00,-38,11,1,0,1,1,1,0,0,0,1,-97,0,11,2,837786041,0,44,0,384,0,"[0,0,0,0,0,0,0,0,0,0,0,0,5,-9,5,-9,5,-9,5,-9,5,-9,5,-8,4,-8,4,-8,4,-7,3,-7,2,-7,2,-7,1,-6,0,-6,-1,-6,-2,-6,-3,-6,-4,-7,-4,-7,-5,-8,-6,-9,-6,-10,-6,-10,-6,-11,-6,-11,-5,-11,0,0,-5,-12,-5,-12,-6,-12,-6,-12,-5,-12,-4,-13,-4,-13,-3,-13,-3,-12,-2,-12,-3,-11,-3,-11,-2,-11,-2,-10,-2,-11,-2,-10,-2,-10,-1,-9,-1,-9,-1,-9,-1,-8,-1,-8,-1,-8,-1,-8,-1,-8,-1,-8,0,0,0,0,0,0,0,0,0,0,0,0,0,0,-60,8,-59,2,-59,-1,-60,-1,-58,4,-56,-1,-63,3,-55,5,-55,6,-53,4,-48,6,-44,5,-43,7,-40,15,-37,8,-33,12,-30,17,-28,18,-23,21,-21,29,-15,31,-19,36,-12,39,-18,42,-23,52,-19,55,-22,55,-30,58,-30,60,-29,59,-28,59,-31,63,-30,68,-32,58,-37,65,-36,59,-33,61,-43,62,-40,56,-44,56,-41,51,-39,49,-40,48,-38,48,-32,46,-38,40,-37,38,-35,42,-37,38,-32,33,-31,32,-31,31,-31,29,-29,29,-29,33,-32,29,-32,25,0,0,0,0,0,0,0,0,0,0,0,0,0,0,0,0,0,0,0,0,0,0,39,-25,42,-23,45,-24,46,-16,47,-19,41,-22,45,-23,49,-21,53,-24,60,-26,56,-24,60,-15,63,-18,63,-16,64,-6,56,-9,63,-9,66,-6,58,-8,58,-7,57,-5,58,-3,56,-3,49,2,51,-5,44,-13,49,-12,48,-12,49,-12,42,-17,47,-19,47,-16,42,-13,45,-17,42,-16,41,-20,41,-18,35,-22,35,-23,27,-29,30,-28,26,-37,28,-31,32,-38,22,-38,21,-37,18,-36,18,-36,19,-33,20,-38,12,-37,6,-40,-5,-44,-4,-41,5,-52,-7,-54,-5,-50,0,0]",1
CSI_DATA,62397,1a:00:00:00:00:00,-38,11,1,0,1,1,1,0,0,0,1,-97,0,11,2,837796032,0,44,0,384,0,"[0,0,0,0,0,0,0,0,0,0,0,0,-2,11,-2,10,-1,10,-2,10,-1,10,-1,9,-1,9,-1,8,-1,8,0,8,0,7,0,6,1,6,2,5,2,5,3,5,4,4,5,4,6,4,7,4,8,5,8,6,9,6,9,7,9,7,9,7,0,0,9,8,9,7,9,7,9,8,9,8,9,9,8,9,7,9,7,9,6,9,6,8,6,8,6,8,6,7,5,7,5,7,5,7,5,7,4,7,4,6,3,6,4,6,4,6,4,5,4,6,3,6,0,0,0,0,0,0,0,0,0,0,0,0,0,0,49,-33,49,-40,47,-41,47,-39,46,-43,43,-34,39,-36,43,-36,42,-36,39,-37,35,-36,34,-30,32,-28,30,-31,24,-33,20,-27,17,-33,12,-34,8,-36,0,-34,1,-42,0,-41,-6,-48,-9,-50,-12,-49,-11,-61,-12,-58,-11,-67,-9,-69,-7,-61,-4,-66,-10,-69,-6,-64,-8,-66,-5,-68,-5,-75,0,-69,4,-67,4,-69,5,-67,4,-64,-2,-63,4,-59,6,-58,3,-58,7,-54,8,-54,7,-52,13,-52,11,-44,8,-50,9,-43,9,-44,11,-39,7,-40,7,-41,7,-40,0,0,0,0,0,0,0,0,0,0,0,0,0,0,0,0,0,0,0,0,0,0,-14,43,-17,43,-17,42,-26,41,-22,44,-22,41,-26,44,-28,43,-29,50,-32,47,-40,46,-39,50,-42,46,-44,45,-46,47,-42,37,-41,39,-49,35,-47,40,-43,38,-46,35,-48,37,-40,31,-33,31,-36,30,-33,33,-31,42,-32,33,-31,35,-32,40,-33,38,-31,41,-30,36,-23,40,-27,36,-24,39,-17,37,-10,36,-12,35,-10,39,-5,40,-3,42,-5,41,6,39,1,42,2,49,-2,47,2,41,6,36,8,35,17,41,19,38,21,36,23,33,27,37,29,38,35,39,0,0]",1
CSI_DATA,62398,1a:00:00:00:00:00,-38,11,1,0,1,1,1,0,0,0,1,-97,0,11,2,837806039,0,44,0,384,0,"[0,0,0,0,0,0,0,0,0,0,0,0,-5,-12,-5,-11,-5,-11,-4,-11,-5,-11,-4,-10,-4,-10,-4,-9,-4,-9,-4,-8,-4,-8,-4,-7,-5,-6,-5,-5,-5,-4,-6,-4,-7,-3,-8,-3,-8,-2,-9,-2,-10,-2,-11,-2,-12,-3,-12,-3,-12,-4,-12,-3,0,0,-12,-4,-13,-4,-13,-4,-13,-4,-13,-5,-13,-5,-13,-6,-12,-6,-11,-6,-11,-6,-10,-6,-10,-6,-10,-6,-9,-5,-9,-6,-9,-5,-9,-6,-8,-5,-8,-5,-7,-5,-7,-5,-7,-5,-7,-5,-7,-4,-7,-5,-7,-5,0,0,0,0,0,0,0,0,0,0,0,0,0,0,-20,57,-27,51,-22,55,-22,57,-23,56,-27,57,-25,54,-24,50,-22,48,-25,51,-18,49,-20,46,-15,47,-14,42,-8,41,-6,38,-4,33,-3,36,4,31,12,34,14,34,17,37,24,33,26,36,29,42,34,45,37,52,36,54,30,55,35,55,31,53,31,61,35,58,35,57,33,57,31,61,32,60,25,65,24,63,21,65,17,58,19,60,17,60,18,55,16,50,17,54,15,51,12,51,11,45,7,44,5,43,10,44,11,43,4,41,8,37,11,41,4,39,0,0,0,0,0,0,0,0,0,0,0,0,0,0,0,0,0,0,0,0,0,0,-17,-43,-9,-47,-9,-45,-9,-47,-5,-46,-7,-48,-5,-48,-7,-52,-8,-58,-2,-58,-1,-65,1,-66,3,-66,8,-65,12,-66,5,-58,12,-63,13,-61,11,-61,17,-55,14,-56,17,-54,14,-55,14,-51,10,-51,10,-48,3,-51,5,-53,4,-49,-1,-45,2,-46,-1,-51,1,-48,-1,-45,2,-45,0,-46,-2,-40,-8,-41,-9,-43,-12,-44,-18,-41,-18,-38,-18,-41,-26,-41,-23,-42,-22,-42,-20,-41,-26,-33,-23,-31,-22,-25,-31,-25,-36,-27,-34,-24,-44,-19,-49,-22,-52,-18,-52,-14,0,0]",1
CSI_DATA,62399,1a:00:00:00:00:00,-38,11,1,0,1,1,1,0,0,0,1,-97,0,11,2,837816030,0,44,0,384,0,"[0,0,0,0,0,0,0,0,0,0,0,0,5,9,5,9,5,8,5,8,5,8,5,8,4,7,4,7,4,7,4,6,4,5,4,5,4,4,4,3,4,2,5,1,6,1,6,0,7,-1,8,-1,8,-1,9,-1,10,0,11,0,11,0,11,0,0,0,11,1,11,1,11,1,11,1,12,1,12,2,11,3,11,3,10,3,10,3,9,3,9,3,9,3,9,3,8,3,8,3,8,3,7,3,7,3,6,3,6,3,6,3,6,2,6,2,6,3,6,3,0,0,0,0,0,0,0,0,0,0,0,0,0,0,25,-54,17,-58,23,-53,26,-59,25,-56,23,-56,24,-52,25,-49,19,-51,18,-54,17,-47,21,-40,14,-43,13,-34,6,-35,0,-35,-2,-34,-6,-31,-5,-34,-9,-30,-20,-35,-20,-29,-26,-34,-31,-36,-33,-37,-35,-45,-34,-42,-36,-47,-35,-45,-34,-48,-41,-53,-37,-52,-37,-51,-41,-50,-32,-56,-34,-60,-33,-61,-28,-63,-28,-62,-28,-60,-23,-55,-19,-54,-19,-53,-22,-57,-21,-54,-22,-51,-23,-49,-15,-51,-11,-47,-13,-45,-10,-48,-5,-41,-11,-42,-9,-38,-14,-38,-15,-36,-7,-40,0,0,0,0,0,0,0,0,0,0,0,0,0,0,0,0,0,0,0,0,0,0,17,42,14,45,11,43,10,44,11,44,13,48,8,49,7,50,8,55,7,55,3,63,5,61,-1,59,0,70,-11,60,-9,59,-6,62,-9,61,-12,61,-14,62,-16,55,-17,55,-7,52,-12,52,-6,46,-6,50,-8,52,-3,49,-2,44,3,48,3,44,5,47,0,44,-1,47,2,47,3,41,10,43,12,43,17,37,15,41,17,37,26,37,25,41,27,41,21,36,15,37,25,38,20,32,24,27,26,25,28,25,36,20,42,17,37,19,48,14,45,10,49,18,0,0]",1
CSI_DATA,62400,1a:00:00:00:00:00,-38,11,1,0,1,1,1,0,0,0,1,-97,0,11,2,837826013,0,44,0,384,0,"[0,0,0,0,0,0,0,0,0,0,0,0,-10,-7,-10,-7,-10,-6,-9,-6,-9,-6,-9,-6,-8,-6,-8,-5,-8,-5,-8,-4,-7,-4,-7,-3,-6,-2,-6,-2,-6,-1,-6,1,-5,1,-6,2,-6,3,-7,4,-7,5,-8,5,-9,5,-9,6,-9,6,-10,6,0,0,-10,6,-11,6,-10,6,-11,6,-11,6,-12,5,-12,4,-12,4,-11,4,-11,4,-10,4,-10,3,-10,3,-10,3,-10,3,-10,2,-9,2,-9,2,-9,2,-8,1,-8,1,-8,1,-8,2,-7,2,-8,1,-8,1,0,0,0,0,0,0,0,0,0,0,0,0,0,0,6,67,5,57,6,59,9,61,7,61,4,59,7,57,3,55,4,51,4,53,4,46,8,43,8,44,6,38,7,35,13,35,13,30,15,27,17,23,20,17,25,16,29,13,35,7,40,7,44,10,49,12,54,16,52,13,56,14,54,18,55,19,62,21,59,23,63,16,60,20,62,26,60,23,55,30,53,29,54,30,50,26,51,27,51,29,48,27,43,25,43,23,41,28,43,31,42,26,34,26,31,25,34,23,34,22,29,24,31,22,33,24,30,24,0,0,0,0,0,0,0,0,0,0,0,0,0,0,0,0,0,0,0,0,0,0,-36,-34,-32,-36,-33,-40,-26,-42,-33,-43,-30,-40,-29,-43,-29,-44,-33,-51,-30,-52,-28,-56,-26,-64,-22,-65,-20,-61,-21,-61,-18,-57,-19,-61,-16,-60,-24,-62,-12,-60,-14,-57,-18,-61,-9,-52,-15,-49,-12,-47,-15,-51,-17,-49,-17,-51,-22,-45,-27,-45,-25,-45,-26,-46,-22,-39,-21,-42,-28,-38,-28,-42,-30,-38,-31,-37,-30,-34,-38,-32,-40,-28,-45,-25,-39,-27,-41,-25,-42,-29,-41,-24,-40,-20,-42,-21,-41,-18,-38,-13,-40,-11,-43,-3,-44,1,-43,3,-51,12,-57,5,-59,9,0,0]",1
CSI_DATA,62401,1a:00:00:00:00:00,-38,11,1,0,1,1,1,0,0,0,1,-97,0,11,2,837846096,0,44,0,384,0,"[0,0,0,0,0,0,0,0,0,0,0,0,-11,-2,-11,-3,-10,-2,-10,-2,-10,-2,-10,-2,-9,-2,-8,-2,-8,-2,-7,-1,-7,-1,-6,0,-6,0,-5,1,-4,1,-4,2,-3,3,-3,4,-3,5,-3,6,-3,7,-3,7,-3,8,-4,9,-4,9,-4,9,0,0,-5,9,-5,10,-5,10,-5,10,-5,10,-6,10,-7,10,-7,9,-7,9,-7,8,-6,8,-6,8,-6,8,-6,7,-6,7,-6,7,-6,6,-6,6,-6,6,-6,5,-5,5,-5,5,-5,5,-4,5,-5,5,-5,5,0,0,0,0,0,0,0,0,0,0,0,0,0,0,30,60,31,61,33,49,27,57,31,50,33,50,25,51,24,47,25,44,30,41,25,41,22,32,23,34,22,24,22,27,22,19,20,15,25,13,18,9,28,1,26,-4,23,-6,33,-11,35,-12,41,-17,42,-16,49,-19,46,-17,51,-21,49,-19,52,-22,58,-15,56,-16,59,-21,65,-19,62,-15,67,-17,64,-11,62,-11,58,-7,57,-7,52,-11,59,-6,56,-11,55,-5,53,-1,52,-1,52,1,47,2,45,5,45,2,43,3,43,3,36,-1,39,-3,37,2,39,2,0,0,0,0,0,0,0,0,0,0,0,0,0,0,0,0,0,0,0,0,0,0,-41,-18,-43,-23,-42,-26,-41,-30,-45,-28,-40,-25,-40,-30,-42,-33,-47,-38,-48,-36,-47,-39,-41,-45,-43,-40,-45,-46,-40,-50,-36,-45,-42,-43,-37,-47,-42,-51,-41,-45,-32,-50,-38,-50,-37,-48,-32,-46,-33,-37,-39,-32,-41,-38,-36,-36,-43,-33,-39,-34,-39,-32,-38,-30,-38,-28,-42,-29,-36,-24,-43,-22,-40,-21,-41,-18,-45,-13,-46,-15,-46,-12,-49,-4,-48,-2,-50,-1,-47,-6,-51,-1,-43,-3,-42,1,-42,5,-44,7,-40,12,-44,14,-41,18,-43,22,-46,26,-49,28,-50,33,0,0]",1
CSI_DATA,62402,1a:00:00:00:00:00,-38,11,1,0,1,1,1,0,0,0,1,-97,0,11,2,837856045,0,44,0,384,0,"[0,0,0,0,0,0,0,0,0,0,0,0,10,-3,10,-3,9,-3,9,-3,9,-3,8,-3,8,-3,7,-3,7,-3,6,-3,5,-3,5,-3,4,-3,3,-4,2,-4,1,-5,0,-5,0,-6,-1,-7,-1,-8,-1,-9,-1,-10,-1,-10,-1,-11,-1,-11,-1,-11,0,0,0,-12,0,-12,0,-12,0,-13,0,-13,1,-13,2,-13,2,-12,2,-12,3,-12,2,-11,2,-11,2,-11,2,-10,3,-10,3,-10,2,-9,3,-9,3,-8,3,-8,3,-8,2,-7,2,-8,2,-7,2,-7,2,-7,0,0,0,0,0,0,0,0,0,0,0,0,0,0,-58,-22,-58,-27,-63,-23,-59,-21,-56,-20,-55,-21,-49,-23,-47,-18,-46,-16,-43,-12,-44,-15,-39,-12,-35,-12,-38,-9,-34,-4,-31,-3,-33,1,-28,5,-27,9,-26,18,-22,22,-17,27,-19,28,-25,33,-26,41,-30,44,-31,41,-29,48,-36,45,-36,50,-40,47,-44,51,-39,47,-40,54,-41,49,-49,52,-44,49,-51,45,-51,48,-51,46,-46,33,-47,35,-47,34,-46,39,-47,34,-39,32,-46,32,-44,32,-43,27,-40,24,-39,24,-37,21,-36,23,-35,19,-39,22,-38,21,-38,17,0,0,0,0,0,0,0,0,0,0,0,0,0,0,0,0,0,0,0,0,0,0,47,-15,49,-11,43,-11,46,-9,48,-3,51,-2,44,-5,51,-7,57,-6,59,-5,60,-4,62,2,64,1,64,6,61,9,58,7,65,8,55,4,68,4,58,8,61,11,60,10,56,7,52,11,50,6,52,3,50,5,52,0,52,1,51,-3,50,-3,54,-3,51,-5,46,-6,48,-5,47,-7,44,-10,44,-15,42,-18,38,-21,42,-18,39,-21,40,-26,34,-28,40,-29,42,-30,36,-26,34,-27,30,-30,26,-35,23,-33,20,-36,18,-43,17,-45,11,-51,16,-58,21,-59,0,0]",1
CSI_DATA,62403,1a:00:00:00:00:00,-38,11,1,0,1,1,1,0,0,0,1,-97,0,11,2,837866028,0,44,0,384,0,"[0,0,0,0,0,0,0,0,0,0,0,0,-10,6,-9,6,-9,5,-9,5,-8,5,-8,5,-8,5,-7,5,-7,5,-6,5,-5,4,-5,4,-4,4,-3,4,-2,5,-1,5,0,5,1,6,2,7,3,7,3,8,3,9,3,10,3,11,3,11,3,11,0,0,3,12,3,12,2,12,3,13,2,13,2,13,1,13,1,12,0,12,0,12,0,11,0,11,0,11,0,11,0,10,-1,10,0,10,-1,9,-1,9,-1,8,-1,8,-1,8,-1,8,-1,7,-1,7,-1,7,0,0,0,0,0,0,0,0,0,0,0,0,0,0,51,26,55,19,60,19,47,17,52,20,51,16,53,22,51,18,50,13,46,14,41,7,37,9,40,10,38,6,30,5,30,2,30,-1,26,-8,23,-12,23,-17,25,-21,21,-27,21,-31,23,-39,26,-39,31,-47,30,-48,33,-44,33,-47,38,-51,38,-51,40,-52,40,-50,43,-55,42,-51,42,-45,48,-46,50,-49,50,-48,51,-50,49,-39,46,-38,46,-37,49,-39,42,-39,43,-34,41,-29,43,-31,39,-29,38,-25,40,-28,32,-23,33,-27,33,-24,30,-22,36,-20,35,-21,0,0,0,0,0,0,0,0,0,0,0,0,0,0,0,0,0,0,0,0,0,0,-47,13,-45,4,-48,4,-48,-1,-47,-2,-43,2,-44,-2,-51,-3,-59,3,-60,2,-63,-8,-61,-11,-59,-11,-62,-10,-56,-14,-55,-14,-57,-13,-62,-11,-59,-11,-59,-16,-56,-18,-55,-18,-54,-15,-54,-12,-53,-14,-49,-8,-51,-3,-53,-4,-52,-6,-47,-3,-50,-1,-49,-3,-46,3,-48,0,-50,2,-50,7,-46,3,-44,8,-41,10,-44,10,-39,13,-32,19,-37,24,-36,27,-42,23,-34,20,-35,23,-34,28,-41,31,-29,26,-30,33,-25,36,-22,36,-17,42,-14,39,-16,45,-25,46,0,0]",1
CSI_DATA,62404,1a:00:00:00:00:00,-38,11,1,0,1,1,1,0,0,0,1,-97,0,11,2,837886018,0,44,0,384,0,"[0,0,0,0,0,0,0,0,0,0,0,0,-6,9,-5,9,-6,9,-6,8,-5,8,-5,8,-5,7,-5,7,-4,7,-4,6,-3,6,-2,6,-2,5,-1,5,0,5,1,5,2,5,3,5,4,5,4,6,5,7,6,8,5,8,6,9,6,10,5,10,0,0,5,10,5,10,5,10,5,11,5,11,4,11,4,11,3,11,3,11,2,10,3,10,2,9,2,9,2,9,2,9,2,9,2,8,1,8,1,8,1,7,1,7,1,7,1,7,1,7,1,7,0,7,0,0,0,0,0,0,0,0,0,0,0,0,0,0,61,-11,54,-9,56,-14,55,-9,56,-16,55,-12,52,-14,54,-8,48,-11,50,-9,45,-13,41,-13,38,-9,35,-17,37,-16,28,-13,25,-18,25,-21,22,-29,14,-27,12,-28,12,-28,8,-39,9,-44,5,-50,10,-51,14,-57,13,-59,16,-58,15,-62,18,-61,18,-64,14,-62,20,-64,19,-58,19,-62,21,-64,29,-62,26,-58,31,-58,28,-52,27,-55,24,-52,25,-53,27,-50,20,-47,23,-44,22,-43,24,-40,23,-39,22,-39,22,-38,20,-35,22,-39,23,-34,22,-36,25,-34,0,0,0,0,0,0,0,0,0,0,0,0,0,0,0,0,0,0,0,0,0,0,-34,26,-42,29,-37,20,-38,21,-36,22,-38,21,-42,28,-45,28,-49,30,-47,29,-59,25,-56,22,-58,22,-56,22,-61,18,-52,17,-60,22,-55,17,-58,19,-56,14,-54,13,-60,12,-46,12,-53,11,-47,17,-48,15,-44,14,-46,18,-45,22,-43,25,-42,23,-47,29,-42,25,-44,25,-42,25,-41,28,-36,25,-36,29,-34,31,-29,32,-23,33,-29,31,-27,40,-29,37,-26,40,-21,39,-18,37,-26,37,-18,36,-21,36,-8,35,-6,35,-3,38,5,39,6,45,7,49,7,49,0,0]",1
CSI_DATA,62405,1a:00:00:00:00:00,-38,11,1,0,1,1,1,0,0,0,1,-97,0,11,2,837896030,0,44,0,384,0,"[0,0,0,0,0,0,0,0,0,0,0,0,2,-11,2,-11,2,-10,2,-10,2,-10,1,-10,2,-9,1,-9,1,-8,1,-8,0,-7,0,-7,-1,-6,-1,-5,-2,-5,-3,-5,-4,-5,-5,-4,-6,-4,-7,-5,-8,-5,-8,-6,-9,-6,-9,-7,-9,-8,-9,-8,0,0,-9,-8,-9,-8,-9,-8,-9,-8,-9,-9,-9,-9,-8,-10,-8,-10,-7,-9,-6,-9,-6,-9,-6,-9,-6,-8,-6,-8,-6,-8,-6,-8,-5,-8,-5,-7,-5,-7,-4,-7,-4,-7,-5,-7,-5,-6,-4,-6,-5,-7,-4,-7,0,0,0,0,0,0,0,0,0,0,0,0,0,0,-60,26,-53,35,-50,30,-57,32,-58,31,-57,28,-52,27,-53,24,-47,25,-43,25,-50,18,-42,22,-37,24,-34,22,-30,24,-21,19,-20,24,-21,23,-17,25,-6,26,-3,30,1,36,3,39,0,44,5,45,3,55,7,60,2,53,3,57,4,62,6,64,-5,61,1,61,-2,68,-1,60,-5,64,-10,64,-14,64,-15,62,-17,60,-15,61,-12,58,-16,55,-9,54,-14,51,-15,52,-12,49,-17,50,-11,46,-13,42,-12,41,-18,42,-15,41,-14,35,-14,40,-6,37,-15,39,0,0,0,0,0,0,0,0,0,0,0,0,0,0,0,0,0,0,0,0,0,0,17,-48,25,-42,22,-43,24,-42,27,-40,27,-41,27,-39,28,-46,28,-49,32,-53,45,-46,46,-47,49,-45,47,-48,49,-42,45,-38,43,-41,51,-42,45,-41,53,-36,48,-35,52,-36,48,-34,42,-37,36,-28,36,-37,32,-36,38,-41,37,-38,32,-41,32,-43,34,-44,28,-35,34,-36,30,-41,24,-43,25,-36,22,-43,21,-43,16,-40,15,-42,13,-46,10,-43,12,-51,10,-48,8,-51,9,-46,10,-38,4,-40,0,-39,-1,-32,-7,-35,-12,-41,-23,-32,-23,-39,-22,-46,-23,-44,0,0]",1
CSI_DATA,62406,1a:00:00:00:00:00,-39,11,1,0,1,1,1,0,0,0,1,-97,0,11,2,837906523,0,44,0,384,0,"[0,0,0,0,0,0,0,0,0,0,0,0,-8,8,-7,8,-7,8,-7,7,-7,7,-6,7,-6,6,-6,6,-5,6,-5,5,-4,5,-3,5,-2,4,-1,4,-1,4,1,4,1,4,2,4,3,5,4,5,5,6,5,6,5,8,6,8,5,8,6,8,0,0,5,9,6,9,6,9,6,9,6,9,5,10,5,10,4,10,4,10,3,10,3,9,3,9,3,8,3,8,3,8,3,8,3,8,2,7,2,7,2,7,2,7,2,6,2,6,2,6,2,6,2,6,0,0,0,0,0,0,0,0,0,0,0,0,0,0,64,-6,58,-18,57,-18,59,-19,55,-16,54,-17,61,-15,57,-11,50,-12,54,-12,47,-8,45,-10,39,-10,36,-15,30,-16,30,-19,25,-11,20,-16,19,-20,5,-27,2,-24,1,-34,2,-38,-1,-39,3,-48,0,-52,1,-59,1,-58,0,-61,1,-61,4,-66,2,-61,1,-64,4,-61,2,-63,10,-66,10,-62,16,-70,11,-62,16,-61,14,-57,13,-56,13,-55,9,-55,12,-51,9,-47,15,-51,11,-43,13,-48,14,-42,16,-41,10,-39,14,-39,12,-37,8,-38,10,-41,15,-43,0,0,0,0,0,0,0,0,0,0,0,0,0,0,0,0,0,0,0,0,0,0,-37,30,-41,29,-36,28,-46,27,-46,26,-42,22,-45,24,-47,27,-52,30,-58,29,-60,29,-62,26,-64,18,-65,20,-65,16,-61,20,-63,15,-61,19,-62,13,-61,13,-58,11,-60,10,-55,12,-51,8,-49,14,-49,17,-46,22,-50,23,-45,21,-46,29,-43,29,-44,27,-45,23,-42,29,-42,27,-37,27,-35,29,-32,32,-30,29,-25,37,-26,39,-28,41,-27,45,-32,42,-24,36,-25,45,-24,37,-16,37,-19,34,-13,39,-6,32,-1,35,0,37,8,40,15,43,15,42,14,50,0,0]",1
CSI_DATA,62407,1a:00:00:00:00:00,-38,11,1,0,1,1,1,0,0,0,1,-97,0,11,2,837926031,0,44,0,384,0,"[0,0,0,0,0,0,0,0,0,0,0,0,8,7,8,7,8,6,7,6,7,6,6,6,6,5,6,5,5,4,5,4,5,3,4,2,4,1,4,0,4,-1,4,-2,4,-3,4,-4,5,-5,5,-6,6,-6,7,-7,8,-7,8,-7,8,-7,8,-7,0,0,9,-7,9,-7,9,-7,9,-8,10,-7,10,-7,10,-6,10,-6,10,-6,9,-5,9,-6,9,-5,9,-5,9,-5,9,-5,8,-5,8,-4,8,-4,7,-4,7,-3,7,-3,7,-3,6,-3,6,-3,6,-3,7,-3,0,0,0,0,0,0,0,0,0,0,0,0,0,0,-1,-63,0,-68,2,-67,1,-61,1,-64,-1,-60,4,-58,5,-54,2,-54,-1,-49,-1,-50,4,-48,-4,-43,-1,-37,-5,-35,-6,-28,-6,-29,-15,-20,-18,-16,-22,-14,-28,-12,-32,-10,-38,-7,-43,-11,-49,-7,-51,-9,-56,-9,-57,-11,-60,-15,-62,-12,-62,-17,-64,-22,-63,-18,-62,-17,-66,-17,-67,-20,-66,-22,-61,-27,-58,-29,-55,-30,-54,-31,-54,-24,-59,-19,-57,-19,-53,-24,-54,-24,-50,-25,-48,-27,-41,-24,-39,-25,-36,-26,-37,-25,-43,-22,-37,-22,-37,-20,-38,-22,-34,-28,0,0,0,0,0,0,0,0,0,0,0,0,0,0,0,0,0,0,0,0,0,0,15,48,9,52,9,46,7,49,5,53,8,54,4,51,5,50,4,60,4,59,-7,63,-4,66,-4,62,-8,65,-16,63,-11,63,-13,57,-13,61,-10,58,-10,54,-14,58,-15,59,-12,51,-12,48,-5,44,-2,46,-1,47,-1,46,5,50,6,46,4,46,8,51,3,45,8,47,8,46,15,46,15,43,13,38,21,40,19,30,23,36,22,34,28,34,29,35,29,31,21,29,24,26,24,25,26,18,32,23,34,12,37,7,41,5,37,-5,41,1,49,-3,50,-3,0,0]",1
CSI_DATA,62408,1a:00:00:00:00:00,-38,11,1,0,1,1,1,0,0,0,1,-97,0,11,2,837936031,0,44,0,384,0,"[0,0,0,0,0,0,0,0,0,0,0,0,-11,-4,-11,-4,-10,-4,-10,-4,-10,-4,-9,-4,-9,-3,-9,-3,-8,-3,-7,-2,-7,-2,-7,-1,-6,-1,-5,1,-5,1,-4,3,-4,3,-4,5,-5,5,-5,6,-5,7,-6,8,-7,9,-7,9,-8,9,-8,9,0,0,-8,9,-8,9,-8,9,-9,9,-9,9,-9,8,-10,8,-9,7,-10,7,-9,7,-9,7,-8,7,-8,7,-8,7,-8,6,-8,6,-8,6,-8,5,-8,5,-8,5,-7,4,-7,4,-7,4,-6,4,-7,4,-7,4,0,0,0,0,0,0,0,0,0,0,0,0,0,0,25,61,28,57,24,64,19,62,21,55,22,59,15,45,13,56,21,47,23,47,16,44,18,44,14,40,18,33,22,27,21,24,23,22,22,11,28,12,28,11,32,0,35,-4,40,-7,46,-8,47,-11,57,-11,54,-9,60,-8,62,-6,66,-6,63,-1,70,-3,61,-5,67,-7,68,-4,72,1,71,-3,67,6,62,0,63,6,58,8,59,2,61,4,60,3,59,-1,59,5,57,8,55,9,54,10,51,11,51,11,47,8,41,6,41,4,44,12,40,11,41,14,0,0,0,0,0,0,0,0,0,0,0,0,0,0,0,0,0,0,0,0,0,0,-31,-39,-33,-41,-27,-44,-28,-48,-27,-46,-20,-51,-23,-50,-33,-51,-29,-56,-28,-56,-27,-64,-20,-69,-18,-65,-13,-70,-14,-67,-7,-59,-14,-67,-12,-58,-12,-64,-6,-62,-12,-58,-9,-52,-7,-55,-10,-52,-16,-49,-20,-44,-20,-47,-16,-45,-26,-44,-27,-42,-24,-43,-30,-50,-28,-43,-29,-43,-28,-38,-32,-37,-30,-33,-34,-34,-34,-34,-40,-27,-35,-29,-38,-21,-39,-28,-36,-27,-40,-26,-41,-15,-38,-11,-39,-15,-40,-8,-36,-8,-37,2,-34,1,-48,5,-39,16,-44,15,-50,15,-49,20,0,0]",1
CSI_DATA,62409,1a:00:00:00:00:00,-38,11,1,0,1,1,1,0,0,0,1,-97,0,11,2,837946032,0,44,0,384,0,"[0,0,0,0,0,0,0,0,0,0,0,0,10,-2,10,-2,9,-2,9,-2,9,-2,8,-1,8,-1,8,-2,7,-2,6,-2,6,-2,5,-2,4,-3,3,-3,3,-4,2,-5,1,-6,1,-6,1,-8,1,-9,1,-9,1,-10,2,-11,2,-11,3,-11,3,-11,0,0,3,-11,3,-12,3,-12,3,-12,3,-12,4,-12,4,-12,4,-11,4,-10,4,-10,4,-10,3,-10,3,-9,3,-10,3,-10,3,-9,3,-9,3,-9,3,-9,4,-8,3,-7,3,-7,3,-7,3,-7,3,-7,3,-7,0,0,0,0,0,0,0,0,0,0,0,0,0,0,-42,-32,-51,-39,-45,-42,-49,-32,-55,-32,-46,-31,-46,-32,-40,-36,-44,-30,-41,-30,-37,-27,-34,-19,-35,-21,-36,-19,-31,-19,-32,-10,-33,-5,-29,-1,-30,-2,-26,7,-30,17,-26,21,-35,24,-39,28,-40,32,-45,33,-48,29,-53,36,-54,31,-53,34,-59,31,-58,27,-58,33,-54,32,-56,34,-62,29,-60,34,-62,27,-61,24,-58,21,-58,16,-59,21,-52,22,-49,21,-54,22,-51,18,-52,18,-50,17,-47,15,-42,12,-45,11,-44,19,-43,13,-42,14,-43,11,-47,10,-45,9,0,0,0,0,0,0,0,0,0,0,0,0,0,0,0,0,0,0,0,0,0,0,48,16,48,14,47,14,46,25,48,23,43,19,46,21,51,22,55,25,55,23,55,31,52,33,55,38,52,39,48,45,46,45,43,40,45,37,44,39,48,37,45,41,40,40,37,40,37,31,39,33,42,27,36,26,44,24,46,24,43,22,44,16,43,24,47,15,49,16,45,17,45,20,42,11,47,10,46,12,46,9,46,0,45,1,42,-3,49,-2,39,-4,45,-5,36,-10,36,-6,37,-12,31,-8,28,-15,33,-22,27,-23,28,-33,28,-34,22,-39,27,-37,0,0]",1
CSI_DATA,62410,1a:00:00:00:00:00,-39,11,1,0,1,1,1,0,0,0,1,-97,0,11,2,837966043,0,44,0,384,0,"[0,0,0,0,0,0,0,0,0,0,0,0,7,-7,7,-7,6,-7,6,-7,6,-7,6,-6,5,-6,5,-6,4,-6,4,-5,3,-5,2,-5,1,-5,0,-5,-1,-5,-2,-5,-3,-6,-3,-6,-4,-7,-5,-8,-5,-9,-5,-9,-5,-10,-6,-10,-6,-11,-5,-11,0,0,-5,-12,-5,-11,-5,-12,-5,-12,-5,-12,-4,-13,-3,-13,-3,-12,-3,-12,-3,-12,-3,-11,-3,-11,-3,-11,-3,-10,-2,-10,-2,-10,-2,-10,-2,-9,-1,-9,-1,-8,-1,-8,-2,-8,-2,-8,-2,-8,-2,-8,-2,-8,0,0,0,0,0,0,0,0,0,0,0,0,0,0,-52,6,-57,1,-62,-1,-57,0,-50,-1,-58,1,-49,1,-50,1,-44,3,-48,2,-45,4,-40,4,-35,5,-30,7,-30,11,-32,10,-23,16,-23,15,-19,21,-15,27,-9,27,-10,31,-11,43,-10,43,-9,51,-13,53,-11,56,-16,62,-22,55,-20,58,-19,61,-21,63,-15,62,-21,61,-21,59,-29,70,-23,63,-33,64,-30,56,-34,56,-32,51,-33,51,-31,56,-27,48,-31,49,-29,46,-33,47,-26,40,-30,38,-28,43,-26,38,-20,34,-24,35,-24,37,-19,37,-20,34,-29,40,0,0,0,0,0,0,0,0,0,0,0,0,0,0,0,0,0,0,0,0,0,0,49,-15,51,-13,49,-9,54,-6,51,-7,48,-6,52,-4,52,-9,58,-12,58,-7,63,-1,64,2,64,-1,65,6,65,5,57,8,61,-4,63,2,63,7,64,7,58,8,61,5,57,10,54,4,50,4,48,2,51,-3,45,-7,44,-8,50,-5,40,-9,51,-8,46,-10,46,-13,45,-7,49,-11,40,-12,41,-14,40,-25,39,-19,37,-22,31,-26,33,-28,34,-26,38,-31,35,-23,30,-24,28,-23,21,-27,17,-26,20,-28,10,-27,17,-36,9,-32,-1,-43,-3,-47,-2,-47,0,0]",1
CSI_DATA,62411,1a:00:00:00:00:00,-39,11,1,0,1,1,1,0,0,0,1,-97,0,11,2,837978876,0,44,0,384,0,"[0,0,0,0,0,0,0,0,0,0,0,0,10,0,10,0,10,1,9,0,9,0,8,0,8,0,7,0,7,-1,6,-1,5,-2,4,-2,4,-3,3,-3,2,-4,2,-5,1,-6,1,-7,1,-8,1,-9,1,-10,1,-11,2,-12,2,-12,2,-13,2,-13,0,0,3,-13,3,-13,3,-13,3,-14,4,-14,4,-14,5,-13,5,-13,5,-13,5,-12,5,-12,5,-11,4,-11,4,-11,4,-10,4,-10,4,-9,4,-9,4,-8,4,-8,3,-8,3,-8,2,-8,2,-8,3,-8,3,-8,0,0,0,0,0,0,0,0,0,0,0,0,0,0,-38,-48,-41,-46,-34,-50,-35,-44,-33,-47,-35,-48,-30,-41,-30,-42,-31,-38,-30,-38,-26,-33,-29,-30,-25,-27,-24,-23,-29,-17,-26,-11,-23,-9,-24,-5,-27,2,-30,9,-30,10,-33,20,-35,23,-40,27,-41,28,-55,31,-52,30,-57,28,-58,28,-61,27,-57,26,-63,35,-60,31,-63,32,-62,33,-67,32,-66,31,-68,32,-71,22,-74,29,-66,20,-64,17,-63,20,-63,16,-59,19,-54,18,-55,13,-55,16,-48,10,-47,14,-47,11,-45,12,-42,20,-42,14,-37,11,-40,12,-49,13,0,0,0,0,0,0,0,0,0,0,0,0,0,0,0,0,0,0,0,0,0,0,24,42,19,45,23,43,18,45,23,49,23,44,21,46,25,48,26,53,25,51,22,58,23,62,16,62,13,66,11,60,12,57,12,60,15,59,10,58,14,59,13,54,15,55,7,54,17,53,9,47,16,49,14,45,20,43,22,42,23,43,25,33,26,40,27,35,25,38,32,34,31,34,24,32,24,29,31,20,29,22,33,19,32,9,38,9,41,12,42,16,45,9,37,10,37,10,37,3,28,7,33,-4,34,-8,30,-14,25,-13,36,-26,39,-28,38,-31,0,0]",1
CSI_DATA,62412,1a:00:00:00:00:00,-39,11,1,0,1,1,1,0,0,0,1,-97,0,11,2,837986017,0,44,0,384,0,"[0,0,0,0,0,0,0,0,0,0,0,0,-1,-11,-1,-11,-1,-11,-1,-10,-1,-9,-1,-9,-1,-8,-1,-8,-2,-7,-2,-6,-2,-6,-3,-5,-3,-4,-4,-4,-5,-3,-6,-2,-7,-2,-8,-1,-9,-1,-10,-1,-11,-1,-12,-1,-12,-2,-13,-2,-13,-2,-13,-2,0,0,-13,-3,-13,-3,-14,-3,-14,-3,-14,-3,-14,-4,-14,-5,-13,-5,-13,-5,-12,-5,-12,-5,-12,-5,-11,-5,-11,-5,-10,-5,-10,-5,-10,-5,-9,-4,-9,-4,-8,-4,-8,-4,-8,-4,-8,-3,-8,-3,-9,-3,-8,-4,0,0,0,0,0,0,0,0,0,0,0,0,0,0,-44,43,-41,38,-41,45,-44,44,-40,40,-37,40,-41,30,-36,38,-35,29,-32,27,-25,26,-22,30,-25,30,-20,28,-11,22,-10,23,-7,21,-2,27,13,24,14,27,20,32,24,31,28,37,33,38,33,38,29,43,34,48,37,51,39,58,37,55,40,57,40,61,36,60,45,54,41,55,40,61,37,63,33,67,32,66,28,66,26,62,25,58,21,62,25,63,18,54,20,50,17,56,18,53,21,53,17,46,15,46,16,39,17,42,18,44,17,39,13,38,12,43,0,0,0,0,0,0,0,0,0,0,0,0,0,0,0,0,0,0,0,0,0,0,34,-36,39,-34,37,-33,41,-29,37,-29,41,-33,39,-30,41,-35,46,-37,47,-37,50,-34,56,-31,61,-32,62,-35,59,-30,54,-24,53,-26,54,-28,59,-26,52,-20,54,-22,54,-20,46,-23,43,-19,46,-23,42,-25,41,-25,38,-27,37,-27,34,-31,36,-36,29,-31,27,-34,31,-30,28,-30,30,-31,26,-30,19,-32,19,-36,19,-34,12,-35,6,-36,5,-39,2,-43,11,-40,-1,-40,3,-36,-1,-34,-5,-37,-6,-32,-10,-31,-14,-30,-26,-33,-25,-29,-28,-26,-33,-30,-36,-40,0,0]",1
CSI_DATA,62413,1a:00:00:00:00:00,-38,11,1,0,1,1,1,0,0,0,1,-97,0,11,2,838006015,0,44,0,384,0,"[0,0,0,0,0,0,0,0,0,0,0,0,-7,-9,-7,-9,-7,-8,-6,-8,-7,-7,-6,-7,-6,-6,-6,-6,-6,-6,-6,-5,-5,-4,-6,-4,-5,-3,-6,-1,-6,-1,-6,1,-7,1,-7,2,-8,3,-9,3,-10,4,-11,4,-12,3,-12,3,-13,3,-13,3,0,0,-13,2,-13,2,-13,2,-13,2,-13,2,-14,1,-14,0,-13,0,-13,0,-12,0,-12,0,-11,0,-11,0,-11,0,-10,0,-10,0,-10,0,-10,0,-10,0,-9,-1,-9,-1,-9,-1,-9,-1,-8,-1,-9,-1,-9,-1,0,0,0,0,0,0,0,0,0,0,0,0,0,0,-2,70,-8,63,-15,66,-6,65,-8,59,-14,58,-12,57,-8,54,-7,47,-8,48,-4,44,-5,43,0,38,2,34,6,35,7,30,11,31,15,26,25,27,28,20,40,22,39,17,47,21,48,24,52,25,52,30,61,31,60,30,58,32,61,38,59,40,64,41,59,36,63,37,64,38,62,44,55,47,54,47,48,48,50,45,42,43,47,44,44,41,47,41,44,37,41,35,42,40,39,35,36,38,31,36,34,40,34,37,31,38,33,32,31,34,30,35,28,41,0,0,0,0,0,0,0,0,0,0,0,0,0,0,0,0,0,0,0,0,0,0,-9,-44,-2,-52,4,-44,1,-49,2,-49,1,-51,2,-46,0,-50,1,-59,3,-57,7,-58,15,-62,14,-62,14,-59,18,-59,18,-57,15,-62,16,-54,14,-56,22,-52,20,-53,18,-52,22,-53,13,-48,12,-45,2,-51,4,-48,4,-50,4,-43,-2,-50,1,-50,-1,-47,0,-49,-7,-46,-2,-43,-7,-42,-10,-38,-9,-38,-10,-39,-16,-34,-18,-38,-18,-37,-19,-39,-21,-34,-25,-32,-17,-38,-21,-34,-22,-25,-24,-18,-22,-19,-28,-11,-28,-8,-45,-6,-37,-5,-50,3,-49,-2,-51,-2,0,0]",1
CSI_DATA,62414,1a:00:00:00:00:00,-38,11,1,0,1,1,1,0,0,0,1,-97,0,11,2,838028943,0,44,0,384,0,"[0,0,0,0,0,0,0,0,0,0,0,0,1,10,1,10,1,9,1,9,1,9,1,8,1,8,1,7,1,7,2,6,2,5,2,5,3,4,3,3,4,3,5,2,6,1,6,1,7,1,9,1,9,1,10,2,10,2,11,2,11,3,11,3,0,0,11,4,11,3,11,3,12,4,12,4,12,5,11,5,11,5,10,6,10,6,9,5,9,5,9,5,9,5,8,5,7,5,7,5,7,4,7,4,6,4,6,4,6,4,6,4,6,4,6,4,6,4,0,0,0,0,0,0,0,0,0,0,0,0,0,0,37,-64,27,-50,32,-51,30,-49,40,-50,29,-50,28,-44,33,-44,20,-40,28,-42,23,-37,17,-34,19,-40,8,-32,14,-34,4,-32,-2,-32,0,-33,-8,-32,-18,-28,-20,-35,-24,-33,-24,-41,-29,-39,-31,-41,-31,-46,-35,-51,-37,-52,-31,-56,-37,-60,-32,-58,-33,-54,-32,-54,-41,-61,-33,-66,-33,-70,-29,-65,-30,-63,-26,-70,-22,-66,-16,-67,-24,-61,-17,-60,-21,-57,-13,-55,-15,-53,-16,-55,-10,-51,-11,-50,-10,-47,-9,-49,-9,-49,-9,-41,-6,-44,-15,-46,-11,-43,-11,-40,0,0,0,0,0,0,0,0,0,0,0,0,0,0,0,0,0,0,0,0,0,0,-2,50,-11,45,-9,47,-12,47,-13,45,-18,47,-15,48,-11,48,-13,52,-15,58,-25,58,-23,57,-29,56,-34,47,-37,50,-31,45,-32,50,-29,52,-32,46,-31,50,-31,45,-34,44,-30,39,-27,43,-23,38,-21,38,-21,38,-21,43,-13,39,-15,44,-13,43,-11,45,-12,46,-10,43,-11,46,-13,42,-7,36,-5,43,-6,44,5,42,6,37,9,39,9,40,13,45,9,39,18,34,15,39,14,33,15,32,15,29,22,23,23,22,30,21,32,20,39,23,40,20,44,22,0,0]",1
CSI_DATA,62415,1a:00:00:00:00:00,-39,11,1,0,1,1,1,0,0,0,1,-97,0,11,2,838046021,0,44,0,384,0,"[0,0,0,0,0,0,0,0,0,0,0,0,-9,5,-9,5,-9,5,-8,4,-8,4,-7,4,-7,4,-6,3,-6,3,-5,3,-4,3,-3,3,-2,3,-2,4,0,4,1,5,1,5,2,6,3,7,3,8,3,8,4,9,3,10,3,11,3,11,3,11,0,0,2,12,3,11,3,12,3,12,2,12,2,13,1,12,1,12,1,12,0,11,0,11,0,11,0,10,0,10,-1,10,-1,9,-1,9,0,8,-1,8,0,7,0,7,0,7,0,7,0,7,0,7,-1,7,0,0,0,0,0,0,0,0,0,0,0,0,0,0,55,15,55,14,56,13,50,14,49,16,45,18,50,14,46,12,45,16,38,17,37,11,36,10,31,5,29,-6,25,-5,27,-3,24,-15,21,-14,20,-22,19,-22,18,-27,13,-36,18,-43,23,-41,26,-44,24,-51,23,-48,31,-54,26,-53,36,-59,31,-58,40,-55,32,-55,44,-60,35,-56,44,-57,41,-58,47,-48,47,-54,47,-50,40,-43,47,-45,45,-46,44,-41,43,-45,40,-36,37,-33,40,-34,34,-30,33,-29,35,-30,32,-28,30,-34,33,-31,30,-31,33,-30,35,-29,0,0,0,0,0,0,0,0,0,0,0,0,0,0,0,0,0,0,0,0,0,0,-48,3,-55,-2,-51,-1,-49,-7,-55,-9,-49,-10,-54,-9,-57,-9,-55,-12,-59,-11,-63,-12,-61,-17,-63,-20,-60,-22,-58,-25,-59,-25,-60,-29,-57,-25,-56,-24,-54,-29,-55,-31,-53,-33,-43,-29,-54,-24,-44,-18,-48,-17,-49,-13,-49,-13,-40,-11,-46,-14,-41,-9,-48,-11,-45,-3,-45,-7,-44,-5,-41,-1,-37,0,-37,6,-37,9,-38,12,-35,15,-35,15,-39,20,-33,18,-37,20,-37,18,-32,21,-30,15,-30,22,-20,23,-22,26,-19,25,-9,30,-10,30,-13,36,-17,45,-14,52,0,0]",1
CSI_DATA,62416,1a:00:00:00:00:00,-39,11,1,0,1,1,1,0,0,0,1,-97,0,11,2,838056532,0,44,0,384,0,"[0,0,0,0,0,0,0,0,0,0,0,0,9,-3,9,-2,9,-2,8,-2,8,-2,7,-2,7,-2,6,-2,5,-2,5,-2,4,-3,3,-3,2,-3,1,-4,0,-5,0,-6,-1,-6,-1,-7,-2,-8,-2,-9,-2,-10,-2,-11,-1,-12,-1,-12,-1,-12,-1,-13,0,0,-1,-13,-1,-13,-1,-13,0,-13,0,-13,0,-13,1,-13,1,-13,1,-12,1,-12,1,-12,1,-11,1,-10,1,-11,1,-10,1,-10,1,-10,1,-9,1,-9,1,-8,1,-8,0,-8,0,-8,0,-8,0,-9,1,-9,0,0,0,0,0,0,0,0,0,0,0,0,0,0,-45,-26,-54,-33,-55,-27,-54,-24,-50,-35,-49,-29,-41,-27,-45,-23,-43,-18,-36,-22,-41,-20,-33,-17,-32,-14,-30,-7,-30,-5,-28,2,-22,2,-24,9,-22,13,-23,17,-19,32,-26,29,-26,39,-28,37,-35,42,-32,46,-45,53,-45,46,-48,53,-44,48,-47,46,-49,50,-45,53,-51,53,-48,49,-48,51,-54,43,-50,45,-57,45,-53,44,-53,38,-47,38,-46,37,-44,33,-46,31,-49,34,-45,28,-40,30,-41,23,-38,29,-38,26,-34,24,-31,25,-39,28,-36,26,-38,27,-41,26,0,0,0,0,0,0,0,0,0,0,0,0,0,0,0,0,0,0,0,0,0,0,42,21,48,20,49,26,48,30,47,29,44,27,45,26,46,27,54,28,56,34,55,38,55,43,47,47,51,44,46,49,39,44,46,49,45,48,48,46,38,46,39,50,39,48,35,41,34,44,29,33,35,30,39,31,34,33,40,27,41,25,40,25,42,24,39,23,36,18,46,13,38,15,40,16,42,10,36,6,39,5,39,1,40,-1,35,-3,38,0,41,-6,43,-10,36,-10,33,-5,34,-11,24,-10,27,-17,22,-22,21,-23,22,-34,21,-36,22,-41,23,-44,0,0]",1
CSI_DATA,62417,1a:00:00:00:00:00,-39,11,1,0,1,1,1,0,0,0,1,-97,0,11,2,838066030,0,44,0,384,0,"[0,0,0,0,0,0,0,0,0,0,0,0,-4,9,-4,8,-4,8,-4,8,-3,8,-3,7,-3,6,-3,6,-2,6,-2,5,-1,4,0,4,1,3,2,3,3,3,4,3,5,3,6,3,7,3,8,4,8,4,9,5,9,6,9,6,9,7,9,7,0,0,9,7,10,7,9,7,10,7,9,8,9,8,8,8,8,8,8,8,7,8,7,7,7,7,7,7,7,6,7,7,6,6,6,6,5,6,5,6,5,5,5,6,5,5,5,5,5,5,5,6,5,6,0,0,0,0,0,0,0,0,0,0,0,0,0,0,55,-19,59,-20,48,-20,54,-19,53,-20,53,-16,49,-16,51,-15,42,-16,42,-20,32,-12,34,-13,29,-22,28,-16,21,-18,18,-18,9,-23,7,-24,2,-29,-4,-32,-1,-39,-12,-39,-11,-46,-10,-56,-11,-60,-10,-64,-11,-64,-8,-69,-6,-69,-7,-68,-2,-68,-7,-71,-7,-67,-7,-72,-6,-71,-5,-78,1,-69,0,-69,1,-70,-1,-69,1,-65,6,-65,8,-59,1,-64,4,-64,5,-57,3,-57,4,-55,0,-55,-1,-49,1,-47,4,-46,2,-47,3,-51,2,-42,4,-43,7,-47,0,0,0,0,0,0,0,0,0,0,0,0,0,0,0,0,0,0,0,0,0,0,-47,16,-52,10,-48,11,-54,6,-49,6,-52,11,-52,6,-56,14,-62,7,-63,10,-65,4,-72,5,-75,3,-71,-2,-71,-6,-63,-5,-64,-5,-66,-1,-66,-3,-62,-16,-64,-10,-61,-13,-57,-7,-54,-6,-49,-6,-53,1,-47,1,-49,5,-50,1,-49,9,-48,9,-50,8,-46,11,-45,14,-41,13,-43,14,-40,19,-39,16,-32,20,-31,21,-31,26,-27,28,-30,30,-23,25,-29,29,-25,18,-24,23,-15,26,-15,24,-12,27,-9,31,4,27,10,34,1,28,10,34,12,37,17,39,0,0]",1
CSI_DATA,62418,1a:00:00:00:00:00,-38,11,1,0,1,1,1,0,0,0,1,-97,0,11,2,838086032,0,44,0,384,0,"[0,0,0,0,0,0,0,0,0,0,0,0,2,9,2,9,2,8,2,8,2,7,2,7,2,7,2,6,2,6,3,5,3,5,3,4,3,3,4,2,5,2,5,1,6,1,7,0,8,0,9,0,10,1,11,1,11,2,11,2,12,2,12,2,0,0,12,3,11,3,12,2,12,3,12,3,12,4,12,4,11,4,11,5,10,4,10,4,10,4,9,4,10,4,9,4,9,4,8,4,8,4,7,4,7,4,7,4,7,4,7,4,6,4,7,4,7,4,0,0,0,0,0,0,0,0,0,0,0,0,0,0,36,-46,28,-45,32,-50,38,-43,35,-43,36,-39,32,-39,31,-40,28,-37,29,-40,23,-40,17,-34,18,-31,8,-28,7,-31,-1,-33,1,-32,-2,-33,-9,-31,-16,-31,-22,-34,-22,-39,-28,-40,-30,-43,-37,-46,-36,-58,-36,-56,-33,-60,-34,-66,-35,-67,-34,-61,-31,-65,-30,-61,-35,-65,-34,-63,-36,-67,-30,-71,-21,-74,-26,-68,-19,-69,-17,-57,-19,-60,-20,-64,-22,-61,-20,-62,-16,-57,-14,-60,-17,-55,-11,-53,-11,-50,-9,-46,-12,-45,-15,-50,-13,-48,-10,-44,-13,-45,-9,-49,0,0,0,0,0,0,0,0,0,0,0,0,0,0,0,0,0,0,0,0,0,0,-23,42,-27,43,-26,41,-31,40,-31,39,-30,37,-32,37,-29,41,-34,44,-35,48,-45,42,-48,40,-45,43,-49,42,-52,36,-46,29,-45,32,-46,31,-45,37,-45,26,-43,30,-47,33,-40,26,-34,30,-35,31,-28,33,-30,31,-36,35,-30,32,-31,32,-23,29,-25,35,-22,32,-25,34,-20,29,-22,33,-19,29,-12,32,-7,33,-7,34,-3,36,-2,43,-1,38,1,41,3,36,4,31,2,34,2,31,9,33,5,28,10,20,24,23,25,23,27,22,31,15,39,26,44,20,0,0]",1
CSI_DATA,62419,1a:00:00:00:00:00,-38,11,1,0,1,1,1,0,0,0,1,-97,0,11,2,838096016,0,44,0,384,0,"[0,0,0,0,0,0,0,0,0,0,0,0,-6,-10,-6,-9,-6,-9,-5,-9,-5,-8,-5,-8,-5,-8,-5,-7,-5,-7,-5,-6,-5,-5,-5,-4,-5,-4,-6,-2,-6,-2,-7,-1,-8,0,-8,1,-9,1,-10,1,-11,1,-12,1,-13,1,-13,1,-14,0,-13,0,0,0,-14,0,-14,0,-14,0,-14,0,-14,-1,-14,-1,-14,-2,-13,-2,-13,-3,-12,-3,-12,-2,-12,-2,-12,-2,-11,-2,-11,-2,-10,-2,-10,-2,-10,-2,-9,-2,-9,-2,-9,-2,-9,-2,-9,-2,-9,-2,-9,-2,-9,-3,0,0,0,0,0,0,0,0,0,0,0,0,0,0,-23,62,-22,58,-25,58,-27,59,-26,58,-22,51,-24,49,-26,45,-24,47,-16,45,-15,39,-17,42,-15,39,-8,38,-1,37,1,34,6,31,9,28,16,35,18,32,27,30,27,35,32,34,35,36,39,43,44,48,44,51,41,54,43,57,47,57,41,58,41,61,38,56,42,60,38,63,42,65,37,61,34,69,35,65,29,65,24,59,27,61,25,61,28,59,23,56,23,53,16,53,20,47,19,46,16,45,15,44,15,43,18,43,14,46,13,41,15,44,14,43,0,0,0,0,0,0,0,0,0,0,0,0,0,0,0,0,0,0,0,0,0,0,3,-53,16,-50,11,-50,17,-50,15,-46,16,-47,16,-48,19,-54,17,-57,16,-53,22,-57,26,-57,28,-58,32,-50,39,-52,32,-48,33,-47,34,-48,32,-41,32,-45,34,-41,36,-41,32,-41,26,-36,21,-33,18,-40,13,-36,17,-43,16,-39,13,-41,13,-42,19,-40,12,-36,11,-34,10,-38,6,-36,0,-40,2,-37,-4,-34,-6,-33,-11,-39,-10,-38,-12,-39,-17,-33,-10,-36,-16,-39,-20,-42,-17,-28,-19,-31,-16,-25,-21,-23,-27,-18,-34,-18,-34,-13,-36,-16,-49,-8,-48,-17,0,0]",1
CSI_DATA,62420,1a:00:00:00:00:00,-38,11,1,0,1,1,1,0,0,0,1,-97,0,11,2,838106030,0,44,0,384,0,"[0,0,0,0,0,0,0,0,0,0,0,0,7,9,6,9,7,9,6,8,6,8,5,7,5,7,5,7,4,6,5,5,5,4,5,3,5,2,5,1,5,0,6,-1,6,-2,8,-3,8,-3,9,-4,10,-4,11,-4,11,-3,12,-4,12,-3,12,-3,0,0,13,-3,13,-3,13,-4,14,-3,14,-3,14,-2,14,-1,13,-1,13,-1,12,0,12,-1,11,-1,11,-1,10,-1,10,-1,9,-1,10,-1,9,-1,9,-1,8,-1,9,-1,8,-1,8,-1,8,-1,9,-1,8,0,0,0,0,0,0,0,0,0,0,0,0,0,0,0,-4,-69,-4,-61,-1,-65,0,-64,1,-59,-1,-69,-4,-59,1,-63,2,-52,0,-56,3,-50,2,-45,-2,-41,-7,-38,-8,-38,-7,-33,-19,-31,-22,-27,-27,-21,-26,-19,-37,-19,-37,-19,-45,-22,-48,-21,-54,-24,-58,-23,-58,-25,-59,-30,-62,-27,-64,-31,-60,-32,-65,-37,-59,-33,-64,-32,-61,-35,-63,-40,-60,-36,-62,-41,-58,-42,-56,-47,-46,-41,-46,-37,-45,-40,-48,-36,-45,-38,-45,-34,-38,-39,-39,-34,-37,-34,-34,-32,-39,-33,-35,-30,-34,-30,-35,-28,-34,-32,-36,-30,-36,-36,0,0,0,0,0,0,0,0,0,0,0,0,0,0,0,0,0,0,0,0,0,0,10,46,5,49,4,45,1,52,-1,48,1,50,0,45,-1,49,2,54,2,53,-2,54,-11,55,-13,59,-15,55,-16,54,-13,52,-13,52,-14,56,-9,54,-11,49,-15,49,-14,46,-13,44,-8,39,-5,35,-6,43,-5,39,2,45,2,36,1,41,0,42,1,43,7,35,5,36,6,34,5,38,11,37,14,32,12,32,17,29,23,26,19,28,23,29,27,23,28,31,24,29,22,28,27,19,32,20,19,11,33,6,31,1,41,6,38,-2,47,-2,49,-2,52,-8,0,0]",1
CSI_DATA,62421,1a:00:00:00:00:00,-38,11,1,0,1,1,1,0,0,0,1,-97,0,11,2,838116012,0,44,0,384,0,"[0,0,0,0,0,0,0,0,0,0,0,0,-10,-7,-10,-8,-9,-7,-9,-7,-8,-7,-8,-6,-8,-6,-7,-6,-7,-5,-7,-4,-7,-3,-6,-2,-6,-1,-6,0,-7,1,-7,2,-7,3,-8,3,-8,4,-9,4,-10,5,-11,5,-11,5,-11,6,-12,5,-12,6,0,0,-13,5,-13,5,-13,5,-13,5,-13,5,-14,4,-14,3,-14,3,-13,2,-13,2,-12,3,-12,2,-11,2,-11,2,-11,2,-10,2,-10,2,-10,2,-9,1,-9,1,-9,1,-9,2,-9,2,-9,2,-9,2,-10,1,0,0,0,0,0,0,0,0,0,0,0,0,0,0,10,60,13,67,14,61,12,60,14,60,12,59,11,61,8,52,14,52,10,47,12,46,10,41,10,39,14,32,15,34,16,27,22,22,24,16,28,13,35,9,37,10,46,8,48,11,56,6,57,5,65,5,63,12,66,12,67,14,71,12,68,16,73,9,70,18,74,17,74,15,73,23,70,18,71,23,68,22,65,21,66,23,60,23,58,26,57,15,57,19,56,19,55,21,54,18,49,18,47,13,50,18,42,12,44,16,43,17,44,15,42,22,43,26,0,0,0,0,0,0,0,0,0,0,0,0,0,0,0,0,0,0,0,0,0,0,-11,-40,-9,-52,-6,-49,-6,-51,-2,-45,-6,-45,-8,-46,-7,-51,-7,-52,-8,-55,0,-59,-2,-60,4,-56,5,-59,10,-56,5,-58,8,-61,4,-52,1,-55,9,-55,9,-51,2,-52,8,-49,4,-46,1,-41,-4,-42,-3,-39,-6,-41,-6,-36,-10,-46,-12,-36,-8,-41,-14,-39,-12,-34,-20,-39,-15,-34,-21,-39,-19,-31,-27,-27,-23,-26,-27,-23,-30,-29,-28,-21,-33,-23,-28,-20,-25,-24,-31,-17,-33,-18,-32,-11,-35,-8,-32,-2,-40,-2,-31,4,-38,14,-44,12,-48,12,-57,15,0,0]",1
CSI_DATA,62422,1a:00:00:00:00:00,-37,11,1,0,1,1,1,0,0,0,1,-97,0,11,2,838126035,0,44,0,384,0,"[0,0,0,0,0,0,0,0,0,0,0,0,9,6,8,5,8,5,8,5,7,5,7,4,7,4,7,4,6,3,6,2,6,1,5,0,5,0,5,-1,6,-2,6,-3,6,-4,6,-5,7,-5,8,-6,8,-6,9,-7,10,-7,10,-7,11,-7,11,-7,0,0,11,-7,11,-7,11,-7,12,-7,12,-6,13,-6,13,-5,12,-4,12,-4,11,-4,11,-4,11,-4,10,-4,10,-4,10,-3,10,-3,9,-3,9,-3,9,-3,8,-3,8,-3,8,-3,8,-3,8,-3,8,-3,9,-2,0,0,0,0,0,0,0,0,0,0,0,0,0,0,-7,-56,-3,-62,-9,-56,-7,-61,-9,-60,-10,-61,-12,-54,-5,-56,-8,-52,-8,-50,-11,-46,-9,-41,-14,-41,-15,-33,-15,-33,-20,-27,-23,-25,-30,-18,-32,-18,-37,-13,-42,-12,-46,-16,-46,-14,-54,-13,-56,-13,-63,-16,-65,-15,-66,-18,-71,-18,-66,-20,-72,-20,-73,-20,-70,-20,-70,-18,-75,-23,-71,-30,-73,-21,-72,-32,-66,-33,-68,-35,-63,-37,-63,-27,-58,-30,-58,-24,-54,-29,-51,-25,-50,-30,-52,-27,-49,-26,-47,-27,-46,-28,-41,-27,-45,-24,-46,-25,-42,-25,-38,-26,-40,-33,0,0,0,0,0,0,0,0,0,0,0,0,0,0,0,0,0,0,0,0,0,0,16,43,8,44,5,42,6,45,6,45,5,44,8,44,8,46,5,52,8,53,-4,57,-4,60,-4,57,-7,55,-4,55,-14,50,-7,53,-11,54,-8,54,-12,49,-13,48,-7,48,-9,49,-6,42,-4,37,1,41,0,38,3,43,5,38,10,42,6,40,13,37,12,39,13,38,14,35,13,34,16,35,17,32,20,32,23,28,25,27,32,25,29,24,27,21,28,29,24,21,27,20,29,18,27,15,26,12,32,1,36,0,38,-1,43,-4,50,-4,51,-16,52,-12,0,0]",1
CSI_DATA,62423,1a:00:00:00:00:00,-37,11,1,0,1,1,1,0,0,0,1,-97,0,11,2,838136017,0,44,0,384,0,"[0,0,0,0,0,0,0,0,0,0,0,0,-10,-5,-10,-5,-10,-5,-9,-5,-9,-4,-9,-4,-9,-3,-8,-3,-8,-3,-8,-2,-7,-2,-7,-1,-6,0,-6,1,-7,2,-6,3,-7,4,-7,5,-8,6,-8,6,-9,7,-9,7,-10,7,-10,7,-11,7,-11,7,0,0,-11,7,-12,7,-12,7,-12,7,-12,7,-13,7,-13,6,-12,5,-13,5,-12,5,-12,5,-11,4,-11,4,-11,4,-11,4,-11,4,-11,3,-10,3,-10,3,-10,3,-9,3,-9,2,-9,2,-9,2,-10,2,-9,1,0,0,0,0,0,0,0,0,0,0,0,0,0,0,10,57,18,55,13,56,20,54,12,62,14,54,16,53,19,52,19,47,9,44,11,39,13,40,23,42,12,33,21,31,22,21,27,19,32,15,28,17,41,10,45,3,47,6,48,10,57,5,61,6,62,7,65,9,68,8,60,12,71,16,70,15,72,14,74,14,71,12,73,17,72,23,71,23,72,21,70,26,73,25,65,26,61,25,63,28,61,20,61,23,58,26,58,30,54,28,50,22,49,27,47,20,43,20,42,27,50,25,42,25,38,27,41,30,0,0,0,0,0,0,0,0,0,0,0,0,0,0,0,0,0,0,0,0,0,0,-23,-39,-27,-43,-19,-44,-18,-45,-16,-42,-16,-38,-18,-44,-20,-44,-20,-47,-23,-54,-20,-56,-17,-56,-9,-60,-6,-59,-5,-55,-4,-63,-6,-61,-6,-56,-9,-55,-5,-57,-4,-50,-2,-50,-4,-47,-9,-43,-6,-42,-7,-42,-14,-40,-18,-39,-15,-37,-18,-39,-22,-39,-21,-39,-22,-33,-23,-35,-26,-36,-25,-32,-27,-29,-30,-27,-28,-24,-30,-20,-33,-24,-34,-23,-36,-19,-40,-20,-31,-19,-36,-17,-32,-17,-39,-14,-37,-11,-38,-9,-36,-3,-37,4,-40,4,-40,12,-45,16,-46,17,-53,19,0,0]",1
CSI_DATA,62424,1a:00:00:00:00:00,-37,11,1,0,1,1,1,0,0,0,1,-97,0,11,2,838146052,0,44,0,384,0,"[0,0,0,0,0,0,0,0,0,0,0,0,8,5,8,5,8,5,7,5,7,4,7,4,7,4,6,3,6,3,6,2,6,2,5,1,5,0,5,-1,5,-2,6,-3,6,-4,6,-5,7,-5,7,-6,8,-6,9,-7,10,-6,10,-7,10,-6,10,-6,0,0,11,-6,11,-6,11,-7,11,-7,11,-6,12,-6,12,-5,11,-4,11,-4,11,-4,11,-5,11,-4,10,-4,10,-4,10,-4,10,-3,10,-3,9,-3,9,-3,8,-2,9,-2,8,-2,8,-2,8,-2,8,-2,8,-1,0,0,0,0,0,0,0,0,0,0,0,0,0,0,1,-56,-6,-58,-7,-52,1,-56,2,-56,1,-56,-7,-55,-3,-52,-3,-45,-6,-44,-7,-48,-9,-41,-10,-44,-10,-35,-14,-38,-16,-30,-20,-29,-22,-23,-29,-19,-31,-19,-37,-17,-42,-17,-43,-16,-47,-16,-51,-15,-60,-22,-54,-23,-63,-25,-59,-26,-58,-29,-63,-33,-62,-34,-59,-32,-60,-28,-59,-35,-62,-34,-62,-36,-59,-35,-56,-43,-59,-42,-54,-40,-50,-36,-53,-38,-48,-39,-50,-40,-50,-33,-40,-36,-44,-37,-37,-39,-41,-36,-39,-39,-31,-35,-33,-36,-33,-34,-31,-35,-31,-33,-31,-41,0,0,0,0,0,0,0,0,0,0,0,0,0,0,0,0,0,0,0,0,0,0,20,37,19,38,15,41,14,41,18,42,15,40,11,40,18,46,15,48,18,51,10,51,13,58,8,52,8,57,4,53,3,53,4,53,-1,56,2,51,-1,49,-2,47,1,48,-2,47,1,40,8,39,8,40,7,40,10,41,16,40,18,39,17,36,14,37,19,32,16,37,19,32,24,32,20,38,23,34,26,29,29,29,30,28,30,26,34,30,36,28,31,22,33,21,36,22,34,19,35,21,36,13,34,11,35,8,40,6,40,-1,40,-4,46,-5,46,0,0,0]",1
CSI_DATA,62425,1a:00:00:00:00:00,-38,11,1,0,1,1,1,0,0,0,1,-97,0,11,2,838166013,0,44,0,384,0,"[0,0,0,0,0,0,0,0,0,0,0,0,10,1,10,0,10,0,9,0,9,0,9,0,8,0,8,0,7,-1,7,-1,6,-1,6,-2,5,-2,4,-3,4,-4,4,-5,3,-6,4,-7,4,-8,4,-9,4,-10,5,-10,6,-11,6,-11,7,-11,7,-11,0,0,7,-11,7,-11,7,-11,8,-12,8,-11,9,-11,9,-10,9,-10,9,-9,9,-9,8,-9,8,-8,8,-8,7,-8,7,-7,7,-7,7,-7,7,-7,7,-6,6,-6,6,-6,6,-6,6,-6,5,-6,6,-6,6,-5,0,0,0,0,0,0,0,0,0,0,0,0,0,0,-32,-48,-38,-52,-36,-44,-33,-48,-41,-47,-32,-49,-33,-44,-33,-45,-32,-42,-28,-42,-31,-35,-34,-33,-31,-27,-35,-21,-30,-25,-30,-18,-29,-16,-29,-1,-35,-7,-37,0,-39,8,-44,14,-43,10,-48,13,-49,19,-54,18,-57,13,-64,19,-65,19,-70,13,-71,18,-72,18,-70,14,-68,16,-65,11,-69,13,-74,12,-71,8,-72,6,-69,2,-63,4,-63,-3,-68,4,-65,2,-56,4,-61,1,-59,-1,-55,0,-54,-2,-47,-3,-43,1,-47,3,-45,-5,-45,-1,-45,3,-43,-4,-47,-2,0,0,0,0,0,0,0,0,0,0,0,0,0,0,0,0,0,0,0,0,0,0,40,32,33,34,33,38,34,41,32,38,26,37,31,39,31,38,42,41,37,44,37,46,35,56,32,55,30,52,28,54,28,53,29,50,30,49,28,53,26,52,21,56,22,50,20,46,24,47,22,37,25,41,25,34,26,41,28,36,31,33,31,33,37,30,33,28,30,27,36,27,34,27,36,24,38,15,38,17,37,11,40,14,41,9,42,4,46,6,41,6,43,16,39,7,37,2,41,1,36,-5,34,-6,35,-8,35,-10,32,-22,32,-26,43,-27,40,-29,0,0]",1
CSI_DATA,62426,1a:00:00:00:00:00,-38,11,1,0,1,1,1,0,0,0,1,-97,0,11,2,838176027,0,44,0,384,0,"[0,0,0,0,0,0,0,0,0,0,0,0,-11,2,-11,2,-10,2,-10,2,-9,2,-9,2,-9,2,-8,1,-8,2,-7,2,-7,2,-6,2,-5,3,-4,3,-4,4,-3,5,-2,5,-2,6,-2,8,-2,8,-2,9,-2,10,-3,10,-3,11,-3,11,-3,11,0,0,-4,12,-4,11,-4,12,-4,12,-5,12,-5,12,-6,11,-6,11,-6,10,-6,9,-6,9,-5,9,-5,8,-5,8,-5,8,-5,8,-4,7,-4,7,-5,7,-4,6,-4,6,-4,6,-4,6,-3,6,-4,6,-4,6,0,0,0,0,0,0,0,0,0,0,0,0,0,0,52,34,49,31,45,35,42,37,51,36,48,38,46,33,47,34,42,30,40,27,35,27,42,24,33,26,29,21,35,11,30,10,31,6,38,-2,34,-3,30,-7,36,-13,37,-21,35,-26,43,-28,45,-30,49,-32,55,-37,59,-32,59,-32,54,-30,59,-29,60,-32,61,-35,63,-36,60,-33,68,-36,66,-30,65,-23,71,-15,67,-23,63,-21,59,-12,59,-19,54,-22,53,-16,48,-18,49,-10,48,-17,44,-13,48,-11,47,-13,46,-12,42,-14,42,-18,40,-12,42,-14,42,-12,0,0,0,0,0,0,0,0,0,0,0,0,0,0,0,0,0,0,0,0,0,0,-44,-22,-44,-20,-43,-23,-43,-30,-41,-27,-44,-29,-42,-30,-50,-31,-49,-30,-48,-33,-49,-39,-48,-43,-48,-45,-42,-43,-40,-42,-35,-42,-43,-44,-43,-42,-39,-40,-38,-45,-34,-45,-33,-43,-36,-37,-33,-34,-34,-35,-34,-29,-37,-31,-35,-29,-42,-24,-42,-27,-41,-24,-39,-22,-36,-18,-43,-18,-40,-20,-40,-11,-39,-11,-37,-7,-41,-4,-40,1,-42,-9,-39,-5,-42,7,-43,1,-41,6,-38,5,-46,3,-33,12,-37,17,-35,18,-31,23,-32,24,-31,26,-30,27,-32,37,-31,40,-31,40,0,0]",1
CSI_DATA,62427,1a:00:00:00:00:00,-38,11,1,0,1,1,1,0,0,0,1,-97,0,11,2,838196020,0,44,0,384,0,"[0,0,0,0,0,0,0,0,0,0,0,0,-8,9,-8,8,-8,8,-8,8,-7,7,-7,7,-7,7,-7,6,-6,6,-5,6,-5,5,-4,5,-3,5,-2,5,-1,5,1,5,1,6,2,6,3,6,4,7,4,8,4,9,4,10,4,11,4,11,4,11,0,0,4,11,4,11,4,11,4,12,4,12,3,12,3,12,2,12,1,12,1,11,2,11,2,10,1,10,1,10,1,10,1,9,1,9,1,9,1,8,1,8,0,8,1,8,1,8,1,8,1,8,0,8,0,0,0,0,0,0,0,0,0,0,0,0,0,0,56,-14,62,-17,60,-22,60,-19,60,-20,59,-18,55,-19,55,-16,56,-16,48,-22,44,-13,48,-12,47,-14,36,-16,37,-14,27,-18,27,-17,23,-24,16,-25,12,-29,7,-33,11,-40,8,-47,2,-50,7,-53,4,-63,11,-61,9,-67,15,-65,9,-63,16,-65,13,-62,10,-66,11,-69,17,-68,22,-68,14,-62,24,-65,22,-59,25,-63,22,-59,25,-56,24,-58,19,-54,20,-50,22,-56,23,-52,20,-49,19,-40,16,-47,15,-46,16,-44,17,-42,18,-42,18,-39,23,-41,27,-42,0,0,0,0,0,0,0,0,0,0,0,0,0,0,0,0,0,0,0,0,0,0,-36,30,-39,26,-44,22,-41,25,-44,21,-41,22,-42,21,-40,24,-45,27,-50,27,-54,22,-58,18,-60,19,-56,13,-58,14,-57,11,-54,13,-54,14,-56,11,-55,13,-52,6,-52,5,-49,7,-46,8,-43,8,-39,13,-38,13,-42,14,-40,16,-38,20,-33,24,-38,25,-35,23,-32,26,-30,27,-34,27,-26,27,-24,34,-28,30,-26,30,-22,33,-21,42,-15,40,-21,45,-21,42,-16,45,-15,37,-11,40,-9,36,-4,36,-7,36,0,35,3,40,9,47,14,46,14,52,14,59,0,0]",1
CSI_DATA,62428,1a:00:00:00:00:00,-38,11,1,0,1,1,1,0,0,0,1,-97,0,11,2,838206149,0,44,0,384,0,"[0,0,0,0,0,0,0,0,0,0,0,0,7,-9,7,-9,7,-8,6,-8,6,-8,6,-7,5,-7,5,-7,5,-6,4,-6,3,-6,3,-6,2,-6,1,-5,0,-6,-1,-6,-2,-6,-3,-7,-4,-7,-5,-8,-5,-9,-5,-9,-5,-10,-5,-11,-5,-11,-5,-11,0,0,-5,-12,-5,-12,-5,-12,-5,-12,-5,-12,-4,-12,-4,-12,-3,-12,-3,-12,-3,-12,-3,-11,-3,-11,-3,-11,-3,-10,-2,-10,-2,-10,-2,-10,-2,-9,-2,-9,-2,-9,-2,-9,-2,-8,-2,-9,-2,-8,-2,-9,-1,-8,0,0,0,0,0,0,0,0,0,0,0,0,0,0,-58,2,-61,-9,-55,-3,-62,-5,-63,1,-55,-3,-61,-7,-56,-6,-56,-3,-49,-4,-48,-2,-41,-1,-45,2,-41,2,-34,4,-32,8,-32,6,-30,16,-20,20,-21,24,-21,28,-16,31,-18,39,-17,44,-21,47,-21,55,-26,52,-26,57,-27,54,-32,54,-32,56,-36,52,-36,59,-30,55,-32,60,-35,51,-34,59,-41,53,-40,56,-36,49,-42,49,-40,46,-35,48,-37,47,-42,42,-37,46,-30,39,-39,42,-30,32,-34,33,-32,34,-32,34,-29,36,-33,32,-32,32,-30,32,-35,29,0,0,0,0,0,0,0,0,0,0,0,0,0,0,0,0,0,0,0,0,0,0,46,-18,39,-16,49,-12,40,-8,47,-9,42,-9,46,-12,49,-10,50,-8,56,-7,57,-3,62,2,60,2,59,5,61,9,56,5,50,7,60,5,53,5,55,11,54,8,54,13,48,8,47,4,41,3,43,-3,39,-7,39,-4,43,-8,42,-9,41,-12,38,-10,40,-9,38,-17,38,-21,41,-19,37,-19,36,-23,38,-22,34,-31,29,-23,31,-33,27,-27,36,-30,36,-29,30,-41,25,-34,25,-33,23,-35,24,-36,17,-31,16,-33,9,-38,5,-44,5,-47,2,-42,0,-59,0,0]",1
CSI_DATA,62429,1a:00:00:00:00:00,-38,11,1,0,1,1,1,0,0,0,1,-97,0,11,2,838216039,0,44,0,384,0,"[0,0,0,0,0,0,0,0,0,0,0,0,-5,9,-5,8,-5,9,-5,8,-4,8,-4,7,-4,7,-4,7,-3,6,-3,6,-2,5,-1,5,0,5,0,4,1,4,3,4,3,4,4,4,5,5,6,5,6,6,7,7,7,7,7,8,7,8,7,8,0,0,7,9,7,8,7,8,8,9,7,9,7,9,7,10,6,10,6,9,5,9,5,9,5,9,5,8,5,8,4,8,4,8,4,8,4,7,3,7,3,7,3,7,3,7,3,7,3,6,3,7,3,7,0,0,0,0,0,0,0,0,0,0,0,0,0,0,52,-15,49,-17,54,-18,51,-19,46,-23,50,-19,50,-22,50,-18,49,-17,49,-19,40,-17,32,-15,29,-18,25,-16,28,-17,23,-22,14,-25,12,-28,6,-33,1,-31,-1,-43,-5,-40,-5,-46,-3,-53,-5,-51,-6,-57,-2,-60,-4,-62,2,-65,-2,-61,-1,-64,0,-66,0,-62,3,-70,-1,-65,2,-71,3,-67,8,-70,7,-66,8,-66,8,-61,8,-61,12,-59,8,-69,8,-56,7,-53,11,-57,10,-49,10,-49,11,-48,9,-46,13,-40,8,-41,9,-42,12,-42,9,-41,13,-44,0,0,0,0,0,0,0,0,0,0,0,0,0,0,0,0,0,0,0,0,0,0,-38,30,-40,20,-42,23,-48,20,-42,21,-45,18,-46,18,-46,19,-49,24,-55,21,-59,18,-59,17,-63,17,-60,13,-64,12,-54,11,-55,8,-53,8,-60,7,-58,7,-56,5,-55,5,-44,7,-46,6,-44,4,-43,14,-38,14,-41,18,-40,17,-40,21,-36,23,-43,27,-36,24,-38,25,-33,28,-33,32,-34,30,-31,33,-35,35,-27,33,-27,36,-24,37,-27,38,-22,33,-21,40,-23,44,-24,36,-16,37,-17,37,-14,31,-8,37,-3,34,7,34,7,35,14,41,10,44,16,42,0,0]",1
CSI_DATA,62430,1a:00:00:00:00:00,-38,11,1,0,1,1,1,0,0,0,1,-97,0,11,2,838236033,0,44,0,384,0,"[0,0,0,0,0,0,0,0,0,0,0,0,-2,10,-2,10,-2,9,-2,9,-1,9,-1,9,-1,8,-1,8,-1,7,0,6,0,6,1,5,1,4,2,4,3,3,4,3,5,3,6,2,7,3,8,3,9,3,10,4,10,4,10,4,10,5,10,5,0,0,10,6,10,5,11,5,11,5,11,6,11,6,10,7,10,7,9,7,9,7,9,6,8,7,8,6,8,6,7,6,7,6,6,6,6,5,6,5,5,5,5,5,5,4,5,4,5,4,5,4,5,4,0,0,0,0,0,0,0,0,0,0,0,0,0,0,53,-28,45,-31,47,-25,50,-31,53,-29,51,-27,49,-22,54,-27,46,-25,38,-28,41,-25,34,-21,32,-19,28,-24,25,-26,18,-26,13,-29,6,-25,7,-31,3,-32,-5,-37,-10,-40,-14,-42,-15,-47,-13,-56,-10,-62,-11,-62,-10,-64,-10,-67,-11,-69,-7,-62,-7,-68,-8,-64,-11,-72,-6,-73,-10,-73,-8,-74,-5,-72,-3,-70,0,-72,6,-63,-1,-63,5,-66,3,-65,4,-63,6,-55,8,-55,8,-57,12,-54,8,-44,9,-44,5,-42,4,-46,3,-42,3,-42,-1,-40,4,-44,0,0,0,0,0,0,0,0,0,0,0,0,0,0,0,0,0,0,0,0,0,0,-41,30,-44,26,-44,23,-50,20,-44,24,-46,23,-43,18,-48,21,-51,21,-55,28,-56,23,-62,20,-66,15,-64,13,-59,13,-58,15,-60,13,-58,13,-59,14,-61,8,-57,0,-54,6,-48,7,-49,7,-44,14,-42,14,-40,14,-41,19,-35,18,-41,26,-35,23,-39,25,-34,27,-31,29,-36,32,-30,32,-33,27,-29,33,-23,35,-26,38,-23,36,-21,39,-16,42,-18,45,-19,45,-15,32,-19,37,-10,39,-12,39,-14,32,-3,38,10,36,7,38,15,37,18,40,19,47,15,44,0,0]",1
CSI_DATA,62431,1a:00:00:00:00:00,-38,11,1,0,1,1,1,0,0,0,1,-97,0,11,2,838246012,0,44,0,384,0,"[0,0,0,0,0,0,0,0,0,0,0,0,-3,-11,-3,-10,-3,-10,-3,-10,-3,-10,-3,-9,-3,-9,-3,-8,-3,-8,-3,-7,-3,-6,-3,-5,-4,-5,-4,-4,-5,-3,-6,-3,-6,-2,-7,-1,-8,-1,-9,-1,-10,-1,-11,-1,-12,-2,-12,-2,-12,-2,-12,-2,0,0,-12,-2,-12,-2,-13,-2,-13,-2,-13,-3,-13,-3,-13,-4,-13,-4,-12,-5,-12,-5,-11,-4,-11,-5,-11,-5,-10,-4,-10,-5,-9,-4,-9,-5,-8,-4,-8,-4,-8,-4,-7,-4,-7,-3,-8,-3,-7,-3,-8,-3,-7,-3,0,0,0,0,0,0,0,0,0,0,0,0,0,0,-33,49,-33,47,-25,54,-27,48,-32,51,-35,53,-29,46,-31,52,-28,39,-23,43,-22,44,-18,41,-19,38,-15,36,-10,33,-5,30,-7,29,6,26,6,30,13,23,22,31,28,30,28,29,32,31,37,35,39,39,40,43,43,46,44,52,38,49,40,49,41,49,39,52,45,49,43,54,45,53,45,58,39,61,37,62,33,57,32,58,33,56,28,57,27,54,29,50,29,51,21,50,22,47,20,43,21,45,19,42,18,38,16,34,14,38,19,30,19,39,22,39,0,0,0,0,0,0,0,0,0,0,0,0,0,0,0,0,0,0,0,0,0,0,18,-50,28,-50,24,-42,28,-46,27,-43,28,-43,25,-42,30,-40,26,-44,28,-50,36,-54,39,-47,40,-47,38,-43,44,-49,33,-44,39,-48,41,-43,42,-42,40,-38,41,-41,43,-35,43,-34,33,-31,32,-33,28,-34,24,-35,23,-37,20,-37,18,-31,16,-36,15,-41,12,-42,8,-39,9,-43,8,-42,6,-43,1,-43,-1,-41,-5,-39,-3,-40,-7,-37,-13,-43,-8,-46,-9,-47,-15,-43,-16,-39,-16,-40,-11,-38,-17,-35,-24,-28,-22,-27,-27,-23,-33,-26,-36,-24,-38,-23,-46,-33,0,0]",1
CSI_DATA,62432,1a:00:00:00:00:00,-38,11,1,0,1,1,1,0,0,0,1,-97,0,11,2,838256012,0,44,0,384,0,"[0,0,0,0,0,0,0,0,0,0,0,0,5,9,4,10,4,9,4,9,4,9,4,8,3,8,3,7,3,7,3,6,3,5,3,4,3,3,4,2,4,1,5,0,6,0,6,-1,7,-1,8,-1,9,-2,10,-1,11,-1,11,-1,12,-1,11,-1,0,0,12,0,12,-1,12,-1,12,-1,13,0,13,0,13,1,12,1,12,1,11,1,11,1,11,2,11,2,10,2,10,2,10,2,9,2,8,2,8,2,7,2,7,2,7,2,7,1,7,1,7,1,7,2,0,0,0,0,0,0,0,0,0,0,0,0,0,0,28,-52,30,-51,28,-50,30,-52,33,-53,24,-53,28,-51,29,-48,26,-48,22,-52,22,-43,23,-40,19,-43,13,-35,9,-39,-1,-32,1,-33,-1,-32,-13,-29,-11,-33,-19,-31,-26,-34,-28,-35,-27,-39,-36,-40,-36,-48,-36,-46,-38,-53,-40,-54,-39,-50,-36,-50,-39,-57,-38,-57,-39,-52,-38,-55,-36,-58,-37,-61,-32,-64,-29,-64,-25,-67,-28,-61,-28,-58,-23,-62,-28,-57,-23,-62,-23,-53,-20,-53,-22,-53,-12,-50,-12,-46,-13,-50,-9,-44,-10,-45,-10,-43,-14,-39,-13,-44,-8,-46,0,0,0,0,0,0,0,0,0,0,0,0,0,0,0,0,0,0,0,0,0,0,2,52,-5,47,-7,50,-13,49,-14,51,-10,48,-9,49,-15,56,-16,56,-12,58,-13,58,-17,61,-22,62,-28,56,-29,57,-29,57,-28,54,-28,50,-31,52,-30,51,-32,51,-33,48,-30,43,-26,41,-25,40,-19,40,-13,45,-20,43,-13,43,-12,46,-11,51,-7,45,-6,42,-4,41,-4,43,-3,45,2,45,6,42,8,41,6,40,11,42,14,40,14,42,14,43,16,45,17,41,14,41,20,39,23,39,21,34,24,24,27,21,36,27,40,22,44,27,46,19,42,21,0,0]",1
CSI_DATA,62433,1a:00:00:00:00:00,-38,11,1,0,1,1,1,0,0,0,1,-97,0,11,2,838276016,0,44,0,384,0,"[0,0,0,0,0,0,0,0,0,0,0,0,8,5,8,4,8,4,8,4,8,4,7,4,7,4,7,4,6,3,6,3,5,2,5,1,5,0,5,-1,4,-2,4,-3,5,-4,5,-5,5,-6,6,-6,7,-6,8,-7,9,-7,9,-7,9,-7,9,-7,0,0,9,-6,9,-7,9,-7,10,-8,10,-7,11,-7,11,-6,11,-5,10,-5,10,-5,10,-5,10,-5,9,-5,9,-4,9,-5,9,-4,9,-4,8,-4,8,-3,7,-3,7,-3,7,-3,7,-3,7,-3,7,-3,7,-2,0,0,0,0,0,0,0,0,0,0,0,0,0,0,-15,-60,-13,-53,-22,-57,-13,-57,-14,-53,-14,-56,-13,-60,-15,-48,-14,-46,-11,-50,-15,-46,-16,-48,-14,-41,-11,-40,-19,-29,-14,-25,-16,-23,-20,-17,-24,-14,-31,-13,-37,-10,-41,-3,-44,-7,-53,-8,-51,-12,-57,-7,-58,-12,-59,-8,-64,-12,-61,-14,-63,-14,-55,-13,-61,-14,-64,-10,-66,-15,-67,-14,-69,-22,-67,-23,-65,-29,-61,-24,-60,-28,-60,-22,-59,-20,-59,-18,-53,-21,-55,-22,-46,-23,-47,-21,-40,-24,-45,-26,-42,-25,-38,-22,-39,-23,-39,-22,-40,-23,-42,-18,-40,-23,0,0,0,0,0,0,0,0,0,0,0,0,0,0,0,0,0,0,0,0,0,0,30,36,21,39,27,44,23,44,24,43,25,41,21,45,27,45,25,50,27,50,27,61,25,62,24,59,19,59,14,64,9,64,15,62,12,59,7,62,11,58,7,60,6,54,9,55,10,47,15,48,15,50,14,40,13,46,19,42,18,42,22,42,21,37,19,40,20,40,27,44,23,35,32,35,29,34,32,30,34,32,29,27,37,26,32,29,40,24,33,24,34,32,30,25,30,22,33,11,32,10,33,5,33,1,35,-6,39,-4,42,-10,46,-8,48,-6,0,0]",1
CSI_DATA,62434,1a:00:00:00:00:00,-38,11,1,0,1,1,1,0,0,0,1,-97,0,11,2,838286021,0,44,0,384,0,"[0,0,0,0,0,0,0,0,0,0,0,0,-11,-3,-11,-3,-10,-3,-10,-3,-10,-3,-10,-3,-9,-3,-8,-3,-8,-2,-7,-2,-7,-1,-6,-1,-6,0,-5,1,-5,2,-5,3,-5,4,-5,5,-5,6,-6,7,-6,7,-7,8,-8,8,-8,8,-9,8,-9,8,0,0,-9,8,-9,8,-9,8,-9,9,-9,9,-10,8,-10,8,-10,7,-10,7,-10,6,-10,6,-9,6,-9,6,-9,6,-9,5,-9,5,-8,5,-8,5,-8,4,-8,4,-7,4,-7,4,-7,4,-7,4,-8,4,-8,4,0,0,0,0,0,0,0,0,0,0,0,0,0,0,24,53,21,52,22,47,20,51,23,51,18,47,23,50,22,47,20,49,19,41,24,40,18,40,22,36,19,32,18,25,23,18,23,14,24,8,26,11,27,-3,35,-6,41,0,45,-7,47,-5,48,-4,62,-5,65,-2,59,1,69,-1,62,-1,67,-3,65,0,66,2,63,0,67,-2,65,4,65,4,69,10,63,6,67,6,60,10,61,3,55,8,58,5,52,11,54,7,51,9,59,8,50,8,46,12,45,11,42,12,44,9,41,12,45,2,43,8,44,15,0,0,0,0,0,0,0,0,0,0,0,0,0,0,0,0,0,0,0,0,0,0,-28,-40,-28,-42,-23,-45,-17,-45,-21,-44,-24,-43,-23,-43,-25,-47,-24,-55,-27,-55,-25,-62,-20,-59,-20,-61,-20,-65,-8,-63,-11,-63,-14,-58,-9,-61,-13,-54,-4,-58,-7,-54,-4,-55,-5,-49,-11,-46,-13,-42,-14,-43,-18,-37,-20,-38,-24,-41,-23,-38,-22,-38,-26,-37,-21,-37,-26,-32,-26,-33,-30,-37,-32,-33,-32,-26,-31,-29,-34,-26,-36,-25,-32,-21,-36,-24,-38,-19,-37,-20,-32,-21,-33,-15,-35,-15,-31,-10,-30,-6,-37,1,-32,3,-37,9,-31,12,-44,12,-44,15,-45,17,0,0]",1
CSI_DATA,62435,1a:00:00:00:00:00,-38,11,1,0,1,1,1,0,0,0,1,-97,0,11,2,838296029,0,44,0,384,0,"[0,0,0,0,0,0,0,0,0,0,0,0,10,-1,10,-1,9,-1,9,-1,9,-1,9,-1,8,-1,8,-1,7,-1,6,-1,5,-2,5,-2,4,-3,3,-3,2,-4,2,-5,2,-7,1,-8,2,-9,2,-10,2,-10,3,-11,4,-12,4,-12,4,-12,4,-12,0,0,5,-12,5,-12,5,-12,5,-12,5,-12,6,-12,7,-11,7,-11,7,-11,6,-10,6,-10,6,-10,6,-9,5,-9,5,-9,5,-8,5,-8,5,-8,5,-7,5,-7,4,-7,4,-7,4,-7,4,-7,4,-7,5,-7,0,0,0,0,0,0,0,0,0,0,0,0,0,0,-35,-44,-38,-46,-40,-45,-37,-38,-40,-42,-37,-37,-36,-42,-32,-38,-36,-39,-37,-34,-34,-36,-33,-30,-29,-28,-28,-19,-32,-13,-28,-12,-27,-5,-27,1,-28,3,-30,7,-34,12,-33,23,-41,23,-45,25,-50,32,-58,29,-57,27,-57,29,-61,29,-64,24,-62,26,-63,26,-65,23,-63,32,-66,25,-71,22,-70,23,-65,20,-67,19,-66,14,-64,13,-61,14,-59,12,-57,19,-54,13,-55,15,-49,9,-52,9,-44,8,-49,7,-42,9,-45,8,-44,9,-48,10,-40,12,-45,16,-44,6,0,0,0,0,0,0,0,0,0,0,0,0,0,0,0,0,0,0,0,0,0,0,36,32,32,39,30,45,29,42,29,41,25,37,24,40,29,42,36,45,33,47,31,55,29,56,33,61,26,62,23,59,21,57,21,54,21,57,20,57,19,57,16,51,12,48,11,45,15,41,17,39,21,35,18,36,26,33,27,32,30,27,33,26,29,29,29,26,35,26,37,33,38,22,37,25,36,21,36,19,40,15,35,13,40,11,40,6,42,11,42,0,33,11,40,4,39,-2,32,-3,38,-8,28,-11,35,-15,26,-18,33,-22,34,-32,36,-38,41,-31,0,0]",1
CSI_DATA,62436,1a:00:00:00:00:00,-38,11,1,0,1,1,1,0,0,0,1,-97,0,11,2,838306031,0,44,0,384,0,"[0,0,0,0,0,0,0,0,0,0,0,0,-10,3,-10,3,-9,3,-9,3,-9,2,-9,3,-8,3,-8,2,-7,2,-6,2,-6,3,-5,3,-4,3,-3,4,-2,4,-1,5,-1,6,0,7,1,8,1,9,0,10,0,11,0,11,0,12,-1,12,-1,12,0,0,-1,12,-1,12,-1,12,-1,13,-2,13,-2,13,-3,12,-3,12,-3,12,-4,11,-3,11,-3,10,-3,9,-3,9,-3,9,-3,9,-3,8,-3,8,-3,8,-3,7,-2,7,-2,7,-2,7,-2,7,-3,7,-3,7,0,0,0,0,0,0,0,0,0,0,0,0,0,0,55,22,48,36,51,35,44,35,49,26,45,32,47,28,46,27,45,20,42,24,37,24,37,16,39,13,33,8,34,3,29,1,32,-4,26,-5,29,-15,24,-20,29,-26,26,-30,33,-39,35,-39,38,-43,44,-49,45,-46,48,-46,52,-51,54,-50,47,-47,55,-51,51,-42,57,-54,54,-49,58,-46,56,-44,61,-45,60,-39,62,-37,58,-35,57,-38,55,-35,48,-33,49,-33,50,-31,48,-30,45,-28,49,-29,43,-24,37,-23,37,-26,38,-28,35,-26,34,-24,40,-21,40,-24,0,0,0,0,0,0,0,0,0,0,0,0,0,0,0,0,0,0,0,0,0,0,-46,-21,-47,-26,-44,-24,-45,-27,-43,-27,-42,-28,-41,-30,-45,-26,-50,-29,-49,-30,-51,-40,-49,-40,-47,-44,-52,-46,-41,-43,-39,-45,-41,-50,-40,-43,-39,-47,-41,-47,-39,-44,-36,-44,-29,-38,-32,-38,-29,-35,-35,-31,-34,-25,-35,-19,-33,-22,-39,-19,-36,-20,-42,-20,-39,-12,-48,-13,-37,-10,-42,-13,-44,-8,-45,-9,-42,-7,-45,0,-44,2,-40,0,-44,5,-42,8,-41,4,-39,16,-37,9,-37,7,-35,18,-35,17,-26,24,-25,30,-26,30,-24,32,-22,44,-23,42,-28,44,0,0]",1
CSI_DATA,62437,1a:00:00:00:00:00,-38,11,1,0,1,1,1,0,0,0,1,-97,0,11,2,838316013,0,44,0,384,0,"[0,0,0,0,0,0,0,0,0,0,0,0,8,-7,7,-7,7,-7,7,-6,7,-6,6,-6,6,-6,5,-6,5,-6,4,-5,3,-5,2,-5,1,-5,0,-5,-1,-5,-2,-6,-2,-6,-3,-7,-5,-7,-5,-8,-5,-9,-6,-10,-5,-11,-5,-11,-5,-12,-5,-12,0,0,-5,-12,-5,-12,-5,-12,-5,-13,-5,-13,-4,-13,-4,-13,-3,-13,-3,-13,-2,-12,-3,-11,-2,-11,-2,-10,-3,-10,-2,-10,-2,-10,-2,-9,-2,-9,-2,-8,-2,-8,-2,-8,-2,-8,-3,-8,-2,-8,-2,-8,-2,-8,0,0,0,0,0,0,0,0,0,0,0,0,0,0,-66,-11,-64,-8,-57,-10,-65,-13,-56,-3,-60,-9,-59,-9,-54,-8,-54,-9,-52,-2,-51,-4,-45,-5,-39,0,-36,2,-34,5,-30,6,-28,13,-23,13,-18,21,-17,26,-14,36,-10,35,-13,47,-19,51,-22,53,-20,60,-18,66,-25,63,-27,61,-29,67,-28,64,-28,65,-32,65,-23,67,-30,66,-29,67,-36,65,-39,60,-35,66,-38,58,-42,54,-37,53,-37,56,-28,54,-37,50,-31,52,-32,43,-30,46,-28,38,-30,36,-25,41,-22,33,-25,39,-25,42,-22,36,-23,38,-29,39,0,0,0,0,0,0,0,0,0,0,0,0,0,0,0,0,0,0,0,0,0,0,47,3,50,3,52,12,45,13,48,13,48,9,50,9,53,12,56,12,58,10,58,12,62,16,64,27,58,20,57,27,58,28,59,24,57,17,61,19,56,28,48,32,50,26,48,25,43,18,43,19,43,18,40,9,45,10,45,2,45,6,47,4,43,3,43,-2,49,-4,46,-4,41,-4,45,-10,38,-11,41,-14,40,-16,33,-19,38,-27,38,-25,39,-27,33,-24,40,-31,30,-24,27,-31,22,-27,20,-26,16,-35,14,-40,11,-36,6,-45,6,-52,3,-51,4,-55,0,0]",1
CSI_DATA,62438,1a:00:00:00:00:00,-38,11,1,0,1,1,1,0,0,0,1,-97,0,11,2,838326036,0,44,0,384,0,"[0,0,0,0,0,0,0,0,0,0,0,0,-8,8,-7,7,-7,8,-7,8,-7,7,-7,7,-6,6,-6,6,-6,6,-5,5,-4,5,-3,5,-3,5,-1,5,0,5,1,5,2,5,3,6,4,7,4,7,5,8,5,9,5,10,5,11,5,11,4,11,0,0,4,11,5,11,4,11,4,12,4,12,4,13,3,12,2,12,2,12,2,12,2,11,1,11,1,10,1,10,1,10,1,9,1,9,1,8,0,8,1,8,0,8,1,8,1,8,1,8,0,8,0,8,0,0,0,0,0,0,0,0,0,0,0,0,0,0,60,3,54,-6,53,-7,55,-1,59,-10,64,-8,55,-7,56,-2,50,-5,52,-7,46,-8,38,-5,39,-5,34,-6,27,-11,30,-9,28,-14,26,-20,16,-22,13,-24,11,-29,10,-38,11,-42,5,-46,11,-49,12,-55,12,-61,20,-61,14,-62,17,-64,20,-63,17,-59,25,-66,16,-64,21,-63,19,-68,22,-65,26,-66,28,-64,27,-60,32,-58,31,-57,29,-57,27,-52,24,-51,28,-51,27,-45,21,-47,26,-42,16,-40,24,-43,19,-36,16,-36,23,-37,18,-38,17,-37,28,-39,0,0,0,0,0,0,0,0,0,0,0,0,0,0,0,0,0,0,0,0,0,0,-50,17,-48,16,-53,11,-48,6,-52,6,-46,11,-47,11,-45,11,-53,8,-53,11,-57,6,-63,6,-62,-1,-63,0,-55,-4,-60,-3,-59,1,-61,0,-57,-4,-59,-8,-54,-8,-55,-7,-53,-5,-49,-4,-44,-4,-43,4,-47,5,-47,3,-53,8,-47,9,-46,12,-38,11,-42,17,-42,16,-42,16,-40,19,-37,19,-35,22,-35,21,-35,23,-32,28,-29,27,-28,30,-25,36,-22,32,-27,29,-24,31,-24,29,-26,36,-18,30,-10,35,-6,34,0,33,-6,41,4,47,5,49,5,49,0,0]",1
CSI_DATA,62439,1a:00:00:00:00:00,-38,11,1,0,1,1,1,0,0,0,1,-97,0,11,2,838336035,0,44,0,384,0,"[0,0,0,0,0,0,0,0,0,0,0,0,3,-11,3,-11,2,-11,3,-10,3,-10,2,-10,2,-9,2,-9,2,-8,1,-8,0,-7,0,-7,-1,-6,-2,-6,-3,-6,-4,-5,-5,-5,-6,-5,-7,-6,-8,-6,-9,-7,-9,-7,-10,-8,-10,-9,-10,-9,-9,-9,0,0,-9,-10,-10,-10,-10,-10,-10,-10,-9,-10,-9,-11,-9,-11,-8,-11,-8,-11,-7,-11,-7,-11,-7,-10,-7,-10,-7,-10,-6,-10,-5,-9,-5,-9,-5,-9,-5,-8,-5,-8,-5,-8,-5,-8,-5,-8,-5,-7,-5,-8,-5,-8,0,0,0,0,0,0,0,0,0,0,0,0,0,0,-52,28,-53,31,-47,24,-53,28,-49,30,-46,23,-47,27,-47,27,-48,23,-47,27,-41,23,-33,20,-34,23,-29,23,-21,23,-21,27,-19,23,-12,24,-9,25,-1,27,2,37,6,36,6,42,9,48,10,50,9,56,5,59,7,64,7,62,4,63,3,65,5,70,-1,58,3,68,7,70,3,66,1,69,-3,70,1,71,-3,60,-6,57,-5,60,-10,57,-8,59,-6,55,-4,55,-5,55,-10,53,-5,47,-7,44,-9,42,-11,42,-2,46,-5,42,-7,45,-6,42,-9,40,0,0,0,0,0,0,0,0,0,0,0,0,0,0,0,0,0,0,0,0,0,0,36,-28,38,-25,39,-28,45,-22,41,-22,38,-24,39,-19,42,-25,45,-23,54,-27,54,-26,54,-23,54,-21,56,-22,59,-18,53,-15,55,-21,55,-17,57,-16,53,-16,60,-11,53,-9,48,-10,49,-13,44,-16,43,-17,41,-17,41,-19,37,-21,41,-24,38,-22,40,-23,36,-25,38,-28,32,-30,30,-27,32,-30,28,-29,27,-31,21,-33,17,-43,16,-33,20,-40,12,-37,15,-39,17,-33,9,-33,6,-37,7,-37,0,-33,-2,-33,-8,-36,-9,-32,-10,-35,-19,-38,-22,-42,-16,-44,0,0]",1
CSI_DATA,62440,1a:00:00:00:00:00,-37,11,1,0,1,1,1,0,0,0,1,-97,0,11,2,838367601,0,44,0,384,0,"[0,0,0,0,0,0,0,0,0,0,0,0,-11,1,-10,1,-10,1,-10,1,-10,1,-9,2,-9,1,-9,1,-8,2,-7,2,-7,2,-6,3,-6,3,-5,4,-5,5,-4,5,-4,6,-4,7,-4,8,-4,9,-5,10,-5,10,-6,11,-6,11,-6,11,-6,11,0,0,-7,11,-7,11,-7,11,-7,11,-7,10,-8,10,-8,10,-8,10,-8,9,-8,9,-8,9,-8,8,-7,8,-7,8,-7,7,-7,7,-7,7,-7,6,-7,6,-6,6,-7,5,-6,5,-6,5,-6,5,-7,5,-6,5,0,0,0,0,0,0,0,0,0,0,0,0,0,0,46,35,46,33,44,35,45,30,48,34,51,35,44,32,43,39,39,33,38,27,41,19,38,25,39,19,41,19,36,14,35,7,38,1,38,1,38,-2,32,-7,42,-18,45,-21,49,-18,48,-25,52,-26,58,-25,63,-25,66,-25,68,-23,68,-25,65,-21,72,-19,65,-26,70,-27,70,-22,73,-21,69,-14,68,-14,69,-15,72,-9,66,-7,70,-7,68,-6,65,-7,59,-5,60,-7,52,0,54,-3,49,-1,51,-4,52,-3,41,-1,47,-7,49,1,48,-1,46,-1,44,0,0,0,0,0,0,0,0,0,0,0,0,0,0,0,0,0,0,0,0,0,0,0,-41,-19,-36,-25,-35,-25,-38,-25,-36,-21,-35,-23,-37,-24,-41,-25,-44,-26,-45,-28,-48,-36,-41,-35,-45,-42,-38,-41,-39,-42,-38,-38,-39,-44,-35,-42,-36,-38,-33,-39,-31,-42,-32,-42,-26,-31,-30,-33,-29,-26,-33,-28,-31,-28,-36,-26,-36,-24,-36,-21,-36,-18,-41,-19,-38,-19,-40,-15,-40,-12,-41,-14,-35,-12,-35,-11,-37,-7,-42,-5,-41,0,-42,2,-40,0,-43,5,-40,2,-42,1,-42,4,-35,9,-41,10,-33,14,-29,17,-25,23,-26,23,-29,30,-30,31,-33,40,-29,41,0,0]",1
CSI_DATA,62441,1a:00:00:00:00:00,-37,11,1,0,1,1,1,0,0,0,1,-97,0,11,2,838376043,0,44,0,384,0,"[0,0,0,0,0,0,0,0,0,0,0,0,-11,-3,-11,-3,-10,-3,-10,-3,-10,-3,-10,-3,-10,-2,-9,-2,-8,-2,-8,-1,-8,-1,-8,0,-7,0,-7,1,-6,2,-6,3,-6,4,-6,5,-7,6,-8,7,-8,7,-9,8,-10,8,-10,8,-11,8,-11,8,0,0,-11,7,-11,8,-11,7,-11,8,-12,7,-12,7,-12,6,-12,5,-12,5,-12,5,-11,5,-11,4,-11,4,-10,4,-10,3,-10,3,-10,3,-9,3,-9,3,-9,2,-9,2,-8,2,-8,2,-8,2,-8,2,-8,2,0,0,0,0,0,0,0,0,0,0,0,0,0,0,22,52,24,54,19,51,19,55,27,56,21,49,20,51,23,45,21,43,23,41,22,41,14,44,23,37,21,30,23,33,26,24,27,23,30,17,31,12,33,14,44,9,40,5,53,-1,56,6,56,6,63,2,65,5,71,9,67,8,68,11,67,15,67,15,67,16,70,12,71,19,66,21,74,19,70,29,67,26,63,27,54,24,59,23,57,26,56,22,53,21,47,24,52,27,47,23,42,24,44,23,37,25,40,24,37,19,37,16,40,21,38,20,33,24,0,0,0,0,0,0,0,0,0,0,0,0,0,0,0,0,0,0,0,0,0,0,-31,-30,-26,-34,-29,-34,-24,-36,-24,-34,-23,-35,-27,-33,-30,-39,-31,-40,-33,-42,-29,-48,-23,-49,-29,-54,-26,-53,-25,-51,-21,-54,-21,-54,-20,-51,-22,-51,-13,-52,-11,-52,-11,-50,-10,-45,-15,-41,-13,-42,-20,-37,-22,-34,-25,-38,-22,-35,-27,-32,-22,-34,-29,-33,-30,-33,-30,-30,-31,-28,-29,-27,-33,-25,-32,-23,-38,-19,-37,-15,-37,-17,-40,-15,-41,-15,-41,-9,-43,-13,-37,-16,-42,-15,-44,-13,-38,-6,-40,-6,-34,3,-33,6,-34,9,-38,13,-43,17,-46,22,-50,24,0,0]",1
CSI_DATA,62442,1a:00:00:00:00:00,-38,11,1,0,1,1,1,0,0,0,1,-97,0,11,2,838396024,0,44,0,384,0,"[0,0,0,0,0,0,0,0,0,0,0,0,-11,2,-11,2,-10,2,-10,2,-10,2,-9,2,-9,2,-8,2,-8,2,-7,2,-7,2,-6,2,-5,3,-4,3,-3,4,-3,5,-2,6,-2,7,-2,8,-2,9,-2,9,-3,10,-3,11,-3,11,-4,11,-4,11,0,0,-4,11,-4,11,-4,11,-4,12,-4,11,-5,12,-5,11,-5,10,-6,10,-6,10,-6,9,-5,9,-5,9,-5,8,-6,8,-5,8,-5,7,-5,7,-5,7,-4,6,-4,6,-4,6,-4,6,-4,6,-4,6,-5,6,0,0,0,0,0,0,0,0,0,0,0,0,0,0,50,32,50,40,51,37,41,37,47,29,47,31,44,30,43,31,46,33,43,25,40,22,35,20,40,17,36,13,35,12,34,10,31,8,34,5,30,-14,30,-6,34,-16,35,-25,39,-26,45,-24,46,-30,49,-33,53,-32,58,-28,57,-31,59,-30,57,-28,61,-29,58,-30,58,-28,59,-30,63,-25,63,-26,66,-25,66,-21,61,-21,60,-21,61,-22,62,-19,58,-17,48,-14,51,-14,50,-10,53,-13,45,-9,42,-10,41,-10,40,-10,39,-10,39,-11,39,-13,42,-10,43,-6,0,0,0,0,0,0,0,0,0,0,0,0,0,0,0,0,0,0,0,0,0,0,-45,-7,-46,-11,-40,-13,-40,-14,-39,-14,-44,-16,-44,-12,-46,-11,-48,-16,-54,-16,-52,-21,-53,-21,-54,-28,-58,-29,-52,-35,-47,-30,-52,-31,-46,-31,-47,-32,-43,-37,-43,-35,-42,-33,-40,-35,-43,-28,-35,-26,-41,-21,-38,-17,-41,-14,-39,-17,-42,-20,-44,-12,-39,-8,-42,-10,-44,-5,-42,-5,-43,-6,-46,-8,-42,-1,-42,3,-45,6,-42,2,-44,10,-43,3,-47,9,-47,7,-39,11,-35,15,-37,14,-35,17,-35,17,-36,24,-28,28,-33,32,-28,34,-33,44,-33,40,-29,40,0,0]",1
CSI_DATA,62443,1a:00:00:00:00:00,-37,11,1,0,1,1,1,0,0,0,1,-97,0,11,2,838406015,0,44,0,384,0,"[0,0,0,0,0,0,0,0,0,0,0,0,9,-6,9,-6,9,-6,8,-5,8,-6,8,-5,7,-5,7,-5,6,-5,6,-5,5,-5,4,-5,3,-5,2,-5,1,-6,0,-6,0,-7,-1,-8,-2,-8,-2,-10,-2,-10,-2,-12,-1,-12,-1,-12,-1,-13,-1,-13,0,0,-1,-13,-1,-13,-1,-13,-1,-13,0,-13,0,-14,0,-13,1,-13,2,-13,1,-12,1,-12,1,-11,1,-11,1,-11,2,-10,2,-10,1,-10,1,-9,1,-9,1,-8,1,-8,1,-8,1,-8,1,-8,1,-8,1,-8,0,0,0,0,0,0,0,0,0,0,0,0,0,0,-61,-26,-50,-24,-60,-19,-60,-22,-60,-24,-51,-25,-53,-23,-52,-19,-49,-18,-45,-15,-45,-20,-43,-12,-42,-16,-42,-13,-34,-11,-32,-6,-34,3,-28,7,-36,11,-29,12,-32,20,-29,25,-36,35,-35,34,-43,39,-45,41,-45,39,-48,38,-51,41,-51,43,-52,44,-53,41,-56,41,-51,49,-53,41,-53,42,-56,41,-54,39,-63,34,-62,37,-60,32,-57,33,-59,28,-55,29,-54,26,-56,27,-48,21,-49,24,-44,22,-45,17,-41,19,-36,15,-40,18,-39,17,-37,20,-39,16,-39,12,0,0,0,0,0,0,0,0,0,0,0,0,0,0,0,0,0,0,0,0,0,0,44,-7,48,-1,44,0,44,2,47,1,42,-2,43,-2,46,-5,54,3,56,-1,56,5,59,10,59,12,56,15,59,15,53,15,64,12,62,16,60,17,56,20,59,22,52,23,49,20,42,23,44,20,42,13,47,10,41,8,43,7,49,3,42,-1,44,2,43,-2,46,-1,46,-5,45,-4,48,-4,46,-8,44,-8,44,-9,40,-13,40,-21,40,-20,41,-20,38,-18,38,-18,34,-22,29,-23,28,-25,28,-28,28,-30,25,-35,20,-37,14,-41,19,-48,15,-46,17,-56,0,0]",1
CSI_DATA,62444,1a:00:00:00:00:00,-37,11,1,0,1,1,1,0,0,0,1,-97,0,11,2,838416446,0,44,0,384,0,"[0,0,0,0,0,0,0,0,0,0,0,0,-11,2,-11,2,-11,2,-11,2,-10,2,-10,2,-10,1,-9,1,-9,1,-8,2,-7,2,-6,2,-6,2,-4,3,-4,4,-3,5,-3,6,-3,7,-2,7,-3,9,-3,9,-3,10,-4,10,-4,11,-5,11,-5,11,0,0,-5,11,-5,11,-5,11,-5,11,-5,11,-6,11,-7,11,-7,10,-7,10,-7,10,-7,10,-6,9,-6,9,-6,8,-7,8,-7,8,-6,7,-6,6,-6,6,-6,6,-6,6,-5,6,-5,6,-5,6,-5,6,-6,5,0,0,0,0,0,0,0,0,0,0,0,0,0,0,43,33,43,32,46,36,50,34,47,33,46,30,43,30,47,31,43,29,40,29,41,28,38,24,35,22,34,20,32,17,31,10,28,11,28,1,32,-3,28,-7,32,-13,36,-15,39,-23,40,-24,45,-27,50,-29,54,-24,61,-28,59,-23,57,-30,54,-25,63,-22,61,-22,59,-28,60,-26,65,-26,61,-24,62,-25,68,-22,66,-20,62,-13,62,-14,62,-11,62,-10,59,-7,53,-8,56,-5,52,-6,47,-4,42,-2,40,-1,45,-3,44,-4,45,-5,39,-3,39,-3,42,0,0,0,0,0,0,0,0,0,0,0,0,0,0,0,0,0,0,0,0,0,0,0,-45,-5,-44,-9,-41,-9,-44,-15,-42,-13,-44,-12,-42,-13,-45,-10,-50,-13,-51,-17,-54,-21,-53,-22,-53,-27,-51,-27,-53,-29,-48,-27,-51,-26,-49,-28,-56,-33,-50,-27,-44,-31,-47,-29,-42,-32,-42,-30,-42,-22,-41,-21,-41,-19,-44,-19,-45,-16,-47,-15,-39,-15,-48,-12,-43,-11,-46,-11,-45,-13,-46,-6,-42,-7,-49,-2,-43,-2,-47,2,-41,5,-42,3,-44,2,-46,9,-41,6,-39,13,-40,12,-37,9,-37,17,-35,16,-33,25,-33,22,-32,27,-31,32,-34,39,-33,41,-31,42,0,0]",1
CSI_DATA,62445,1a:00:00:00:00:00,-37,11,1,0,1,1,1,0,0,0,1,-97,0,11,2,838446021,0,44,0,384,0,"[0,0,0,0,0,0,0,0,0,0,0,0,4,-11,4,-10,4,-10,3,-10,3,-9,3,-9,3,-9,2,-9,2,-8,1,-8,1,-7,0,-7,0,-7,-1,-6,-2,-6,-3,-6,-4,-6,-5,-7,-6,-7,-7,-8,-7,-9,-8,-10,-8,-10,-8,-11,-7,-11,-7,-11,0,0,-6,-12,-7,-12,-7,-12,-6,-12,-7,-11,-6,-12,-6,-12,-5,-12,-5,-12,-5,-11,-5,-11,-4,-11,-4,-11,-4,-11,-3,-11,-3,-10,-3,-10,-3,-9,-2,-9,-2,-8,-2,-8,-2,-8,-2,-8,-2,-8,-2,-8,-2,-8,0,0,0,0,0,0,0,0,0,0,0,0,0,0,-53,27,-59,22,-55,22,-60,23,-54,21,-55,21,-51,17,-51,20,-48,18,-42,17,-38,18,-44,17,-37,25,-33,23,-28,24,-24,20,-23,25,-18,29,-16,30,-9,33,-5,36,-2,41,-1,50,-3,49,-1,56,-5,62,-4,65,-10,66,-10,72,-11,68,-12,68,-10,71,-15,65,-14,65,-16,64,-15,69,-14,66,-18,69,-20,64,-20,66,-19,62,-16,58,-15,58,-17,60,-20,56,-21,57,-22,51,-23,47,-26,48,-17,43,-21,38,-22,36,-21,40,-20,37,-16,40,-19,36,-21,36,0,0,0,0,0,0,0,0,0,0,0,0,0,0,0,0,0,0,0,0,0,0,32,-36,37,-32,34,-29,40,-23,35,-27,36,-29,38,-31,35,-28,44,-31,41,-31,51,-33,50,-34,56,-32,52,-24,57,-23,53,-25,55,-25,54,-25,53,-27,53,-19,55,-15,51,-17,48,-17,41,-18,43,-15,42,-22,34,-22,39,-26,33,-23,34,-27,30,-25,32,-30,31,-33,29,-30,30,-31,25,-37,26,-38,22,-40,24,-35,22,-45,19,-41,15,-42,17,-44,19,-39,14,-42,8,-39,11,-39,10,-36,4,-40,5,-40,1,-38,-4,-41,-6,-41,-11,-42,-18,-49,-15,-53,-14,-53,0,0]",1
CSI_DATA,62446,1a:00:00:00:00:00,-38,11,1,0,1,1,1,0,0,0,1,-97,0,11,2,838466016,0,44,0,384,0,"[0,0,0,0,0,0,0,0,0,0,0,0,-1,-11,-2,-11,-1,-10,-2,-10,-2,-9,-2,-9,-2,-8,-2,-8,-2,-8,-3,-7,-3,-7,-4,-6,-4,-5,-5,-5,-5,-4,-6,-4,-7,-3,-8,-3,-9,-3,-10,-3,-10,-4,-11,-4,-12,-5,-12,-5,-12,-6,-12,-6,0,0,-12,-7,-12,-6,-12,-6,-12,-6,-12,-7,-12,-7,-11,-8,-11,-8,-10,-8,-10,-8,-10,-7,-9,-8,-9,-7,-9,-7,-8,-7,-8,-7,-7,-7,-7,-7,-6,-6,-6,-6,-6,-6,-6,-6,-6,-6,-6,-6,-6,-6,-6,-6,0,0,0,0,0,0,0,0,0,0,0,0,0,0,-46,43,-40,33,-40,38,-39,41,-48,40,-42,38,-38,40,-36,38,-29,37,-31,32,-29,33,-28,34,-22,32,-18,34,-20,32,-10,33,-9,33,-1,33,4,34,6,35,9,38,13,40,19,45,18,47,19,55,18,58,16,68,22,67,18,68,17,68,12,66,11,66,13,66,12,68,12,71,12,68,12,67,4,72,7,70,-1,65,0,66,2,64,-2,63,2,62,-1,58,-2,62,-6,57,-6,56,-8,48,-5,48,-7,47,-5,40,-7,41,-6,47,-6,47,-4,43,-9,41,0,0,0,0,0,0,0,0,0,0,0,0,0,0,0,0,0,0,0,0,0,0,3,-50,7,-48,11,-47,8,-47,10,-47,11,-44,5,-46,11,-47,13,-50,13,-59,19,-59,21,-59,25,-58,26,-56,30,-56,28,-59,30,-50,35,-50,30,-49,34,-45,39,-40,34,-44,37,-42,29,-41,22,-41,21,-44,19,-40,16,-42,16,-43,13,-38,13,-47,8,-42,5,-41,9,-43,6,-47,1,-47,4,-41,1,-46,3,-46,-8,-41,-8,-42,-8,-50,-12,-43,-12,-49,-14,-43,-16,-55,-18,-48,-14,-41,-18,-42,-19,-42,-19,-38,-27,-37,-34,-31,-37,-35,-39,-35,-40,-36,-44,-36,0,0]",1
CSI_DATA,62447,1a:00:00:00:00:00,-38,11,1,0,1,1,1,0,0,0,1,-97,0,11,2,838476030,0,44,0,384,0,"[0,0,0,0,0,0,0,0,0,0,0,0,0,10,1,10,1,9,1,9,1,8,1,8,1,8,1,7,1,7,2,6,2,6,2,5,3,4,3,4,4,3,5,2,6,2,7,2,8,1,9,2,9,2,10,2,11,3,11,3,11,4,11,4,0,0,11,5,11,4,12,5,11,5,11,5,12,6,11,6,10,6,10,7,9,6,9,6,9,6,8,6,8,6,7,6,7,6,7,6,6,5,6,5,6,5,6,5,6,5,6,5,5,5,6,5,5,5,0,0,0,0,0,0,0,0,0,0,0,0,0,0,48,-42,38,-38,48,-40,43,-39,42,-32,40,-37,36,-40,37,-32,29,-33,31,-36,32,-29,27,-27,25,-34,16,-31,19,-29,12,-30,8,-31,4,-28,2,-38,-3,-37,-16,-42,-13,-37,-15,-48,-23,-49,-19,-56,-22,-57,-19,-57,-21,-64,-17,-66,-19,-68,-15,-65,-13,-71,-16,-66,-15,-74,-14,-69,-10,-75,-10,-72,-5,-67,-4,-71,1,-71,0,-63,-5,-63,2,-64,1,-63,0,-65,0,-55,2,-58,4,-56,8,-51,8,-47,8,-46,7,-45,10,-43,5,-40,7,-42,9,-47,11,-47,0,0,0,0,0,0,0,0,0,0,0,0,0,0,0,0,0,0,0,0,0,0,-10,48,-13,48,-17,44,-15,47,-17,45,-18,46,-17,43,-19,46,-21,50,-20,52,-25,55,-28,53,-33,53,-35,53,-35,50,-32,47,-39,52,-40,47,-39,46,-40,43,-35,40,-39,35,-30,36,-33,37,-27,34,-23,35,-24,34,-24,41,-20,36,-16,41,-11,41,-18,41,-12,40,-16,40,-12,41,-11,44,-6,38,-4,47,-1,39,-1,40,4,42,4,37,7,46,9,44,9,43,7,47,7,49,9,42,11,42,16,37,17,37,30,35,25,39,28,38,31,35,38,38,35,42,0,0]",1
CSI_DATA,62448,1a:00:00:00:00:00,-37,11,1,0,1,1,1,0,0,0,1,-97,0,11,2,838486019,0,44,0,384,0,"[0,0,0,0,0,0,0,0,0,0,0,0,-5,-10,-4,-10,-4,-9,-4,-9,-4,-9,-4,-8,-4,-8,-4,-7,-4,-7,-5,-6,-5,-6,-5,-5,-5,-4,-5,-3,-6,-2,-6,-2,-7,-1,-8,0,-9,0,-9,0,-10,0,-11,0,-12,0,-12,0,-13,0,-13,0,0,0,-13,-1,-13,0,-13,0,-14,0,-14,-1,-14,-2,-14,-2,-13,-3,-13,-3,-12,-3,-12,-2,-12,-3,-11,-3,-11,-3,-11,-3,-10,-3,-10,-3,-9,-3,-9,-3,-8,-3,-8,-3,-8,-3,-8,-3,-8,-2,-8,-3,-8,-3,0,0,0,0,0,0,0,0,0,0,0,0,0,0,-27,61,-33,54,-30,56,-21,58,-30,55,-26,51,-29,45,-26,44,-25,48,-18,41,-17,45,-12,43,-11,40,-5,35,-9,36,-5,33,4,34,6,36,13,27,19,29,26,22,30,30,35,30,38,34,41,38,44,39,47,44,46,46,43,49,49,53,51,50,48,54,49,50,43,49,51,52,46,54,48,55,41,62,41,55,40,64,37,56,36,58,30,58,33,51,32,54,28,51,26,49,24,53,21,47,22,42,25,42,23,40,17,40,18,40,18,37,18,41,16,41,0,0,0,0,0,0,0,0,0,0,0,0,0,0,0,0,0,0,0,0,0,0,-1,-48,4,-50,8,-49,9,-46,7,-46,11,-46,9,-46,12,-50,12,-55,13,-54,15,-58,19,-60,21,-61,25,-56,27,-55,24,-51,24,-54,25,-57,26,-52,26,-49,28,-50,34,-46,26,-38,22,-38,16,-36,16,-44,14,-45,10,-43,9,-46,5,-42,6,-40,0,-43,6,-41,-1,-42,-2,-46,-4,-45,-7,-44,-6,-39,-10,-41,-13,-36,-17,-43,-20,-36,-18,-43,-25,-40,-20,-36,-17,-45,-25,-42,-24,-36,-27,-38,-27,-31,-33,-28,-34,-31,-44,-27,-50,-26,-47,-25,-52,-27,-54,-27,0,0]",1
CSI_DATA,62449,1a:00:00:00:00:00,-37,11,1,0,1,1,1,0,0,0,1,-97,0,11,2,838496043,0,44,0,384,0,"[0,0,0,0,0,0,0,0,0,0,0,0,6,8,5,8,5,8,5,8,5,7,5,7,5,6,5,6,5,6,5,5,5,4,5,4,4,3,5,2,5,1,6,0,6,-1,7,-2,8,-2,9,-2,9,-3,10,-3,11,-2,11,-2,12,-2,12,-2,0,0,12,-2,12,-2,13,-2,12,-2,13,-2,13,-1,13,0,13,1,12,1,12,1,12,1,11,1,11,1,11,1,10,1,10,1,9,2,9,1,8,1,8,1,8,2,7,2,7,1,7,1,8,1,7,1,0,0,0,0,0,0,0,0,0,0,0,0,0,0,17,-62,21,-55,17,-60,19,-58,15,-57,17,-52,14,-53,15,-51,11,-55,12,-48,7,-49,8,-45,5,-45,0,-40,1,-35,-1,-35,-9,-33,-14,-28,-18,-33,-23,-27,-29,-29,-31,-30,-38,-30,-40,-31,-47,-31,-48,-38,-49,-38,-51,-44,-47,-42,-49,-43,-46,-48,-49,-45,-54,-43,-55,-42,-48,-46,-53,-54,-53,-53,-54,-59,-47,-59,-45,-59,-40,-54,-40,-55,-38,-52,-37,-54,-38,-54,-31,-49,-32,-47,-27,-44,-29,-46,-23,-45,-22,-43,-21,-36,-27,-41,-23,-39,-22,-37,-23,-40,-22,-42,0,0,0,0,0,0,0,0,0,0,0,0,0,0,0,0,0,0,0,0,0,0,2,45,-1,48,-1,48,-4,46,-3,45,-4,45,-2,47,-2,49,-3,49,-3,52,-9,57,-7,62,-11,63,-13,55,-13,57,-14,52,-17,58,-18,57,-19,52,-21,52,-23,49,-20,46,-20,41,-16,39,-13,43,-8,41,-9,44,-6,44,-5,43,-1,43,1,40,0,43,5,34,7,39,11,38,8,40,12,38,11,38,16,35,20,37,21,34,28,36,26,37,23,39,31,30,19,38,26,32,28,31,30,30,33,25,32,21,36,24,42,20,42,18,48,17,53,18,51,16,0,0]",1
CSI_DATA,62450,1a:00:00:00:00:00,-37,11,1,0,1,1,1,0,0,0,1,-97,0,11,2,838506025,0,44,0,384,0,"[0,0,0,0,0,0,0,0,0,0,0,0,-9,-6,-9,-6,-9,-6,-9,-6,-9,-5,-9,-5,-8,-5,-8,-5,-8,-4,-7,-4,-7,-3,-7,-3,-7,-2,-7,-1,-7,0,-7,1,-7,2,-8,3,-8,3,-9,4,-10,4,-11,4,-11,4,-12,4,-12,4,-12,4,0,0,-12,4,-12,4,-12,4,-13,4,-13,4,-13,3,-14,2,-13,2,-13,1,-13,1,-12,1,-12,1,-11,1,-11,1,-11,0,-11,0,-10,0,-10,0,-9,0,-9,-1,-9,-1,-9,0,-8,0,-8,0,-9,0,-8,-1,0,0,0,0,0,0,0,0,0,0,0,0,0,0,9,62,9,56,8,56,11,56,13,57,11,53,12,57,7,52,12,50,14,47,10,49,10,51,14,41,17,42,21,33,19,34,21,27,27,22,24,22,34,15,34,14,39,12,43,14,50,10,53,15,57,15,63,20,67,19,62,19,62,24,65,23,61,25,64,20,64,21,68,22,65,28,68,30,65,32,64,34,60,34,59,34,57,29,52,32,54,32,47,27,47,34,45,33,48,29,39,31,37,28,36,31,37,29,32,28,36,24,34,24,37,27,30,28,0,0,0,0,0,0,0,0,0,0,0,0,0,0,0,0,0,0,0,0,0,0,-26,-38,-23,-39,-26,-39,-19,-39,-18,-42,-19,-35,-18,-39,-16,-46,-25,-49,-21,-50,-24,-51,-17,-55,-16,-58,-18,-54,-9,-57,-14,-59,-13,-56,-11,-53,-9,-60,-7,-51,-7,-54,-7,-53,-7,-50,-6,-49,-6,-43,-11,-43,-14,-45,-17,-40,-15,-40,-23,-37,-20,-38,-21,-39,-22,-34,-24,-34,-25,-37,-26,-32,-32,-35,-31,-30,-34,-29,-36,-27,-36,-24,-38,-20,-39,-21,-43,-21,-39,-22,-36,-17,-39,-21,-40,-20,-42,-16,-43,-12,-44,-8,-45,-1,-44,-5,-47,-2,-48,6,-51,12,-51,9,0,0]",1
CSI_DATA,62451,1a:00:00:00:00:00,-37,11,1,0,1,1,1,0,0,0,1,-97,0,11,2,838516020,0,44,0,384,0,"[0,0,0,0,0,0,0,0,0,0,0,0,10,2,10,2,10,2,9,2,9,1,9,1,9,1,8,1,8,1,7,0,7,0,7,-1,6,-1,6,-2,5,-3,5,-4,5,-5,6,-6,6,-7,6,-7,7,-8,8,-8,8,-8,9,-9,9,-9,9,-9,0,0,9,-8,10,-8,9,-9,10,-9,10,-8,11,-8,11,-7,11,-7,11,-6,11,-6,10,-6,10,-6,9,-5,9,-5,9,-4,9,-4,8,-4,8,-4,8,-4,7,-3,7,-3,7,-3,7,-3,6,-3,7,-3,7,-3,0,0,0,0,0,0,0,0,0,0,0,0,0,0,-19,-58,-21,-56,-18,-52,-22,-53,-19,-59,-21,-48,-22,-51,-23,-54,-22,-49,-23,-46,-23,-45,-23,-51,-22,-40,-26,-37,-27,-34,-28,-33,-30,-27,-29,-22,-35,-19,-38,-11,-42,-13,-43,-11,-50,-5,-56,-7,-55,-8,-62,-11,-65,-16,-66,-13,-66,-17,-63,-19,-72,-17,-66,-19,-67,-19,-68,-14,-70,-15,-67,-23,-72,-19,-69,-27,-67,-30,-67,-31,-60,-30,-53,-32,-57,-34,-63,-32,-51,-30,-52,-31,-43,-30,-48,-30,-45,-31,-42,-27,-40,-25,-35,-27,-38,-28,-33,-23,-36,-24,-40,-24,-38,-29,0,0,0,0,0,0,0,0,0,0,0,0,0,0,0,0,0,0,0,0,0,0,34,24,30,30,31,32,25,30,32,33,26,29,34,29,27,29,37,33,35,38,30,42,32,45,35,49,27,44,24,49,26,49,29,50,33,50,26,48,26,51,21,50,24,44,20,44,21,38,21,43,26,41,25,37,23,34,31,34,26,31,27,31,30,32,31,32,37,32,33,28,37,30,33,24,35,23,41,21,43,19,38,18,43,14,46,16,45,12,43,12,44,5,46,9,42,13,44,7,38,4,37,3,42,-5,37,-7,46,-7,45,-14,48,-15,45,-13,0,0]",1
CSI_DATA,62452,1a:00:00:00:00:00,-37,11,1,0,1,1,1,0,0,0,1,-97,0,11,2,838526012,0,44,0,384,0,"[0,0,0,0,0,0,0,0,0,0,0,0,-11,-2,-11,-2,-11,-1,-11,-1,-11,-1,-10,-1,-10,-1,-10,-1,-9,-1,-9,0,-9,0,-8,1,-7,1,-7,2,-6,3,-6,4,-6,5,-6,6,-6,7,-6,7,-7,8,-8,8,-9,9,-9,9,-9,9,-9,9,0,0,-10,9,-10,9,-10,9,-10,9,-11,9,-11,8,-12,8,-12,7,-12,7,-12,6,-11,6,-11,5,-10,5,-10,5,-10,4,-10,4,-10,4,-9,4,-9,3,-8,3,-8,3,-8,3,-8,3,-7,3,-8,3,-8,2,0,0,0,0,0,0,0,0,0,0,0,0,0,0,41,46,31,46,36,44,37,42,35,44,33,41,32,40,35,39,35,33,32,38,36,34,33,35,31,31,28,23,30,26,33,19,35,18,32,13,36,6,33,6,39,2,37,-4,50,-7,52,-8,60,-12,57,-8,63,-8,62,-8,67,-4,70,-3,64,0,67,5,69,-1,65,-4,65,-2,71,2,68,6,69,12,66,10,66,10,59,11,63,14,60,15,61,10,57,13,48,15,54,16,49,15,47,16,40,15,44,15,38,16,41,13,35,15,41,14,37,17,39,19,0,0,0,0,0,0,0,0,0,0,0,0,0,0,0,0,0,0,0,0,0,0,-38,-11,-43,-15,-38,-16,-41,-19,-39,-13,-39,-15,-40,-13,-47,-14,-44,-18,-46,-18,-49,-22,-51,-26,-49,-28,-48,-31,-50,-32,-48,-32,-42,-33,-42,-32,-46,-34,-43,-36,-37,-34,-44,-32,-34,-27,-31,-29,-37,-25,-36,-19,-40,-19,-42,-23,-41,-18,-43,-19,-40,-20,-42,-16,-42,-17,-44,-15,-49,-14,-44,-12,-42,-8,-43,-10,-41,-5,-46,-2,-46,-6,-44,1,-49,-1,-44,-3,-47,4,-48,0,-43,1,-43,6,-42,11,-42,14,-41,15,-38,19,-42,21,-40,20,-40,25,-43,30,-46,31,0,0]",1
CSI_DATA,62453,1a:00:00:00:00:00,-37,11,1,0,1,1,1,0,0,0,1,-97,0,11,2,838546041,0,44,0,384,0,"[0,0,0,0,0,0,0,0,0,0,0,0,-10,1,-10,1,-10,1,-10,1,-9,1,-9,1,-9,2,-8,2,-8,2,-7,2,-7,2,-6,3,-6,3,-5,3,-4,4,-4,5,-3,6,-3,6,-3,7,-3,8,-3,9,-4,10,-4,10,-4,11,-5,11,-5,11,0,0,-6,11,-6,11,-6,11,-6,11,-6,11,-7,11,-7,11,-7,10,-8,10,-7,9,-7,9,-7,9,-7,8,-7,8,-7,7,-7,7,-7,7,-7,7,-7,6,-6,5,-6,5,-6,5,-6,5,-5,5,-6,5,-6,5,0,0,0,0,0,0,0,0,0,0,0,0,0,0,39,40,46,44,45,37,41,32,41,30,41,37,43,30,41,33,40,27,39,28,37,22,38,22,36,23,36,17,38,12,37,11,40,4,37,2,30,-2,37,-8,34,-12,36,-14,40,-21,44,-23,47,-25,54,-27,56,-26,57,-25,59,-23,56,-25,60,-27,63,-27,65,-24,62,-24,65,-25,65,-27,65,-21,68,-20,68,-17,65,-17,65,-11,60,-12,61,-14,62,-10,61,-10,57,-7,52,-5,54,-3,50,-1,49,3,47,-2,43,-1,42,-4,44,0,40,-3,41,-1,41,-2,0,0,0,0,0,0,0,0,0,0,0,0,0,0,0,0,0,0,0,0,0,0,-41,-11,-46,-6,-42,-15,-44,-15,-39,-16,-42,-18,-38,-16,-45,-18,-47,-18,-55,-18,-51,-24,-51,-25,-51,-29,-48,-27,-47,-28,-48,-32,-49,-33,-49,-35,-50,-34,-48,-35,-44,-33,-46,-30,-38,-32,-40,-31,-37,-22,-41,-23,-38,-19,-44,-26,-40,-20,-40,-16,-44,-16,-43,-13,-44,-14,-48,-9,-44,-9,-46,-12,-45,-7,-46,-4,-43,-2,-46,1,-47,3,-45,7,-44,6,-46,7,-42,11,-47,5,-45,10,-39,13,-39,15,-40,16,-38,21,-39,23,-31,20,-34,26,-37,34,-39,40,-33,40,0,0]",1
CSI_DATA,62454,1a:00:00:00:00:00,-37,11,1,0,1,1,1,0,0,0,1,-97,0,11,2,838556035,0,44,0,384,0,"[0,0,0,0,0,0,0,0,0,0,0,0,9,-4,9,-4,8,-4,8,-4,8,-4,7,-4,7,-4,7,-4,6,-4,5,-4,5,-5,4,-5,4,-5,3,-5,2,-6,1,-7,1,-7,0,-8,0,-9,0,-10,0,-11,0,-11,1,-12,1,-12,1,-13,1,-13,0,0,2,-13,2,-13,2,-13,2,-14,2,-13,3,-13,3,-13,3,-13,4,-12,4,-12,4,-12,4,-11,4,-11,4,-10,4,-10,4,-10,4,-10,4,-9,4,-8,4,-8,4,-8,3,-7,3,-7,3,-7,4,-7,3,-7,0,0,0,0,0,0,0,0,0,0,0,0,0,0,-52,-25,-53,-19,-53,-19,-55,-19,-49,-16,-49,-16,-50,-17,-51,-18,-45,-10,-41,-7,-41,-6,-45,-10,-41,-4,-40,-1,-40,1,-33,8,-34,5,-34,12,-34,15,-26,21,-25,25,-33,28,-35,36,-34,37,-38,43,-39,40,-44,45,-45,46,-46,45,-46,51,-47,44,-53,49,-53,47,-48,46,-51,47,-56,50,-59,42,-59,44,-57,39,-57,35,-57,35,-54,34,-58,36,-56,34,-54,30,-52,28,-52,23,-54,23,-49,20,-46,20,-46,17,-43,13,-45,14,-41,15,-37,18,-37,16,-40,10,0,0,0,0,0,0,0,0,0,0,0,0,0,0,0,0,0,0,0,0,0,0,45,-12,46,-7,48,-7,44,0,44,1,43,1,45,-1,47,-1,49,-4,54,-3,55,1,59,5,61,6,58,7,58,8,56,12,58,8,53,13,56,18,53,15,53,13,55,18,47,15,47,11,43,8,46,5,47,7,45,6,43,3,45,1,43,1,45,-5,41,-6,43,-6,47,-7,42,-10,40,-8,40,-12,41,-18,40,-14,35,-20,38,-21,38,-21,37,-24,32,-27,33,-19,33,-29,37,-25,31,-30,30,-33,26,-31,23,-38,20,-41,19,-42,15,-43,18,-50,19,-51,0,0]",1
CSI_DATA,62455,1a:00:00:00:00:00,-37,11,1,0,1,1,1,0,0,0,1,-97,0,11,2,838566019,0,44,0,384,0,"[0,0,0,0,0,0,0,0,0,0,0,0,-9,6,-8,6,-8,6,-8,6,-8,6,-7,6,-7,5,-7,5,-6,5,-5,5,-5,5,-4,5,-3,5,-2,5,-1,6,0,6,0,7,1,7,2,8,2,9,2,10,2,11,2,12,2,12,2,12,2,13,0,0,1,13,1,13,1,12,1,13,1,13,0,13,0,13,-1,13,-1,12,-1,12,-1,11,-1,11,-1,11,-1,10,-2,10,-2,10,-2,10,-2,9,-2,9,-2,8,-2,8,-2,8,-2,8,-2,7,-2,8,-2,7,0,0,0,0,0,0,0,0,0,0,0,0,0,0,56,12,58,10,59,7,57,3,57,5,53,3,49,5,46,5,50,1,47,5,41,-3,42,-2,41,-5,40,-6,37,-7,34,-11,34,-15,30,-18,27,-21,19,-23,22,-32,23,-36,27,-41,28,-46,27,-51,27,-60,29,-59,33,-54,34,-57,35,-57,40,-61,38,-62,41,-55,38,-58,39,-60,44,-59,42,-56,43,-52,42,-58,45,-52,40,-47,42,-47,47,-43,41,-47,38,-44,42,-42,43,-42,42,-37,41,-33,35,-31,40,-31,33,-25,33,-30,32,-30,32,-26,30,-31,36,-23,0,0,0,0,0,0,0,0,0,0,0,0,0,0,0,0,0,0,0,0,0,0,-43,7,-45,5,-46,4,-51,1,-45,4,-42,3,-41,2,-45,1,-53,1,-54,4,-59,-1,-60,-6,-59,-5,-58,-9,-57,-14,-57,-9,-58,-15,-56,-12,-59,-8,-56,-16,-53,-17,-50,-17,-48,-15,-47,-10,-47,-11,-43,-5,-44,-1,-42,1,-44,0,-39,5,-39,5,-47,5,-44,6,-43,11,-44,12,-40,16,-38,12,-41,15,-43,19,-39,22,-30,26,-35,26,-30,34,-35,27,-32,28,-28,30,-30,28,-28,30,-26,34,-24,28,-25,31,-18,39,-19,43,-12,44,-7,45,-7,52,-10,51,0,0]",1
CSI_DATA,62456,1a:00:00:00:00:00,-37,11,1,0,1,1,1,0,0,0,1,-97,0,11,2,838576026,0,44,0,384,0,"[0,0,0,0,0,0,0,0,0,0,0,0,7,-8,7,-8,7,-7,7,-8,6,-7,6,-7,6,-7,5,-7,5,-7,4,-7,4,-7,3,-7,2,-6,1,-6,0,-7,-1,-7,-1,-8,-2,-8,-3,-9,-3,-9,-3,-10,-3,-11,-3,-12,-4,-12,-4,-13,-3,-13,0,0,-2,-13,-3,-13,-3,-13,-2,-13,-2,-13,-2,-14,-1,-14,0,-13,0,-13,0,-12,0,-12,0,-12,0,-11,0,-11,1,-11,1,-11,1,-10,1,-10,1,-9,1,-9,1,-8,1,-8,0,-8,0,-8,1,-8,1,-8,0,0,0,0,0,0,0,0,0,0,0,0,0,0,-59,-16,-57,-12,-57,-9,-56,-15,-59,-8,-58,-11,-54,-5,-52,-10,-49,-8,-49,-3,-50,-5,-48,-4,-47,-4,-40,5,-41,8,-39,4,-34,12,-33,19,-31,19,-24,22,-32,29,-24,34,-30,39,-31,45,-29,46,-37,46,-37,48,-34,54,-42,50,-39,54,-42,52,-42,56,-44,49,-44,53,-46,55,-48,53,-53,46,-52,47,-54,45,-54,44,-48,37,-45,42,-51,39,-46,44,-47,36,-51,35,-44,33,-48,30,-43,29,-41,26,-38,23,-40,20,-42,24,-35,24,-34,26,-38,22,-38,20,0,0,0,0,0,0,0,0,0,0,0,0,0,0,0,0,0,0,0,0,0,0,40,-14,47,-11,44,-7,45,-6,42,-8,39,-8,44,-4,45,-10,49,-9,52,-11,55,-4,59,-7,57,-6,58,-2,61,5,55,9,59,5,53,4,60,7,60,12,56,13,50,11,45,9,45,4,40,0,42,-1,44,-6,43,-2,39,-3,43,-9,44,-11,43,-9,42,-13,46,-11,42,-15,39,-13,42,-20,39,-18,41,-17,36,-24,36,-24,31,-28,33,-29,34,-32,31,-28,36,-35,32,-31,27,-33,25,-32,23,-37,23,-37,14,-39,16,-46,10,-44,13,-54,13,-52,11,-57,0,0]",1
CSI_DATA,62457,1a:00:00:00:00:00,-37,11,1,0,1,1,1,0,0,0,1,-97,0,11,2,838586040,0,44,0,384,0,"[0,0,0,0,0,0,0,0,0,0,0,0,-8,7,-7,7,-7,7,-7,7,-7,7,-6,6,-6,6,-6,6,-6,6,-5,6,-5,6,-4,6,-3,5,-2,5,-1,6,0,6,0,6,1,7,2,7,2,8,2,9,3,10,2,10,3,11,2,11,2,11,0,0,1,12,2,12,2,12,1,12,1,12,1,13,0,12,0,12,-1,12,-1,11,-1,11,-1,10,-1,10,-1,10,-2,9,-2,9,-2,9,-2,8,-2,8,-2,7,-2,7,-2,7,-2,7,-1,7,-2,7,-2,7,0,0,0,0,0,0,0,0,0,0,0,0,0,0,61,4,56,3,58,-3,59,3,56,-1,55,1,55,0,54,1,49,-1,49,-4,44,-1,49,-3,46,-6,39,-5,35,-8,34,-9,34,-13,28,-19,29,-22,22,-23,23,-32,19,-33,28,-40,22,-43,26,-49,30,-52,32,-55,31,-54,35,-55,34,-56,39,-52,45,-57,36,-51,42,-58,42,-53,44,-56,44,-53,45,-50,53,-51,48,-47,47,-42,48,-38,48,-42,48,-41,46,-37,46,-34,44,-31,41,-29,45,-28,39,-25,35,-25,32,-24,36,-24,35,-20,36,-28,35,-24,38,-21,0,0,0,0,0,0,0,0,0,0,0,0,0,0,0,0,0,0,0,0,0,0,-32,30,-37,24,-38,25,-42,25,-38,25,-37,24,-38,24,-38,23,-41,24,-45,23,-49,25,-54,21,-54,21,-57,15,-60,16,-53,13,-56,15,-54,13,-60,14,-59,10,-52,6,-53,7,-47,4,-49,10,-45,13,-42,14,-43,14,-46,17,-41,16,-41,20,-42,26,-45,22,-36,25,-39,30,-40,25,-36,27,-34,27,-29,28,-36,29,-29,34,-28,33,-29,35,-27,37,-25,38,-27,37,-25,44,-20,36,-22,38,-22,39,-13,42,-14,38,-12,45,-2,45,-6,48,-9,54,-5,53,-2,59,0,0]",1
CSI_DATA,62458,1a:00:00:00:00:00,-37,11,1,0,1,1,1,0,0,0,1,-97,0,11,2,838596018,0,44,0,384,0,"[0,0,0,0,0,0,0,0,0,0,0,0,6,-9,6,-9,5,-9,5,-9,5,-8,4,-8,4,-8,4,-8,4,-8,3,-7,3,-8,2,-7,1,-7,0,-7,-1,-7,-2,-7,-2,-7,-3,-7,-4,-8,-5,-8,-5,-9,-6,-10,-5,-11,-6,-11,-5,-11,-5,-11,0,0,-5,-12,-5,-12,-5,-12,-5,-12,-5,-12,-5,-13,-4,-13,-3,-13,-3,-13,-3,-12,-3,-12,-3,-12,-2,-11,-2,-11,-2,-10,-2,-10,-2,-10,-2,-9,-1,-9,-1,-9,-1,-9,-1,-8,-1,-8,-1,-8,-1,-8,-1,-8,0,0,0,0,0,0,0,0,0,0,0,0,0,0,-62,1,-66,7,-55,6,-53,-2,-58,10,-57,8,-55,4,-59,4,-48,8,-48,10,-48,13,-42,8,-46,12,-34,15,-37,15,-34,19,-30,18,-25,23,-23,21,-26,27,-22,29,-14,34,-16,38,-17,48,-17,46,-23,54,-24,56,-26,57,-27,56,-22,62,-27,58,-28,60,-26,54,-24,58,-30,58,-30,58,-41,60,-40,60,-39,53,-42,51,-38,54,-39,49,-37,47,-37,49,-40,44,-32,42,-36,38,-37,41,-37,35,-33,30,-36,27,-32,27,-32,26,-31,29,-32,24,-30,27,-29,26,0,0,0,0,0,0,0,0,0,0,0,0,0,0,0,0,0,0,0,0,0,0,25,-37,27,-37,32,-32,32,-33,30,-33,32,-32,29,-31,34,-34,34,-33,40,-38,42,-36,46,-35,55,-34,52,-33,51,-27,45,-28,53,-35,51,-27,52,-23,50,-15,50,-16,49,-16,41,-17,43,-21,39,-20,37,-26,36,-28,35,-24,41,-29,38,-32,36,-34,37,-32,36,-33,38,-30,33,-35,34,-32,31,-35,28,-37,30,-37,25,-39,26,-41,16,-43,20,-42,19,-45,16,-43,28,-47,13,-41,13,-44,15,-50,7,-48,4,-44,-4,-48,-1,-45,-5,-47,-9,-53,-1,-54,-8,-53,0,0]",1
CSI_DATA,62459,1a:00:00:00:00:00,-37,11,1,0,1,1,1,0,0,0,1,-97,0,11,2,838616038,0,44,0,384,0,"[0,0,0,0,0,0,0,0,0,0,0,0,4,-10,4,-9,4,-9,4,-9,4,-9,3,-9,3,-9,3,-8,2,-8,2,-8,2,-8,1,-7,0,-7,-1,-7,-1,-7,-3,-7,-3,-7,-4,-7,-5,-7,-6,-8,-6,-8,-7,-9,-7,-10,-7,-10,-7,-11,-6,-11,0,0,-6,-11,-6,-11,-6,-11,-6,-12,-6,-12,-6,-12,-5,-12,-5,-12,-4,-12,-4,-12,-4,-11,-4,-11,-4,-11,-4,-11,-3,-11,-3,-10,-2,-10,-2,-10,-2,-9,-2,-9,-1,-9,-1,-8,-2,-8,-2,-8,-1,-8,-1,-8,0,0,0,0,0,0,0,0,0,0,0,0,0,0,-54,8,-55,15,-60,14,-55,15,-56,17,-53,17,-51,17,-48,17,-49,18,-47,16,-44,18,-40,17,-42,20,-36,18,-36,18,-30,26,-29,22,-24,29,-19,27,-15,33,-14,36,-13,37,-10,42,-11,43,-13,50,-8,56,-14,57,-10,58,-18,60,-20,62,-20,64,-22,65,-21,65,-14,67,-20,63,-23,67,-24,63,-23,62,-29,62,-24,60,-31,57,-29,53,-31,53,-28,56,-34,49,-28,48,-33,49,-34,48,-30,40,-27,37,-29,39,-28,35,-27,37,-27,33,-25,31,-28,32,-31,30,0,0,0,0,0,0,0,0,0,0,0,0,0,0,0,0,0,0,0,0,0,0,21,-41,29,-38,26,-33,30,-36,28,-34,27,-35,30,-33,34,-35,36,-35,40,-38,42,-35,47,-35,44,-33,51,-35,50,-33,48,-32,48,-26,48,-32,50,-32,50,-27,50,-23,46,-23,37,-22,40,-21,33,-26,35,-27,28,-27,35,-34,32,-33,32,-33,31,-33,32,-37,30,-39,28,-37,30,-36,29,-38,26,-37,23,-38,21,-36,19,-40,14,-45,13,-47,14,-46,11,-42,13,-44,13,-44,10,-43,12,-46,6,-48,4,-48,-1,-48,-7,-44,-2,-45,-9,-48,-13,-57,-11,-53,-12,-49,0,0]",1
CSI_DATA,62460,1a:00:00:00:00:00,-37,11,1,0,1,1,1,0,0,0,1,-97,0,11,2,838626013,0,44,0,384,0,"[0,0,0,0,0,0,0,0,0,0,0,0,-2,10,-2,10,-2,9,-2,10,-1,9,-1,9,-1,9,-1,8,-1,8,0,8,0,7,0,7,1,6,1,6,2,6,3,5,4,5,5,5,6,5,7,5,7,6,8,7,8,8,8,8,8,9,8,9,0,0,8,9,8,9,7,9,7,9,7,9,7,10,6,10,6,10,6,10,5,10,5,9,5,9,5,9,4,9,4,9,4,9,3,9,3,8,3,8,2,7,2,7,2,7,2,7,2,7,2,7,2,7,0,0,0,0,0,0,0,0,0,0,0,0,0,0,51,-28,56,-27,53,-31,57,-26,48,-33,46,-28,48,-26,47,-28,41,-27,45,-32,42,-31,45,-29,34,-29,34,-29,34,-25,28,-34,23,-28,22,-37,21,-34,8,-40,9,-42,5,-48,1,-44,-5,-48,5,-55,4,-62,2,-67,4,-69,9,-65,10,-67,8,-69,13,-68,11,-65,8,-67,12,-69,10,-68,15,-70,19,-65,21,-66,20,-65,20,-59,23,-59,20,-58,17,-60,23,-56,21,-52,23,-50,26,-49,21,-43,24,-45,23,-36,23,-39,21,-36,25,-37,22,-33,19,-38,25,-39,0,0,0,0,0,0,0,0,0,0,0,0,0,0,0,0,0,0,0,0,0,0,-17,42,-19,42,-22,36,-25,42,-27,38,-24,37,-20,38,-24,41,-25,44,-30,48,-32,47,-36,46,-37,46,-38,43,-43,42,-42,40,-40,38,-42,39,-41,35,-45,33,-45,30,-41,31,-40,33,-34,26,-28,31,-27,32,-26,36,-27,40,-25,35,-25,38,-26,34,-23,41,-22,39,-20,40,-20,37,-18,41,-18,42,-10,39,-18,39,-9,43,-2,46,-1,46,-5,46,2,48,-4,49,3,52,2,44,3,44,7,45,7,47,7,41,14,50,15,43,19,45,17,46,23,48,26,48,0,0]",1
CSI_DATA,62461,1a:00:00:00:00:00,-37,11,1,0,1,1,1,0,0,0,1,-97,0,11,2,838636016,0,44,0,384,0,"[0,0,0,0,0,0,0,0,0,0,0,0,-1,-11,-1,-11,0,-11,-1,-11,-1,-11,-1,-10,-1,-10,-1,-10,-1,-9,-1,-9,-2,-8,-2,-8,-3,-8,-3,-7,-4,-7,-5,-6,-5,-6,-6,-6,-7,-6,-8,-7,-8,-7,-9,-8,-9,-8,-10,-9,-10,-9,-10,-9,0,0,-9,-10,-9,-10,-9,-10,-9,-10,-9,-11,-8,-11,-8,-12,-7,-11,-7,-11,-6,-11,-6,-10,-6,-10,-6,-10,-5,-10,-5,-9,-5,-10,-4,-9,-4,-9,-3,-9,-3,-8,-3,-8,-3,-8,-3,-8,-3,-7,-3,-8,-3,-8,0,0,0,0,0,0,0,0,0,0,0,0,0,0,-52,42,-42,35,-43,38,-40,42,-34,43,-38,39,-35,42,-40,39,-33,43,-34,40,-36,38,-33,40,-27,37,-27,33,-24,37,-22,40,-16,33,-12,38,-8,39,-4,40,-4,40,6,46,8,46,8,53,10,48,11,59,11,59,8,65,6,65,7,70,5,72,5,68,3,65,1,61,2,65,1,68,3,68,-3,66,-8,67,-14,66,-9,60,-9,63,-11,59,-11,60,-7,56,-6,55,-16,50,-12,51,-12,48,-12,45,-10,39,-12,40,-13,40,-10,39,-15,39,-12,34,-15,39,0,0,0,0,0,0,0,0,0,0,0,0,0,0,0,0,0,0,0,0,0,0,-1,-47,4,-43,4,-45,9,-45,6,-45,6,-43,6,-45,7,-47,7,-49,9,-50,14,-51,17,-55,18,-55,25,-53,25,-51,27,-48,25,-51,25,-48,28,-48,30,-47,30,-47,30,-41,24,-39,27,-40,18,-38,17,-35,22,-44,15,-43,15,-41,10,-43,8,-43,14,-42,9,-41,9,-43,6,-41,1,-43,7,-40,-1,-44,-3,-44,-8,-46,-11,-44,-12,-46,-14,-45,-14,-48,-15,-47,-18,-49,-16,-49,-12,-45,-16,-46,-14,-43,-21,-42,-27,-38,-31,-41,-28,-38,-35,-38,-36,-41,-32,-38,0,0]",1
CSI_DATA,62462,1a:00:00:00:00:00,-37,11,1,0,1,1,1,0,0,0,1,-97,0,11,2,838666038,0,44,0,384,0,"[0,0,0,0,0,0,0,0,0,0,0,0,2,9,2,9,2,9,2,9,2,8,2,8,2,7,2,7,3,7,3,6,3,6,3,5,3,4,4,3,4,3,5,2,5,1,6,1,7,1,8,0,9,0,9,0,10,1,10,1,11,1,10,1,0,0,11,2,11,2,12,2,11,2,12,2,12,3,12,4,11,4,11,4,10,4,10,4,10,4,9,4,9,4,8,4,8,4,8,4,7,4,7,4,6,4,6,4,6,4,6,3,6,3,6,3,6,3,0,0,0,0,0,0,0,0,0,0,0,0,0,0,37,-44,35,-49,33,-47,34,-49,31,-44,30,-49,32,-44,30,-45,20,-44,20,-44,23,-43,20,-36,19,-39,11,-40,14,-35,5,-32,4,-33,-4,-32,-5,-28,-6,-33,-14,-33,-17,-35,-22,-34,-25,-39,-22,-42,-30,-43,-31,-47,-33,-52,-32,-50,-34,-52,-37,-55,-35,-56,-31,-53,-37,-59,-33,-59,-36,-60,-29,-63,-29,-63,-23,-65,-20,-67,-23,-62,-21,-60,-19,-59,-21,-60,-16,-53,-14,-57,-9,-55,-12,-54,-8,-48,-9,-49,-7,-47,-5,-44,-8,-40,-4,-43,-10,-40,-9,-41,-4,-41,0,0,0,0,0,0,0,0,0,0,0,0,0,0,0,0,0,0,0,0,0,0,1,46,-2,46,-2,45,-6,48,-7,44,-5,45,-5,48,-7,46,-6,50,-9,58,-12,60,-15,62,-15,57,-21,55,-23,57,-20,60,-21,58,-28,59,-23,55,-27,52,-29,52,-27,50,-28,47,-21,44,-17,50,-17,45,-13,48,-14,48,-9,48,-11,49,-14,44,-9,48,-11,48,-7,47,-7,44,-5,44,0,46,3,43,5,42,8,41,12,45,11,41,12,43,13,44,20,47,11,45,22,37,20,41,20,42,25,39,29,34,30,33,34,32,35,34,43,32,41,34,40,29,0,0]",1
CSI_DATA,62463,1a:00:00:00:00:00,-37,11,1,0,1,1,1,0,0,0,1,-97,0,11,2,838677757,0,44,0,384,0,"[0,0,0,0,0,0,0,0,0,0,0,0,8,6,7,6,8,6,7,5,7,5,7,5,7,4,7,4,6,4,6,3,6,3,6,2,6,2,5,1,5,0,6,-1,6,-2,6,-3,7,-3,7,-4,8,-4,9,-5,9,-5,10,-5,10,-4,10,-4,0,0,11,-4,11,-4,11,-4,11,-5,12,-4,12,-4,12,-3,12,-3,12,-2,11,-2,11,-2,11,-1,10,-1,10,-1,10,-1,9,-1,9,0,9,0,8,0,8,0,8,0,7,0,7,0,7,0,7,0,7,0,0,0,0,0,0,0,0,0,0,0,0,0,0,0,4,-59,3,-52,1,-58,1,-59,2,-59,2,-55,-2,-53,-3,-55,2,-53,-6,-54,-3,-49,-5,-45,-7,-41,-6,-42,-9,-42,-11,-40,-16,-34,-18,-26,-21,-28,-22,-26,-29,-21,-33,-23,-41,-23,-43,-23,-44,-21,-49,-26,-53,-27,-53,-28,-55,-31,-54,-30,-52,-34,-54,-36,-57,-31,-56,-33,-61,-33,-62,-39,-57,-42,-57,-44,-56,-44,-51,-49,-50,-42,-51,-43,-44,-45,-47,-42,-41,-45,-38,-42,-34,-44,-38,-40,-31,-47,-30,-42,-28,-35,-25,-38,-23,-37,-22,-34,-25,-30,-23,-31,-19,-35,0,0,0,0,0,0,0,0,0,0,0,0,0,0,0,0,0,0,0,0,0,0,30,31,31,36,27,37,24,39,24,38,25,39,26,40,26,46,24,43,30,46,25,52,25,53,27,53,25,55,20,57,17,57,21,62,18,60,17,55,12,55,9,58,7,54,10,49,13,53,15,48,13,45,18,44,17,48,18,41,21,47,16,43,23,41,25,43,20,41,24,40,20,42,24,35,28,32,30,33,31,32,33,30,37,26,36,25,36,25,37,24,30,24,37,22,41,23,37,18,43,17,44,12,45,7,45,6,46,4,52,3,55,1,55,2,0,0]",1
CSI_DATA,62464,1a:00:00:00:00:00,-36,11,1,0,1,1,1,0,0,0,1,-97,0,11,2,838696033,0,44,0,384,0,"[0,0,0,0,0,0,0,0,0,0,0,0,-7,-9,-7,-9,-8,-8,-7,-8,-8,-8,-7,-8,-7,-8,-7,-7,-6,-7,-6,-7,-6,-6,-6,-5,-6,-5,-6,-3,-7,-3,-7,-2,-8,-1,-8,-1,-9,0,-10,0,-10,0,-11,1,-12,0,-12,0,-13,-1,-13,0,0,0,-13,-1,-13,-1,-13,0,-13,0,-13,-1,-14,-1,-13,-2,-13,-2,-12,-2,-12,-3,-12,-3,-11,-4,-11,-3,-10,-3,-10,-3,-10,-3,-10,-3,-9,-3,-9,-3,-8,-3,-8,-3,-7,-3,-8,-3,-7,-3,-8,-3,-7,-3,0,0,0,0,0,0,0,0,0,0,0,0,0,0,-17,57,-9,57,-11,59,-10,55,-8,55,-16,61,-9,54,-8,53,-7,52,-8,51,-8,50,-8,46,-8,49,-1,44,-3,42,1,40,2,40,11,32,14,29,16,32,26,33,30,32,33,33,30,34,33,36,37,43,38,45,38,46,41,48,45,44,39,46,37,52,37,46,38,48,42,48,43,56,37,54,36,62,35,59,26,59,25,54,27,56,26,56,27,54,22,50,23,51,22,49,17,45,12,46,9,47,12,44,10,40,8,40,12,37,12,34,11,37,9,38,0,0,0,0,0,0,0,0,0,0,0,0,0,0,0,0,0,0,0,0,0,0,-27,-33,-25,-37,-26,-37,-23,-36,-25,-37,-21,-43,-24,-40,-25,-42,-24,-42,-25,-47,-23,-56,-21,-57,-20,-55,-19,-58,-15,-56,-12,-57,-16,-63,-14,-63,-12,-59,-4,-60,-3,-53,-3,-54,-3,-51,-8,-50,-7,-47,-11,-45,-11,-42,-11,-45,-14,-45,-17,-43,-17,-46,-20,-45,-19,-43,-22,-41,-24,-41,-25,-40,-21,-36,-26,-39,-28,-34,-29,-34,-32,-33,-33,-31,-37,-34,-34,-33,-38,-33,-40,-29,-38,-34,-36,-30,-37,-24,-37,-22,-43,-22,-41,-18,-43,-16,-45,-15,-49,-13,-52,-9,-49,-19,0,0]",1
CSI_DATA,62465,1a:00:00:00:00:00,-36,11,1,0,1,1,1,0,0,0,1,-97,0,11,2,838706047,0,44,0,384,0,"[0,0,0,0,0,0,0,0,0,0,0,0,7,8,7,8,7,8,7,8,7,7,6,7,6,7,6,7,6,6,6,6,5,5,5,4,5,3,5,2,6,2,6,1,7,0,7,-1,8,-2,9,-2,10,-2,10,-2,11,-2,11,-1,12,-1,12,-1,0,0,12,-1,12,-1,12,-1,12,-1,12,-1,13,0,13,0,12,1,12,1,11,2,11,1,11,2,10,2,10,1,10,1,9,2,9,2,8,2,8,2,7,2,7,2,7,2,7,2,7,1,7,2,7,2,0,0,0,0,0,0,0,0,0,0,0,0,0,0,10,-60,3,-61,3,-56,1,-60,4,-61,4,-60,2,-59,-1,-57,-1,-61,0,-54,2,-53,1,-47,3,-45,-2,-42,-5,-47,-10,-40,-11,-37,-14,-31,-13,-32,-22,-26,-28,-28,-31,-28,-32,-31,-38,-28,-40,-30,-44,-37,-49,-39,-51,-38,-47,-45,-53,-46,-48,-43,-51,-54,-49,-47,-48,-43,-48,-49,-48,-46,-46,-47,-42,-53,-44,-54,-41,-56,-40,-55,-37,-55,-32,-52,-39,-51,-30,-52,-29,-46,-31,-45,-29,-45,-23,-42,-20,-39,-18,-41,-19,-36,-18,-39,-21,-35,-23,-36,-18,-36,-18,-39,0,0,0,0,0,0,0,0,0,0,0,0,0,0,0,0,0,0,0,0,0,0,29,29,25,35,26,38,26,35,24,33,23,35,23,37,28,39,27,42,29,47,28,45,28,50,22,54,23,53,17,59,17,52,14,54,20,57,14,53,11,54,7,54,4,54,8,50,5,41,10,43,12,41,16,38,20,43,21,40,19,35,19,35,22,36,21,35,23,36,25,38,28,37,28,36,33,31,35,31,39,30,37,27,41,28,42,30,41,25,37,24,46,27,44,23,42,21,42,21,46,17,42,13,45,16,45,9,45,9,52,4,54,8,53,10,0,0]",1
CSI_DATA,62466,1a:00:00:00:00:00,-36,11,1,0,1,1,1,0,0,0,1,-97,0,11,2,838726046,0,44,0,384,0,"[0,0,0,0,0,0,0,0,0,0,0,0,7,9,7,8,7,8,6,8,6,8,6,7,6,7,5,7,5,6,5,6,5,5,5,4,5,3,5,2,5,1,6,0,6,-1,6,-1,7,-2,8,-2,9,-2,10,-3,10,-2,11,-2,11,-2,11,-2,0,0,11,-1,12,-2,11,-2,12,-2,12,-1,12,0,12,0,12,1,11,0,12,1,11,1,11,1,10,1,10,1,10,1,9,1,9,2,9,2,8,2,8,2,7,2,7,2,7,2,6,1,7,2,6,2,0,0,0,0,0,0,0,0,0,0,0,0,0,0,-6,-64,1,-68,-1,-62,-2,-62,-4,-64,-5,-59,-6,-59,0,-58,-10,-55,-6,-50,-7,-51,-10,-49,-7,-46,-9,-46,-12,-40,-17,-38,-13,-36,-17,-29,-19,-29,-23,-22,-30,-20,-34,-18,-39,-19,-40,-13,-47,-20,-51,-21,-54,-22,-57,-23,-54,-29,-55,-30,-58,-32,-60,-31,-60,-26,-60,-28,-57,-31,-60,-28,-65,-35,-57,-35,-55,-39,-58,-34,-53,-35,-53,-41,-47,-37,-55,-32,-45,-40,-44,-38,-42,-40,-42,-37,-37,-36,-30,-35,-34,-32,-32,-35,-29,-32,-25,-29,-34,-28,-28,-27,-26,-29,0,0,0,0,0,0,0,0,0,0,0,0,0,0,0,0,0,0,0,0,0,0,29,30,24,37,26,33,22,33,23,36,26,34,26,35,25,36,29,40,29,45,27,42,25,54,25,50,22,53,19,55,22,51,24,51,20,54,23,54,23,52,19,51,15,53,20,46,14,44,16,44,21,42,22,42,23,41,23,41,29,40,24,42,27,36,29,32,31,35,33,34,36,32,38,30,40,30,35,32,43,27,45,26,42,25,46,24,48,20,44,26,43,24,46,20,44,17,45,17,44,18,45,11,49,5,48,9,53,2,57,-5,60,-9,56,-8,0,0]",1
CSI_DATA,62467,1a:00:00:00:00:00,-37,11,1,0,1,1,1,0,0,0,1,-97,0,11,2,838736025,0,44,0,384,0,"[0,0,0,0,0,0,0,0,0,0,0,0,-9,-8,-9,-8,-8,-8,-8,-8,-8,-7,-8,-7,-8,-7,-7,-7,-7,-6,-7,-6,-7,-5,-6,-5,-6,-4,-6,-3,-6,-2,-6,-1,-7,0,-7,1,-8,2,-8,2,-9,2,-10,3,-11,2,-11,2,-12,2,-12,2,0,0,-12,2,-12,2,-12,2,-13,2,-13,1,-13,1,-13,0,-12,0,-12,0,-12,0,-12,0,-12,-1,-11,-1,-11,-1,-11,-1,-11,-1,-10,-2,-10,-2,-9,-2,-9,-2,-9,-2,-8,-2,-8,-2,-8,-2,-8,-2,-8,-2,0,0,0,0,0,0,0,0,0,0,0,0,0,0,-11,63,-8,61,-4,59,-10,55,-4,59,-9,56,-6,58,-6,53,-4,52,-6,50,-6,50,-5,47,-1,46,0,46,0,39,1,37,6,33,11,27,10,31,17,23,19,26,31,25,30,26,32,27,38,25,47,29,43,35,48,33,49,37,51,37,47,42,47,42,48,42,47,38,50,40,49,43,44,41,43,45,42,50,41,46,39,46,36,43,36,48,35,48,34,40,33,43,25,42,29,47,25,40,25,40,23,41,17,36,18,36,20,36,18,33,21,38,17,36,0,0,0,0,0,0,0,0,0,0,0,0,0,0,0,0,0,0,0,0,0,0,-32,-34,-30,-34,-28,-37,-22,-36,-24,-39,-19,-37,-26,-39,-23,-43,-28,-45,-29,-51,-29,-53,-25,-54,-26,-54,-20,-56,-19,-54,-17,-59,-19,-56,-18,-60,-14,-56,-12,-60,-6,-56,-12,-54,-9,-54,-9,-48,-15,-42,-18,-45,-20,-45,-17,-47,-19,-43,-23,-40,-24,-46,-19,-39,-24,-42,-26,-42,-28,-46,-30,-41,-31,-39,-33,-37,-32,-32,-34,-36,-37,-34,-39,-31,-39,-33,-44,-29,-44,-29,-34,-32,-43,-33,-36,-30,-44,-25,-44,-25,-42,-16,-40,-16,-46,-13,-50,-12,-56,-10,-55,-6,-54,-7,0,0]",1
CSI_DATA,62468,1a:00:00:00:00:00,-37,11,1,0,1,1,1,0,0,0,1,-97,0,11,2,838746017,0,44,0,384,0,"[0,0,0,0,0,0,0,0,0,0,0,0,9,5,9,5,9,5,9,5,9,5,8,4,8,4,8,4,7,4,7,3,7,3,6,2,6,1,5,0,5,0,6,-2,5,-2,6,-3,6,-4,7,-5,7,-5,8,-6,9,-6,9,-6,10,-5,10,-6,0,0,10,-5,10,-5,10,-5,11,-5,11,-5,11,-5,11,-4,11,-4,11,-4,11,-3,10,-3,10,-3,10,-3,10,-3,10,-3,9,-2,9,-2,9,-2,8,-1,8,-1,8,-1,8,-1,7,-1,7,-1,7,-1,7,-1,0,0,0,0,0,0,0,0,0,0,0,0,0,0,-11,-60,-3,-58,-12,-56,-12,-59,-10,-58,-6,-65,-11,-54,-10,-55,-14,-59,-13,-54,-8,-47,-9,-49,-14,-46,-15,-43,-13,-40,-16,-35,-17,-31,-22,-27,-19,-28,-27,-19,-31,-16,-37,-20,-38,-13,-42,-13,-50,-15,-54,-21,-58,-22,-55,-24,-59,-20,-59,-24,-54,-23,-54,-21,-60,-27,-58,-23,-58,-26,-58,-27,-62,-27,-61,-32,-60,-31,-54,-36,-58,-31,-49,-32,-53,-35,-53,-32,-50,-34,-48,-33,-45,-36,-45,-34,-37,-31,-38,-31,-37,-35,-32,-29,-33,-29,-31,-32,-32,-32,-35,-29,-30,-34,0,0,0,0,0,0,0,0,0,0,0,0,0,0,0,0,0,0,0,0,0,0,36,27,32,29,34,33,34,37,34,33,30,33,33,34,33,40,37,42,39,42,35,49,38,49,37,51,35,53,27,53,27,56,28,58,26,53,24,52,20,48,21,53,17,52,23,45,21,44,24,42,23,41,26,39,24,40,27,37,28,40,30,34,34,36,35,37,36,35,35,34,34,32,39,31,35,27,40,26,40,30,38,19,38,21,43,27,49,20,45,17,46,16,44,22,46,14,41,13,48,11,40,7,45,5,47,2,43,-5,53,-8,52,-10,56,-11,0,0]",1
CSI_DATA,62469,1a:00:00:00:00:00,-37,11,1,0,1,1,1,0,0,0,1,-97,0,11,2,838766023,0,44,0,384,0,"[0,0,0,0,0,0,0,0,0,0,0,0,9,2,9,2,9,2,9,2,9,2,8,2,8,1,8,1,7,1,7,0,7,0,6,-1,5,-1,5,-2,5,-3,4,-4,4,-5,5,-6,5,-7,5,-8,6,-8,7,-9,7,-9,8,-9,8,-9,9,-9,0,0,9,-8,8,-8,8,-8,9,-8,9,-8,10,-8,10,-8,10,-7,10,-7,9,-6,9,-6,9,-5,8,-5,8,-5,8,-5,8,-5,7,-4,7,-4,7,-4,7,-4,6,-4,6,-4,6,-4,6,-4,6,-4,6,-3,0,0,0,0,0,0,0,0,0,0,0,0,0,0,-14,-54,-21,-61,-21,-50,-9,-49,-17,-57,-17,-50,-15,-55,-15,-52,-21,-52,-15,-46,-13,-43,-19,-42,-16,-41,-21,-30,-21,-34,-24,-31,-26,-26,-26,-17,-29,-20,-27,-15,-33,-13,-42,-10,-42,-6,-45,-10,-55,-8,-61,-11,-60,-15,-66,-16,-62,-17,-64,-12,-63,-21,-61,-20,-62,-24,-63,-17,-65,-22,-60,-21,-61,-28,-61,-31,-62,-27,-61,-33,-53,-30,-54,-29,-51,-31,-50,-28,-45,-28,-51,-28,-42,-26,-43,-31,-36,-22,-35,-32,-37,-28,-30,-25,-31,-21,-28,-26,-31,-21,-32,-25,-29,-23,0,0,0,0,0,0,0,0,0,0,0,0,0,0,0,0,0,0,0,0,0,0,40,20,35,21,37,28,36,27,37,23,29,26,38,24,35,26,41,27,44,28,43,38,41,41,41,40,43,46,35,46,36,49,37,46,41,49,31,46,36,46,30,52,28,47,22,42,30,39,25,35,27,37,32,35,30,34,36,36,35,28,40,28,39,25,38,25,41,25,40,26,43,27,40,24,43,22,47,19,46,21,45,19,53,12,46,12,48,12,46,16,51,8,44,11,42,14,50,10,45,6,42,6,45,-3,47,-2,45,-5,49,-11,50,-14,50,-14,0,0]",1
CSI_DATA,62470,1a:00:00:00:00:00,-37,11,1,0,1,1,1,0,0,0,1,-97,0,11,2,838776064,0,44,0,384,0,"[0,0,0,0,0,0,0,0,0,0,0,0,-11,-3,-10,-3,-10,-3,-10,-3,-10,-3,-9,-2,-9,-2,-9,-2,-8,-2,-8,-1,-7,-1,-7,-1,-6,0,-6,1,-6,2,-5,3,-5,4,-5,5,-5,6,-6,6,-6,7,-7,8,-8,8,-8,8,-9,8,-9,8,0,0,-9,8,-9,8,-9,8,-10,8,-9,8,-10,8,-11,7,-10,7,-10,6,-10,6,-10,6,-10,5,-9,5,-9,5,-9,4,-9,4,-8,4,-8,4,-8,3,-7,3,-7,3,-7,3,-7,3,-7,3,-7,3,-7,3,0,0,0,0,0,0,0,0,0,0,0,0,0,0,23,53,16,54,17,53,18,54,18,51,18,48,19,49,18,51,20,48,16,45,19,42,19,40,16,37,21,28,18,32,21,28,25,25,25,16,24,15,30,11,37,8,38,1,47,1,46,4,52,2,61,5,61,4,61,1,63,11,64,6,58,12,65,18,58,12,62,8,60,13,69,18,69,22,66,20,66,21,60,26,51,20,53,22,57,26,55,23,51,27,46,19,43,23,45,25,40,24,40,26,37,23,30,20,38,22,31,18,36,19,34,24,34,23,0,0,0,0,0,0,0,0,0,0,0,0,0,0,0,0,0,0,0,0,0,0,-40,-21,-35,-25,-34,-27,-35,-32,-33,-27,-34,-26,-32,-25,-41,-26,-40,-31,-37,-31,-46,-38,-42,-38,-43,-40,-40,-42,-35,-50,-34,-43,-38,-42,-38,-47,-35,-45,-34,-47,-29,-47,-31,-48,-30,-44,-28,-44,-29,-37,-32,-35,-32,-33,-38,-36,-33,-31,-36,-31,-36,-33,-38,-27,-39,-29,-42,-29,-38,-23,-40,-26,-41,-23,-44,-20,-43,-19,-44,-14,-49,-12,-45,-14,-48,-16,-52,-12,-48,-15,-53,-15,-48,-9,-46,-11,-45,-10,-46,-3,-46,0,-49,-2,-41,8,-42,7,-43,13,-48,10,-53,17,0,0]",1
CSI_DATA,62471,1a:00:00:00:00:00,-37,11,1,0,1,1,1,0,0,0,1,-97,0,11,2,838786026,0,44,0,384,0,"[0,0,0,0,0,0,0,0,0,0,0,0,10,1,10,1,10,1,9,0,9,1,9,0,8,0,8,0,8,0,7,-1,7,-1,6,-2,5,-2,5,-3,4,-3,4,-5,4,-5,4,-7,3,-7,4,-8,4,-9,5,-10,5,-10,6,-11,6,-10,6,-10,0,0,7,-10,7,-11,7,-11,7,-11,7,-11,8,-11,8,-10,8,-10,8,-10,8,-9,8,-9,7,-8,7,-8,7,-8,7,-8,7,-7,7,-7,7,-6,7,-6,6,-6,6,-5,6,-5,5,-5,5,-5,6,-6,6,-5,0,0,0,0,0,0,0,0,0,0,0,0,0,0,-36,-51,-30,-53,-31,-53,-33,-47,-32,-51,-28,-43,-32,-45,-30,-41,-28,-45,-27,-37,-30,-41,-27,-33,-30,-35,-31,-30,-27,-25,-30,-23,-29,-20,-30,-12,-29,-7,-32,-9,-35,-2,-42,9,-39,6,-45,7,-50,14,-59,8,-58,9,-66,7,-65,6,-65,6,-67,6,-70,0,-67,5,-66,7,-70,3,-68,2,-69,2,-69,2,-68,-3,-65,-7,-65,-8,-60,-5,-64,-8,-61,-8,-60,-12,-56,-11,-54,-11,-56,-10,-51,-11,-41,-13,-47,-10,-44,-16,-43,-12,-42,-11,-34,-12,-40,-13,-41,-16,0,0,0,0,0,0,0,0,0,0,0,0,0,0,0,0,0,0,0,0,0,0,43,13,40,15,40,18,36,23,38,22,35,20,37,21,39,20,46,22,47,21,47,29,48,32,48,32,46,33,42,37,38,38,42,38,43,40,46,38,34,37,34,40,38,41,36,37,32,33,33,31,36,31,34,29,36,28,37,24,43,24,39,19,42,23,41,15,42,15,44,16,43,11,46,10,45,10,44,9,46,3,46,3,44,-3,46,1,46,-1,50,-7,47,3,48,-2,45,-6,52,-10,44,-9,46,-17,43,-18,45,-16,39,-27,44,-25,47,-28,49,-35,0,0]",1
CSI_DATA,62472,1a:00:00:00:00:00,-37,11,1,0,1,1,1,0,0,0,1,-97,0,11,2,838796039,0,44,0,384,0,"[0,0,0,0,0,0,0,0,0,0,0,0,-11,-2,-11,-2,-11,-2,-10,-2,-10,-2,-10,-2,-9,-2,-9,-1,-9,-1,-8,-1,-8,-1,-7,0,-6,0,-6,1,-5,2,-5,3,-5,4,-5,5,-5,6,-5,7,-6,7,-6,8,-7,8,-7,9,-8,9,-8,8,0,0,-8,9,-8,9,-8,9,-9,9,-9,9,-9,9,-10,8,-10,8,-10,8,-10,7,-9,7,-9,7,-9,6,-9,6,-10,6,-9,5,-9,5,-9,5,-8,4,-8,4,-8,3,-7,3,-8,3,-7,3,-7,3,-7,3,0,0,0,0,0,0,0,0,0,0,0,0,0,0,34,57,35,55,31,54,33,49,34,49,32,47,30,47,31,45,31,43,29,40,26,37,27,36,29,34,30,27,25,27,29,22,28,17,30,13,33,6,29,2,34,-2,39,-8,42,-11,48,-9,50,-16,57,-12,58,-12,57,-8,62,-11,61,-11,62,-11,64,-9,63,-11,65,-13,65,-11,67,-6,69,-8,67,-4,70,-2,67,1,67,0,64,0,65,4,61,2,58,5,55,1,56,5,56,7,50,10,46,12,47,11,42,10,43,7,43,11,44,6,39,12,41,11,0,0,0,0,0,0,0,0,0,0,0,0,0,0,0,0,0,0,0,0,0,0,-41,-13,-40,-22,-43,-19,-37,-27,-39,-22,-35,-21,-37,-23,-47,-22,-46,-26,-46,-27,-48,-30,-45,-36,-49,-35,-47,-39,-48,-39,-41,-40,-43,-39,-40,-40,-42,-38,-42,-41,-32,-40,-39,-36,-35,-40,-33,-33,-35,-36,-38,-32,-35,-29,-41,-26,-35,-26,-40,-21,-41,-23,-43,-17,-44,-16,-41,-18,-42,-13,-42,-13,-44,-12,-42,-8,-48,-10,-47,-2,-49,0,-46,3,-51,1,-50,5,-48,7,-44,2,-46,8,-49,10,-50,7,-48,10,-44,16,-45,22,-46,22,-44,26,-50,27,-51,29,-46,29,0,0]",1
CSI_DATA,62473,1a:00:00:00:00:00,-36,11,1,0,1,1,1,0,0,0,1,-97,0,11,2,838806040,0,44,0,384,0,"[0,0,0,0,0,0,0,0,0,0,0,0,11,1,10,0,10,0,10,0,9,0,9,0,9,0,8,0,8,0,7,-1,7,-1,6,-1,5,-2,5,-3,5,-3,4,-5,4,-5,4,-6,3,-7,4,-8,4,-9,5,-9,5,-10,5,-10,6,-10,6,-10,0,0,6,-10,6,-10,6,-11,7,-11,7,-11,7,-11,8,-10,8,-10,8,-10,8,-9,7,-9,7,-9,7,-8,7,-8,8,-8,7,-7,7,-7,7,-6,7,-6,7,-5,7,-5,6,-5,6,-5,5,-5,6,-5,6,-5,0,0,0,0,0,0,0,0,0,0,0,0,0,0,-38,-52,-34,-51,-35,-51,-36,-50,-35,-46,-34,-47,-33,-46,-37,-44,-33,-39,-33,-40,-31,-37,-31,-34,-28,-35,-27,-31,-29,-28,-32,-22,-29,-19,-30,-11,-32,-7,-29,-2,-33,2,-35,8,-46,6,-45,10,-46,14,-54,14,-56,15,-59,14,-61,15,-58,12,-61,11,-62,9,-66,10,-67,15,-66,13,-67,11,-69,8,-70,11,-63,8,-65,3,-62,4,-64,-1,-62,-3,-61,-2,-63,-3,-60,1,-58,-7,-55,-5,-53,-7,-49,-8,-44,-7,-46,-11,-44,-6,-40,-5,-39,-4,-43,-8,-38,-11,0,0,0,0,0,0,0,0,0,0,0,0,0,0,0,0,0,0,0,0,0,0,38,16,40,19,36,20,35,24,35,21,38,24,39,22,38,22,45,27,44,28,42,31,50,31,46,35,46,37,44,41,41,36,42,37,39,42,44,45,35,43,39,44,35,39,34,37,32,35,33,36,32,29,35,27,40,27,33,25,38,22,37,19,40,17,40,16,39,15,43,12,38,11,39,10,40,6,44,8,44,4,42,-1,45,1,45,-4,49,-9,46,-5,42,-8,47,-7,45,-9,45,-13,46,-16,48,-19,43,-23,49,-19,45,-26,52,-25,53,-29,48,-38,0,0]",1
CSI_DATA,62474,1a:00:00:00:00:00,-37,11,1,0,1,1,1,0,0,0,1,-97,0,11,2,838816040,0,44,0,384,0,"[0,0,0,0,0,0,0,0,0,0,0,0,-11,-1,-11,-1,-11,-1,-11,-1,-10,-1,-11,-1,-10,0,-9,0,-9,0,-8,0,-8,0,-7,1,-7,1,-6,2,-5,2,-5,3,-5,4,-4,5,-4,6,-5,7,-5,7,-5,8,-6,8,-6,9,-7,9,-7,9,0,0,-7,9,-7,9,-7,9,-7,9,-8,9,-8,9,-9,9,-9,8,-9,8,-9,7,-9,8,-8,7,-8,7,-8,7,-8,6,-9,6,-8,5,-8,5,-8,4,-8,4,-7,4,-7,3,-6,3,-6,4,-7,4,-7,3,0,0,0,0,0,0,0,0,0,0,0,0,0,0,27,58,33,52,31,52,36,50,35,49,30,47,30,50,30,47,33,43,26,42,27,39,25,38,28,33,28,32,24,30,29,25,28,18,29,16,32,10,28,7,31,1,31,3,39,-4,44,-5,53,-1,57,-10,58,-4,55,-8,60,-4,59,-7,59,-4,64,-1,58,-3,65,-3,66,-2,66,0,68,2,64,-1,65,7,67,7,59,6,59,10,60,11,59,6,61,8,61,14,53,9,49,17,47,14,43,16,46,15,39,16,38,15,35,13,35,16,36,17,38,17,0,0,0,0,0,0,0,0,0,0,0,0,0,0,0,0,0,0,0,0,0,0,-45,-4,-46,-12,-43,-15,-40,-17,-42,-18,-43,-16,-42,-16,-47,-16,-52,-24,-54,-17,-51,-25,-52,-27,-54,-30,-56,-29,-49,-35,-47,-35,-50,-37,-50,-37,-45,-39,-47,-39,-45,-39,-40,-40,-40,-37,-36,-32,-39,-27,-37,-25,-42,-28,-39,-27,-39,-25,-44,-21,-46,-22,-41,-13,-40,-16,-43,-16,-51,-16,-47,-16,-47,-8,-44,-6,-47,-6,-46,-3,-51,0,-47,4,-46,1,-53,10,-54,6,-45,10,-50,10,-47,4,-49,12,-43,13,-47,17,-47,24,-46,21,-46,33,-52,31,-51,35,-50,30,0,0]",1
CSI_DATA,62475,1a:00:00:00:00:00,-37,11,1,0,1,1,1,0,0,0,1,-97,0,11,2,838827064,0,44,0,384,0,"[0,0,0,0,0,0,0,0,0,0,0,0,-1,10,0,10,0,10,0,9,0,9,0,9,0,9,0,8,0,8,0,7,0,7,1,7,1,6,2,5,2,4,3,4,4,4,5,4,6,3,7,3,7,4,8,4,8,5,9,6,9,6,9,6,0,0,8,6,9,6,9,6,9,7,9,7,9,7,8,7,8,8,7,8,7,8,7,7,6,7,6,7,6,7,6,7,5,7,5,7,5,7,4,7,4,6,3,6,4,5,3,6,3,5,3,5,3,5,0,0,0,0,0,0,0,0,0,0,0,0,0,0,40,-44,36,-47,34,-51,33,-44,34,-43,35,-50,34,-41,35,-45,33,-40,25,-43,23,-41,24,-36,25,-34,19,-37,15,-35,12,-36,9,-36,5,-32,2,-33,-2,-33,-7,-37,-8,-32,-12,-33,-20,-39,-18,-45,-21,-43,-22,-50,-20,-55,-22,-59,-19,-58,-19,-55,-18,-60,-16,-54,-17,-55,-20,-57,-14,-60,-16,-65,-11,-62,-12,-62,-6,-67,-7,-57,-7,-58,-7,-56,-6,-52,-4,-52,0,-52,-3,-55,1,-53,2,-49,4,-48,7,-40,5,-46,3,-41,4,-39,5,-36,2,-36,2,-39,0,0,0,0,0,0,0,0,0,0,0,0,0,0,0,0,0,0,0,0,0,0,12,44,6,45,5,44,4,48,6,46,5,44,7,48,3,48,8,49,8,58,3,55,0,60,-3,59,-3,59,-7,60,-6,57,-9,62,-12,64,-14,58,-14,57,-20,57,-15,57,-15,51,-14,50,-10,52,-10,54,-3,47,-7,49,-5,46,-5,54,-1,46,-1,48,0,47,4,47,4,52,6,46,6,50,9,45,9,45,10,46,16,42,18,44,19,48,21,43,23,47,16,48,19,49,18,39,19,43,25,38,27,39,31,35,30,31,33,38,38,31,47,36,39,32,0,0]",1
CSI_DATA,62476,1a:00:00:00:00:00,-37,11,1,0,1,1,1,0,0,0,1,-97,0,11,2,838846049,0,44,0,384,0,"[0,0,0,0,0,0,0,0,0,0,0,0,9,-3,9,-3,9,-3,9,-3,8,-3,8,-3,8,-3,7,-3,7,-3,6,-3,6,-3,5,-4,4,-4,4,-4,3,-5,2,-5,2,-6,2,-7,1,-8,1,-9,2,-10,2,-10,3,-11,3,-11,4,-11,3,-11,0,0,4,-11,4,-11,4,-11,4,-11,4,-11,5,-11,5,-11,5,-10,6,-10,6,-9,5,-9,5,-9,5,-9,5,-9,5,-8,5,-8,5,-8,5,-7,5,-7,5,-6,5,-6,5,-6,4,-6,4,-6,5,-6,5,-6,0,0,0,0,0,0,0,0,0,0,0,0,0,0,-39,-42,-39,-42,-37,-42,-39,-39,-38,-43,-37,-35,-40,-37,-37,-29,-41,-36,-36,-30,-33,-25,-35,-26,-35,-18,-34,-20,-31,-23,-29,-17,-33,-9,-33,-4,-33,-2,-32,0,-36,8,-38,11,-34,14,-44,18,-47,15,-53,15,-58,19,-58,12,-60,16,-64,19,-63,13,-62,11,-60,11,-62,14,-63,14,-64,9,-67,9,-66,5,-70,3,-65,4,-56,3,-61,-1,-62,1,-59,0,-54,-1,-58,0,-52,-3,-55,-8,-47,-6,-44,-4,-44,-6,-43,-8,-39,-8,-44,-8,-41,-4,-40,-2,-40,-12,0,0,0,0,0,0,0,0,0,0,0,0,0,0,0,0,0,0,0,0,0,0,44,-11,48,-3,46,-5,47,-3,49,-3,45,-5,45,-4,50,-5,56,-6,57,-1,60,2,61,3,65,6,63,8,62,18,65,18,59,15,65,19,58,19,62,21,57,21,53,25,49,19,47,16,47,11,46,15,50,14,43,13,49,10,49,10,45,6,49,8,52,6,47,5,45,1,49,-2,47,-1,45,-4,43,-7,48,-11,46,-9,43,-16,48,-13,53,-17,45,-21,52,-15,42,-16,45,-15,42,-17,49,-24,40,-23,38,-30,35,-29,36,-29,29,-31,40,-30,40,-37,0,0]",1
CSI_DATA,62477,1a:00:00:00:00:00,-37,11,1,0,1,1,1,0,0,0,1,-97,0,11,2,838856043,0,44,0,384,0,"[0,0,0,0,0,0,0,0,0,0,0,0,-10,2,-10,2,-9,2,-10,2,-9,2,-9,3,-8,3,-8,2,-7,2,-7,2,-6,3,-5,3,-5,3,-4,3,-3,4,-2,5,-1,5,-1,6,0,7,0,8,0,9,0,10,-1,11,-1,11,-1,11,-1,12,0,0,-2,12,-2,11,-1,12,-1,11,-2,12,-2,12,-3,12,-3,11,-3,11,-3,11,-3,11,-3,10,-3,10,-3,10,-3,9,-3,9,-3,9,-3,9,-4,8,-3,7,-3,7,-3,7,-3,7,-3,7,-3,7,-3,6,0,0,0,0,0,0,0,0,0,0,0,0,0,0,49,30,46,32,52,29,45,27,45,26,48,25,45,22,46,25,43,21,40,14,39,15,40,15,34,17,33,9,32,5,30,3,27,-5,28,-3,30,-7,30,-14,20,-24,23,-27,30,-32,30,-35,30,-38,34,-43,46,-40,45,-42,46,-47,44,-39,46,-46,49,-41,49,-34,47,-44,43,-41,49,-46,54,-38,54,-37,57,-39,48,-35,51,-35,49,-34,50,-31,48,-30,48,-32,48,-33,46,-27,45,-24,48,-20,45,-19,42,-22,37,-18,40,-16,38,-18,37,-17,37,-18,37,-13,0,0,0,0,0,0,0,0,0,0,0,0,0,0,0,0,0,0,0,0,0,0,-45,1,-46,-3,-46,-5,-49,-7,-44,-7,-41,-5,-48,-7,-49,-4,-52,-4,-56,-10,-57,-13,-61,-13,-62,-18,-58,-19,-58,-22,-53,-21,-58,-22,-52,-27,-56,-22,-53,-26,-53,-28,-51,-23,-53,-26,-48,-24,-43,-18,-44,-14,-44,-15,-43,-15,-44,-13,-44,-8,-45,-4,-47,-9,-47,-4,-43,1,-47,5,-45,2,-45,6,-44,9,-48,9,-46,11,-44,19,-40,17,-47,21,-47,22,-47,21,-45,17,-45,24,-42,27,-40,27,-39,27,-35,28,-33,32,-33,35,-30,35,-31,41,-31,47,-32,45,0,0]",1
CSI_DATA,62478,1a:00:00:00:00:00,-37,11,1,0,1,1,1,0,0,0,1,-97,0,11,2,838886040,0,44,0,384,0,"[0,0,0,0,0,0,0,0,0,0,0,0,10,-4,10,-4,10,-4,10,-4,9,-4,9,-4,9,-4,8,-4,8,-4,7,-4,7,-4,6,-4,5,-4,4,-4,3,-5,2,-6,2,-6,1,-7,1,-8,1,-9,1,-9,1,-10,1,-11,1,-11,2,-12,2,-12,0,0,3,-12,3,-12,2,-12,3,-12,3,-12,4,-12,4,-12,4,-11,5,-11,5,-11,4,-11,4,-10,4,-10,4,-10,4,-9,5,-9,5,-9,4,-8,5,-7,4,-7,5,-7,4,-7,4,-7,3,-7,4,-7,4,-7,0,0,0,0,0,0,0,0,0,0,0,0,0,0,-56,-31,-61,-30,-54,-31,-52,-32,-55,-24,-53,-29,-53,-24,-51,-27,-46,-19,-47,-20,-48,-20,-46,-17,-43,-14,-39,-17,-39,-14,-37,-8,-40,-7,-33,1,-30,2,-29,10,-34,14,-29,15,-30,22,-36,26,-41,29,-45,34,-42,34,-46,32,-50,35,-54,36,-48,34,-53,37,-50,28,-52,36,-52,37,-57,32,-57,30,-58,31,-61,29,-58,24,-53,22,-60,26,-57,20,-52,22,-54,21,-50,18,-50,14,-50,17,-48,12,-43,12,-44,6,-39,13,-40,9,-39,11,-40,10,-40,9,-42,8,0,0,0,0,0,0,0,0,0,0,0,0,0,0,0,0,0,0,0,0,0,0,43,-14,45,-12,48,-9,47,-10,46,-10,45,-5,44,-8,46,-10,49,-7,53,-10,55,-5,56,-6,60,-5,60,-2,63,1,56,4,60,4,57,3,59,5,56,7,55,12,53,8,49,10,52,5,46,4,48,2,43,-4,46,-2,45,-5,47,-13,43,-11,52,-13,46,-14,44,-10,46,-15,44,-15,43,-19,40,-23,43,-24,38,-26,43,-29,42,-29,40,-29,41,-31,41,-33,40,-37,39,-35,41,-31,37,-36,31,-41,35,-36,29,-40,29,-43,21,-41,24,-46,28,-53,26,-56,0,0]",1
CSI_DATA,62479,1a:00:00:00:00:00,-37,11,1,0,1,1,1,0,0,0,1,-97,0,11,2,838896015,0,44,0,384,0,"[0,0,0,0,0,0,0,0,0,0,0,0,-10,5,-10,5,-10,5,-9,5,-9,5,-9,5,-8,5,-8,5,-8,4,-7,5,-7,4,-6,4,-5,4,-4,4,-4,4,-3,5,-2,5,-2,6,-1,7,-1,7,0,8,0,9,-1,10,-1,10,-1,11,-2,11,0,0,-2,11,-2,11,-2,11,-2,11,-2,11,-3,11,-3,11,-4,11,-4,11,-4,10,-4,10,-4,9,-4,9,-4,9,-4,8,-5,8,-5,8,-5,7,-5,7,-4,6,-4,6,-4,6,-4,6,-4,6,-4,6,-4,6,0,0,0,0,0,0,0,0,0,0,0,0,0,0,62,12,59,13,62,9,55,11,60,14,54,12,54,14,52,15,53,10,49,10,46,7,48,8,44,6,42,4,36,2,35,-3,34,-1,31,-6,33,-10,29,-14,34,-17,28,-24,30,-29,31,-31,32,-32,34,-40,41,-38,39,-40,44,-38,40,-41,47,-38,45,-38,50,-39,43,-41,45,-42,51,-39,49,-38,50,-36,55,-31,50,-32,48,-28,52,-33,45,-26,50,-26,48,-24,51,-22,48,-23,46,-16,41,-17,40,-15,42,-10,34,-13,35,-12,40,-10,38,-10,36,-10,41,-9,0,0,0,0,0,0,0,0,0,0,0,0,0,0,0,0,0,0,0,0,0,0,-33,37,-35,34,-35,31,-40,29,-36,29,-36,29,-39,27,-43,28,-41,33,-45,33,-50,31,-50,32,-54,31,-57,29,-56,23,-57,24,-56,21,-59,22,-58,18,-58,14,-60,11,-59,12,-55,14,-49,16,-49,17,-49,18,-44,19,-51,16,-48,20,-48,23,-43,22,-46,23,-42,26,-42,24,-44,33,-43,28,-38,29,-38,29,-34,31,-36,36,-32,36,-34,36,-32,40,-36,39,-31,41,-34,37,-33,38,-31,41,-28,42,-24,44,-24,41,-18,42,-15,52,-16,43,-9,54,-12,53,-14,51,0,0]",1
CSI_DATA,62480,1a:00:00:00:00:00,-38,11,1,0,1,1,1,0,0,0,1,-97,0,11,2,838916015,0,44,0,384,0,"[0,0,0,0,0,0,0,0,0,0,0,0,-9,7,-8,7,-8,7,-8,6,-8,6,-7,6,-7,6,-7,6,-6,5,-6,5,-5,5,-5,5,-4,5,-3,5,-2,5,-1,5,-1,6,0,6,1,6,2,7,2,8,2,9,2,10,2,10,1,10,1,10,0,0,1,11,1,11,1,11,1,11,1,11,1,11,0,11,0,11,-1,11,-1,11,-1,10,-1,10,-1,9,-1,9,-1,9,-2,9,-2,9,-2,8,-2,8,-2,7,-2,7,-2,7,-2,7,-2,6,-2,6,-2,6,0,0,0,0,0,0,0,0,0,0,0,0,0,0,58,13,54,6,54,8,50,5,58,8,55,4,53,8,55,4,53,7,51,5,50,3,47,2,43,0,39,-2,36,3,32,-4,36,-9,29,-10,26,-14,26,-19,24,-20,24,-29,25,-28,28,-38,25,-36,28,-42,31,-42,39,-43,38,-43,36,-48,36,-43,39,-47,39,-38,39,-44,39,-44,41,-51,43,-45,45,-39,46,-44,49,-43,45,-36,45,-36,40,-32,44,-34,42,-30,44,-31,42,-25,41,-25,37,-19,37,-19,35,-23,34,-18,39,-22,32,-16,33,-18,37,-16,33,-20,0,0,0,0,0,0,0,0,0,0,0,0,0,0,0,0,0,0,0,0,0,0,-31,34,-36,29,-39,26,-35,25,-34,27,-32,26,-39,29,-39,32,-39,36,-42,33,-50,30,-57,30,-56,29,-58,22,-58,24,-55,18,-60,20,-55,24,-58,22,-62,12,-62,17,-57,12,-54,7,-49,14,-49,13,-48,18,-46,19,-48,16,-47,23,-45,21,-46,26,-47,27,-40,23,-44,27,-40,28,-40,25,-45,32,-35,30,-45,34,-37,36,-33,36,-33,39,-31,35,-35,43,-34,41,-33,30,-30,42,-31,37,-30,41,-29,40,-27,41,-19,45,-14,42,-12,42,-15,50,-11,48,-3,54,0,0]",1
CSI_DATA,62481,1a:00:00:00:00:00,-38,11,1,0,1,1,1,0,0,0,1,-97,0,11,2,838926033,0,44,0,384,0,"[0,0,0,0,0,0,0,0,0,0,0,0,8,-8,7,-7,7,-7,7,-7,7,-7,6,-7,6,-7,6,-6,5,-6,5,-6,4,-6,4,-6,3,-6,2,-5,1,-6,0,-6,-1,-6,-2,-6,-3,-7,-3,-8,-3,-9,-4,-10,-4,-10,-3,-11,-3,-11,-3,-11,0,0,-3,-11,-3,-11,-3,-11,-3,-11,-3,-11,-2,-12,-2,-12,-2,-12,-1,-12,-1,-11,-1,-11,-1,-11,-1,-11,-1,-10,0,-10,0,-10,0,-10,0,-9,0,-9,1,-8,1,-8,1,-8,0,-8,0,-7,0,-8,0,-8,0,0,0,0,0,0,0,0,0,0,0,0,0,0,-61,-18,-58,-16,-60,-20,-61,-17,-56,-14,-60,-20,-55,-17,-57,-14,-48,-18,-50,-11,-49,-13,-46,-10,-45,-4,-42,0,-36,-4,-35,-1,-32,1,-32,5,-26,13,-25,14,-26,21,-26,19,-28,31,-27,36,-27,35,-33,45,-33,42,-38,47,-38,44,-41,46,-45,50,-43,47,-37,33,-44,47,-39,46,-41,47,-42,45,-48,48,-42,43,-48,42,-44,36,-41,36,-41,35,-45,37,-47,35,-45,32,-46,31,-44,28,-44,24,-38,22,-40,18,-36,17,-36,21,-36,18,-36,17,-37,19,-36,15,0,0,0,0,0,0,0,0,0,0,0,0,0,0,0,0,0,0,0,0,0,0,45,-24,44,-21,43,-18,45,-17,46,-13,42,-14,40,-19,40,-17,49,-24,48,-25,55,-20,59,-18,58,-17,63,-13,62,-9,57,-10,65,-6,61,-9,70,-9,65,-5,66,-2,59,2,53,0,54,-4,51,-3,50,-8,48,-9,49,-13,48,-10,46,-14,47,-19,48,-19,44,-18,46,-23,47,-21,48,-22,45,-24,47,-29,46,-27,41,-32,43,-30,37,-34,42,-36,40,-37,40,-37,32,-38,31,-40,34,-39,33,-42,31,-37,29,-41,25,-47,18,-46,14,-45,17,-51,19,-56,12,-51,0,0]",1
CSI_DATA,62482,1a:00:00:00:00:00,-38,11,1,0,1,1,1,0,0,0,1,-97,0,11,2,838936031,0,44,0,384,0,"[0,0,0,0,0,0,0,0,0,0,0,0,-8,8,-8,7,-7,8,-7,7,-7,7,-7,7,-6,7,-6,7,-6,6,-5,6,-5,6,-4,5,-3,5,-2,4,-1,4,0,5,1,5,2,5,3,6,4,6,4,7,5,8,4,9,5,9,4,10,4,10,0,0,4,10,4,10,4,10,4,10,4,10,4,11,3,11,3,11,2,11,2,10,2,10,2,10,2,10,2,10,1,9,1,9,1,9,1,8,0,8,0,8,0,8,0,7,0,7,0,7,0,7,0,7,0,0,0,0,0,0,0,0,0,0,0,0,0,0,63,0,63,10,58,7,62,5,59,9,61,7,53,3,53,2,47,5,45,1,50,0,48,1,41,-2,39,-2,38,-3,34,-9,31,-4,25,-15,24,-14,19,-21,20,-23,16,-29,16,-30,13,-34,20,-42,20,-43,25,-51,24,-53,30,-53,27,-52,30,-52,31,-50,34,-49,31,-51,35,-49,32,-52,38,-46,34,-49,39,-51,35,-52,38,-46,37,-44,33,-42,38,-45,36,-43,37,-40,38,-35,39,-35,34,-33,35,-29,34,-27,34,-22,34,-28,35,-24,33,-26,33,-24,31,-21,0,0,0,0,0,0,0,0,0,0,0,0,0,0,0,0,0,0,0,0,0,0,-37,35,-35,35,-35,32,-37,27,-36,27,-31,26,-39,26,-37,31,-44,31,-41,37,-50,31,-52,32,-58,31,-57,31,-61,26,-56,26,-61,25,-62,25,-60,20,-64,17,-62,12,-57,13,-55,13,-55,15,-49,18,-48,20,-42,17,-47,24,-44,22,-45,25,-43,24,-42,24,-42,22,-43,29,-35,29,-38,33,-34,30,-34,35,-35,32,-31,38,-28,37,-24,41,-32,45,-28,46,-30,43,-21,42,-27,46,-25,42,-26,43,-16,44,-16,47,-13,48,-10,52,-9,50,-5,56,-6,52,-5,52,0,0]",1
CSI_DATA,62483,1a:00:00:00:00:00,-38,11,1,0,1,1,1,0,0,0,1,-97,0,11,2,838956064,0,44,0,384,0,"[0,0,0,0,0,0,0,0,0,0,0,0,-9,7,-9,6,-8,6,-8,6,-8,6,-7,6,-7,6,-7,5,-7,5,-6,5,-6,4,-5,4,-4,4,-3,4,-2,3,-1,4,0,4,1,4,2,5,2,5,3,6,3,7,3,8,4,9,3,9,3,9,0,0,3,10,3,10,3,10,3,10,3,10,2,11,2,11,1,10,1,10,1,10,1,10,1,9,1,9,1,9,0,9,0,8,0,8,0,8,0,7,-1,7,-1,7,0,6,0,6,0,6,0,6,0,6,0,0,0,0,0,0,0,0,0,0,0,0,0,0,67,13,60,13,61,3,53,9,58,4,59,8,57,4,51,2,54,6,52,2,49,6,51,6,44,5,39,6,37,-1,34,1,26,-6,25,-9,21,-12,16,-17,14,-22,13,-27,15,-31,18,-35,13,-41,20,-45,20,-47,20,-53,27,-50,18,-49,27,-51,30,-50,21,-52,25,-58,27,-52,31,-54,33,-51,38,-46,37,-49,34,-49,35,-50,33,-45,34,-43,33,-45,35,-44,34,-43,37,-38,34,-35,28,-33,31,-29,33,-26,29,-26,32,-26,29,-27,25,-29,27,-25,26,-25,0,0,0,0,0,0,0,0,0,0,0,0,0,0,0,0,0,0,0,0,0,0,-41,25,-43,24,-43,20,-44,18,-46,14,-43,21,-43,18,-46,17,-50,21,-51,24,-55,21,-55,18,-64,15,-60,13,-64,11,-62,9,-59,10,-66,9,-63,6,-61,2,-61,1,-60,0,-57,-1,-55,7,-51,3,-54,11,-51,9,-45,12,-49,11,-43,20,-47,16,-47,15,-47,13,-47,17,-46,24,-39,23,-41,21,-37,26,-39,30,-36,34,-33,34,-32,34,-35,35,-33,36,-33,37,-32,44,-33,42,-27,39,-29,41,-25,42,-22,39,-13,44,-12,49,-9,45,-9,55,-10,54,-10,55,0,0]",1
CSI_DATA,62484,1a:00:00:00:00:00,-38,11,1,0,1,1,1,0,0,0,1,-97,0,11,2,838966037,0,44,0,384,0,"[0,0,0,0,0,0,0,0,0,0,0,0,8,-6,8,-7,7,-7,7,-7,7,-6,6,-6,7,-6,6,-6,6,-5,5,-5,5,-5,4,-5,4,-4,2,-4,1,-4,1,-5,-1,-5,-1,-5,-3,-6,-3,-6,-3,-7,-4,-8,-4,-9,-4,-9,-4,-10,-4,-10,0,0,-4,-11,-4,-11,-4,-11,-4,-11,-4,-11,-3,-12,-3,-11,-2,-11,-2,-11,-2,-11,-2,-11,-1,-10,-2,-10,-2,-10,-1,-9,-1,-9,-1,-9,-1,-8,-1,-8,-1,-8,-1,-8,-1,-7,-1,-7,-1,-7,-1,-7,-1,-7,0,0,0,0,0,0,0,0,0,0,0,0,0,0,-58,-6,-60,-5,-62,-9,-57,-8,-60,-5,-56,-4,-56,-5,-53,-4,-55,-2,-53,1,-49,-4,-45,-1,-46,4,-45,-3,-39,0,-32,3,-28,4,-28,3,-20,11,-19,19,-16,20,-12,28,-9,31,-12,37,-12,39,-16,43,-18,45,-14,53,-20,50,-19,54,-28,52,-30,54,-25,52,-25,53,-31,59,-30,55,-31,56,-32,53,-36,52,-38,52,-34,49,-32,46,-35,45,-33,50,-33,39,-33,40,-33,35,-32,38,-29,35,-29,30,-32,25,-26,26,-30,28,-25,29,-23,28,-27,27,-27,26,0,0,0,0,0,0,0,0,0,0,0,0,0,0,0,0,0,0,0,0,0,0,40,-32,39,-24,43,-23,43,-24,44,-20,41,-22,41,-21,43,-23,47,-29,56,-27,57,-24,57,-25,62,-21,62,-20,61,-15,58,-14,63,-14,60,-16,66,-16,64,-12,62,-7,63,-6,53,-5,53,-4,51,-10,48,-12,46,-14,49,-14,44,-14,44,-22,44,-19,43,-17,46,-20,40,-17,41,-24,40,-27,36,-28,37,-29,34,-30,33,-37,27,-37,29,-41,27,-41,27,-42,26,-44,30,-45,25,-44,27,-47,24,-46,25,-49,18,-45,12,-46,13,-47,10,-56,6,-54,2,-57,6,-56,0,0]",1
CSI_DATA,62485,1a:00:00:00:00:00,-39,11,1,0,1,1,1,0,0,0,1,-97,0,11,2,838996128,0,44,0,384,0,"[0,0,0,0,0,0,0,0,0,0,0,0,-10,5,-10,5,-9,5,-10,5,-9,5,-9,5,-8,5,-8,4,-8,4,-7,4,-7,4,-6,4,-5,4,-4,4,-3,4,-2,4,-1,5,0,5,1,6,1,7,1,8,1,9,1,9,1,10,1,10,1,10,0,0,0,11,0,10,1,11,1,11,1,11,0,12,-1,12,-1,11,-2,11,-2,11,-2,10,-2,10,-2,9,-2,9,-2,9,-2,9,-2,8,-2,8,-2,7,-2,7,-2,7,-2,6,-2,6,-1,6,-2,6,-2,7,0,0,0,0,0,0,0,0,0,0,0,0,0,0,60,23,59,25,61,22,56,21,52,23,55,21,55,23,53,18,49,18,44,12,43,14,39,13,44,12,45,11,38,9,38,7,32,5,27,-2,23,-1,24,-5,20,-11,25,-18,25,-25,30,-28,29,-33,35,-37,33,-40,38,-39,41,-39,39,-38,44,-38,45,-39,43,-44,39,-42,43,-47,46,-41,47,-39,49,-39,53,-33,53,-37,49,-26,49,-28,52,-24,46,-25,51,-21,44,-23,43,-19,43,-21,41,-14,36,-14,38,-11,35,-12,35,-15,37,-11,33,-17,31,-10,37,-14,0,0,0,0,0,0,0,0,0,0,0,0,0,0,0,0,0,0,0,0,0,0,-47,26,-49,19,-49,14,-54,15,-47,12,-44,15,-46,15,-45,16,-54,15,-56,19,-58,16,-62,10,-68,9,-68,2,-67,1,-64,0,-61,0,-70,1,-65,-1,-65,-6,-63,-6,-62,-9,-55,-6,-54,-10,-53,-4,-48,-4,-55,0,-52,2,-50,5,-43,4,-44,8,-44,6,-45,8,-43,11,-47,12,-40,14,-42,18,-42,17,-45,19,-40,27,-40,27,-38,30,-42,27,-40,30,-38,34,-35,29,-33,34,-34,38,-30,33,-28,34,-28,36,-23,36,-22,39,-17,45,-14,50,-17,50,-21,61,0,0]",1
CSI_DATA,62486,1a:00:00:00:00:00,-39,11,1,0,1,1,1,0,0,0,1,-97,0,11,2,839006040,0,44,0,384,0,"[0,0,0,0,0,0,0,0,0,0,0,0,8,-8,7,-8,7,-8,7,-8,6,-8,6,-7,6,-7,6,-7,5,-6,4,-6,4,-6,4,-6,3,-5,2,-5,1,-5,0,-5,-1,-6,-2,-6,-4,-6,-4,-7,-4,-8,-5,-9,-4,-10,-4,-10,-4,-11,-4,-10,0,0,-4,-11,-4,-10,-4,-11,-5,-11,-5,-12,-4,-12,-3,-12,-3,-12,-2,-12,-2,-11,-2,-11,-2,-10,-2,-10,-2,-10,-2,-10,-2,-9,-1,-9,-1,-9,-1,-8,-1,-8,-1,-8,-1,-7,-1,-7,-1,-7,-1,-7,-1,-8,0,0,0,0,0,0,0,0,0,0,0,0,0,0,-70,-7,-68,-8,-57,-11,-58,-9,-59,-12,-61,-9,-61,-7,-57,-9,-50,-4,-54,-5,-48,-3,-43,-4,-44,-1,-40,-4,-38,4,-36,3,-34,1,-27,12,-26,10,-17,15,-20,21,-16,29,-18,32,-11,36,-13,42,-21,42,-23,50,-25,47,-32,49,-29,48,-29,51,-30,52,-29,46,-25,52,-32,54,-29,55,-31,55,-39,54,-40,50,-40,48,-38,44,-39,43,-38,42,-39,42,-32,42,-31,39,-33,35,-37,30,-32,30,-34,31,-31,31,-27,25,-32,27,-27,26,-25,29,-28,26,-27,28,0,0,0,0,0,0,0,0,0,0,0,0,0,0,0,0,0,0,0,0,0,0,44,-28,44,-27,47,-17,49,-18,45,-17,44,-19,44,-21,40,-21,49,-23,50,-23,52,-20,60,-20,63,-26,66,-16,70,-11,62,-6,61,-14,62,-9,63,-4,62,-2,65,0,58,-3,51,-2,50,-3,49,-6,47,-8,46,-6,43,-13,45,-15,42,-12,38,-15,40,-20,36,-24,40,-24,41,-23,40,-24,38,-28,38,-29,40,-30,37,-34,38,-32,35,-35,31,-36,31,-40,31,-43,20,-42,22,-45,22,-40,30,-40,20,-43,16,-43,10,-47,8,-47,8,-51,7,-52,6,-59,-2,-58,0,0]",1
CSI_DATA,62487,1a:00:00:00:00:00,-39,11,1,0,1,1,1,0,0,0,1,-97,0,11,2,839016012,0,44,0,384,0,"[0,0,0,0,0,0,0,0,0,0,0,0,-8,7,-7,7,-7,7,-7,7,-6,7,-6,7,-6,6,-6,6,-5,6,-5,6,-4,5,-4,5,-3,4,-2,4,-1,4,0,4,1,4,2,4,3,5,4,5,5,6,5,7,5,8,5,8,5,9,5,9,0,0,5,9,5,9,5,9,5,10,5,10,5,10,4,10,4,10,3,10,3,10,3,9,3,9,3,9,2,8,2,8,2,8,2,8,2,7,1,7,1,7,1,6,1,6,1,6,2,6,1,6,1,6,0,0,0,0,0,0,0,0,0,0,0,0,0,0,60,0,54,10,60,3,50,-2,54,1,61,5,55,2,51,1,51,-4,48,-1,47,-7,40,2,45,-4,47,-7,35,-2,28,-6,27,-11,27,-8,18,-15,10,-12,8,-21,9,-35,6,-39,7,-35,9,-46,7,-47,14,-50,20,-53,16,-57,16,-56,19,-51,14,-56,22,-55,21,-58,19,-60,17,-61,23,-62,27,-55,26,-60,26,-54,29,-53,27,-50,31,-50,24,-47,21,-45,28,-47,26,-43,24,-41,21,-38,26,-33,25,-32,18,-30,20,-32,21,-36,17,-28,15,-29,20,-33,0,0,0,0,0,0,0,0,0,0,0,0,0,0,0,0,0,0,0,0,0,0,-44,23,-43,17,-43,19,-46,15,-47,15,-43,13,-43,12,-49,19,-47,18,-54,20,-61,25,-58,20,-69,17,-60,13,-62,7,-66,7,-64,4,-66,6,-66,8,-64,1,-58,-2,-58,4,-57,-3,-51,3,-47,3,-44,9,-41,14,-44,15,-45,16,-47,17,-42,19,-45,19,-45,20,-42,24,-43,24,-41,27,-40,25,-42,32,-41,34,-34,36,-31,33,-29,35,-31,41,-30,40,-27,43,-33,47,-26,40,-28,44,-24,41,-17,44,-17,42,-12,45,-10,45,-5,51,-6,54,-4,58,-8,55,0,0]",1
CSI_DATA,62488,1a:00:00:00:00:00,-39,11,1,0,1,1,1,0,0,0,1,-97,0,11,2,839036042,0,44,0,384,0,"[0,0,0,0,0,0,0,0,0,0,0,0,-9,6,-9,6,-8,6,-8,6,-7,6,-7,6,-6,5,-6,5,-6,5,-5,4,-5,4,-4,4,-3,3,-2,3,-1,3,0,3,1,3,3,3,4,3,5,4,5,5,6,6,6,6,6,7,6,7,6,7,0,0,6,8,6,7,7,8,7,8,7,8,7,9,6,9,6,9,5,9,5,9,5,9,5,8,5,8,5,8,4,8,4,8,4,7,4,7,3,7,3,6,3,6,3,6,3,6,3,5,3,6,3,6,0,0,0,0,0,0,0,0,0,0,0,0,0,0,63,11,61,20,62,13,57,9,59,9,53,8,49,8,56,5,50,9,46,6,42,6,43,3,36,1,39,2,30,1,30,-2,25,-5,20,-10,13,-12,13,-15,5,-20,7,-25,3,-31,3,-37,1,-41,2,-46,3,-52,8,-49,8,-57,6,-54,9,-55,6,-58,10,-55,4,-56,2,-63,9,-62,10,-62,14,-60,19,-65,23,-62,16,-56,17,-55,17,-55,12,-54,14,-53,15,-52,18,-50,13,-51,14,-42,22,-44,17,-36,13,-38,12,-39,14,-42,3,-36,11,-37,13,-37,0,0,0,0,0,0,0,0,0,0,0,0,0,0,0,0,0,0,0,0,0,0,-51,3,-52,1,-53,0,-55,-5,-49,-1,-47,-1,-48,2,-55,-2,-59,0,-60,3,-66,-5,-69,-2,-69,-6,-71,-13,-71,-16,-67,-16,-70,-18,-65,-20,-65,-22,-64,-23,-61,-22,-58,-22,-53,-20,-53,-14,-47,-14,-49,-8,-48,-4,-53,-4,-49,2,-51,7,-47,4,-48,1,-45,6,-44,9,-48,16,-47,16,-42,11,-42,19,-41,19,-44,24,-39,28,-38,29,-38,35,-38,33,-37,37,-40,36,-38,31,-33,37,-28,40,-32,34,-19,46,-22,48,-22,45,-14,47,-20,51,-13,51,-19,60,0,0]",1
CSI_DATA,62489,1a:00:00:00:00:00,-39,11,1,0,1,1,1,0,0,0,1,-97,0,11,2,839046030,0,44,0,384,0,"[0,0,0,0,0,0,0,0,0,0,0,0,7,-8,7,-8,6,-8,6,-7,6,-7,5,-7,5,-7,5,-6,4,-6,4,-6,4,-5,3,-5,2,-5,1,-4,0,-4,-1,-4,-3,-4,-3,-4,-5,-4,-5,-5,-6,-6,-7,-6,-7,-7,-7,-7,-7,-8,-7,-8,0,0,-7,-9,-7,-9,-8,-9,-8,-9,-8,-9,-8,-10,-7,-10,-7,-10,-6,-10,-6,-10,-6,-9,-6,-9,-6,-9,-5,-9,-5,-9,-5,-8,-5,-8,-5,-8,-4,-8,-4,-7,-4,-7,-4,-7,-4,-7,-4,-7,-4,-7,-4,-7,0,0,0,0,0,0,0,0,0,0,0,0,0,0,-58,-4,-63,-2,-60,6,-59,2,-59,4,-52,5,-56,0,-50,4,-47,0,-50,8,-44,5,-40,2,-44,6,-34,7,-32,9,-26,9,-24,10,-19,8,-11,12,-12,18,-4,23,-4,25,1,33,5,37,6,43,3,47,3,51,1,54,-1,52,-1,60,-1,50,-2,54,-1,50,-4,61,0,61,-1,64,-3,61,-8,64,-13,63,-10,60,-8,60,-10,54,-10,55,-12,52,-11,51,-6,50,-13,52,-12,52,-16,45,-15,38,-12,41,-11,38,-15,41,-8,38,-10,35,-11,35,-10,37,0,0,0,0,0,0,0,0,0,0,0,0,0,0,0,0,0,0,0,0,0,0,41,-24,45,-24,43,-23,47,-21,48,-18,47,-18,47,-20,48,-23,52,-25,59,-25,61,-22,66,-21,70,-20,74,-20,70,-10,69,-9,68,-9,72,-8,74,-9,70,0,68,3,66,-1,58,-2,55,1,54,-3,46,-7,46,-10,47,-15,47,-16,48,-13,48,-14,41,-22,41,-17,42,-20,43,-23,44,-27,39,-24,35,-33,31,-29,32,-33,33,-35,26,-42,27,-39,26,-48,25,-43,29,-42,30,-43,24,-43,23,-49,16,-44,8,-39,8,-48,10,-46,4,-46,0,-51,0,-50,-3,-51,0,0]",1
CSI_DATA,62490,1a:00:00:00:00:00,-40,11,1,0,1,1,1,0,0,0,1,-97,0,11,2,839056017,0,44,0,384,0,"[0,0,0,0,0,0,0,0,0,0,0,0,-7,8,-7,8,-6,8,-6,8,-5,8,-6,7,-5,7,-5,7,-5,6,-4,6,-4,5,-3,5,-3,4,-2,4,-1,4,1,3,2,3,3,3,4,4,5,4,6,5,6,6,7,7,7,7,7,8,7,8,0,0,7,8,6,8,7,8,7,8,7,9,7,9,6,9,6,9,5,9,5,9,5,9,5,8,4,8,5,8,4,8,4,8,4,7,4,7,3,6,3,6,3,6,3,6,3,6,3,6,3,6,3,6,0,0,0,0,0,0,0,0,0,0,0,0,0,0,61,4,52,1,55,7,56,-2,58,7,51,0,55,2,51,1,52,8,45,-1,41,2,42,-3,42,-2,42,-4,36,-3,30,-4,29,-4,23,-4,15,-9,17,-16,13,-22,15,-29,14,-33,12,-38,15,-46,9,-46,13,-53,19,-53,21,-57,20,-57,24,-53,29,-55,23,-53,24,-60,24,-55,24,-56,27,-54,31,-53,36,-56,27,-52,37,-44,29,-41,33,-48,30,-47,33,-41,31,-43,31,-38,28,-39,26,-34,31,-34,28,-32,25,-36,29,-32,26,-32,24,-28,22,-31,25,-31,0,0,0,0,0,0,0,0,0,0,0,0,0,0,0,0,0,0,0,0,0,0,-39,30,-45,26,-43,28,-43,23,-46,20,-44,20,-48,27,-47,26,-51,30,-56,32,-68,30,-65,26,-70,21,-74,16,-68,15,-69,12,-71,12,-76,14,-63,5,-69,0,-69,-2,-63,0,-60,-3,-55,1,-50,3,-52,10,-45,7,-49,10,-43,10,-52,13,-49,16,-45,16,-44,15,-46,19,-44,20,-41,22,-39,22,-40,28,-31,26,-32,34,-32,34,-24,32,-33,38,-35,41,-32,37,-26,37,-25,39,-22,38,-23,36,-18,42,-20,38,-21,43,-12,43,-11,40,-8,49,-10,51,0,48,0,0]",1
CSI_DATA,62491,1a:00:00:00:00:00,-39,11,1,0,1,1,1,0,0,0,1,-97,0,11,2,839076028,0,44,0,384,0,"[0,0,0,0,0,0,0,0,0,0,0,0,-6,8,-6,8,-5,8,-5,8,-5,8,-5,7,-4,7,-4,7,-4,7,-4,7,-3,6,-3,5,-2,5,-1,4,0,4,1,4,2,3,3,4,5,4,5,5,6,5,7,7,7,7,7,8,7,8,7,8,0,0,7,9,7,9,7,9,7,9,7,9,7,10,6,10,5,10,5,10,4,9,4,9,4,9,4,8,4,8,3,8,3,8,4,7,3,7,3,7,3,6,2,7,3,6,3,6,3,6,3,7,3,7,0,0,0,0,0,0,0,0,0,0,0,0,0,0,57,-2,53,-2,53,-7,50,0,50,-8,57,-7,52,-4,51,-4,49,-6,50,-4,41,-1,41,-8,42,-11,35,-10,33,-12,30,-11,25,-15,20,-17,20,-15,14,-21,11,-25,2,-34,0,-39,4,-45,8,-46,4,-58,5,-57,9,-64,16,-63,9,-66,15,-67,13,-67,16,-57,14,-66,9,-57,15,-63,17,-65,23,-64,22,-61,27,-64,21,-57,25,-54,26,-50,23,-54,21,-45,22,-51,22,-49,16,-40,17,-43,23,-38,19,-37,16,-37,20,-38,16,-42,19,-39,22,-37,19,-37,0,0,0,0,0,0,0,0,0,0,0,0,0,0,0,0,0,0,0,0,0,0,-44,22,-45,22,-49,16,-48,15,-47,16,-40,17,-47,20,-47,22,-52,20,-56,25,-58,22,-62,16,-67,18,-69,14,-67,8,-67,4,-68,5,-69,7,-68,1,-66,-3,-59,-6,-59,-4,-53,-4,-48,-2,-48,-1,-45,2,-44,7,-45,5,-41,12,-42,12,-39,19,-40,18,-40,17,-36,21,-39,23,-43,26,-33,23,-29,26,-33,33,-27,38,-24,39,-24,40,-28,40,-31,49,-29,45,-21,40,-18,41,-26,41,-23,42,-14,45,-16,43,-13,42,-12,48,-9,40,-1,49,-6,59,-3,50,0,0]",1
CSI_DATA,62492,1a:00:00:00:00:00,-39,11,1,0,1,1,1,0,0,0,1,-97,0,11,2,839086013,0,44,0,384,0,"[0,0,0,0,0,0,0,0,0,0,0,0,4,-10,3,-10,3,-9,3,-9,3,-9,2,-9,2,-9,2,-8,2,-8,1,-7,1,-7,1,-7,0,-6,-1,-5,-2,-4,-3,-4,-4,-4,-5,-3,-7,-3,-8,-4,-8,-4,-9,-5,-9,-6,-10,-6,-10,-7,-10,-7,0,0,-11,-8,-10,-7,-11,-8,-10,-8,-11,-8,-11,-9,-10,-9,-9,-9,-9,-9,-8,-9,-8,-8,-8,-8,-8,-8,-8,-8,-7,-8,-7,-8,-7,-7,-7,-7,-6,-7,-6,-7,-5,-7,-5,-6,-6,-6,-6,-6,-6,-6,-6,-6,0,0,0,0,0,0,0,0,0,0,0,0,0,0,-64,6,-54,1,-56,5,-61,11,-53,9,-56,15,-45,15,-52,10,-43,9,-45,9,-43,14,-43,13,-43,18,-40,13,-31,17,-27,15,-20,11,-19,12,-12,18,-8,23,4,29,3,33,5,35,5,41,10,45,8,60,5,57,3,62,5,62,4,60,9,62,0,65,6,63,7,61,7,65,1,72,1,67,-10,73,-7,66,-9,62,-13,62,-6,56,-8,60,-7,61,-10,59,-8,56,-14,56,-9,50,-11,49,-10,46,-14,44,-8,41,-7,37,-7,41,-9,39,-4,42,-12,39,0,0,0,0,0,0,0,0,0,0,0,0,0,0,0,0,0,0,0,0,0,0,46,-25,46,-23,46,-21,47,-16,40,-9,49,-20,45,-15,49,-22,51,-25,53,-21,53,-24,61,-21,60,-18,60,-17,66,-14,65,-8,63,-9,67,-5,68,-6,60,-2,57,-2,54,4,51,-1,50,-1,50,-9,42,-7,41,-16,40,-14,37,-19,37,-20,36,-26,37,-27,36,-23,36,-25,37,-30,35,-25,34,-31,27,-35,27,-37,23,-38,20,-44,21,-42,23,-45,24,-46,13,-50,20,-54,16,-48,15,-42,12,-46,6,-53,10,-42,0,-47,-2,-55,-5,-48,-5,-56,-9,-56,-10,-54,0,0]",1
CSI_DATA,62493,1a:00:00:00:00:00,-39,11,1,0,1,1,1,0,0,0,1,-97,0,11,2,839096045,0,44,0,384,0,"[0,0,0,0,0,0,0,0,0,0,0,0,-5,8,-5,8,-5,8,-5,8,-4,8,-4,8,-4,7,-3,7,-3,6,-3,6,-2,5,-2,5,-1,4,0,3,1,3,2,2,4,2,5,2,6,2,7,2,8,3,9,4,9,4,10,4,10,5,10,5,0,0,10,6,11,5,11,5,11,6,12,7,11,7,11,8,10,8,10,8,9,8,9,7,9,7,8,7,8,7,8,6,8,6,8,7,7,6,6,6,6,6,5,5,5,5,5,5,5,4,5,4,5,4,0,0,0,0,0,0,0,0,0,0,0,0,0,0,54,-10,55,-10,47,-10,45,-20,53,-14,42,-16,45,-14,43,-15,42,-20,36,-20,35,-17,32,-22,32,-16,30,-17,26,-17,19,-16,17,-16,9,-15,2,-20,-2,-20,-9,-32,-14,-32,-12,-38,-21,-38,-24,-48,-25,-49,-22,-57,-22,-58,-19,-60,-23,-59,-19,-61,-20,-61,-23,-64,-26,-59,-26,-63,-24,-67,-19,-72,-20,-76,-12,-76,-16,-65,-7,-66,-9,-67,-7,-61,-12,-60,-11,-57,-7,-60,-9,-55,-8,-56,-5,-53,-2,-50,-4,-48,-4,-42,-4,-44,-2,-37,-4,-40,-4,-40,-2,-41,0,0,0,0,0,0,0,0,0,0,0,0,0,0,0,0,0,0,0,0,0,0,-51,14,-49,14,-51,11,-53,7,-48,7,-48,5,-45,9,-49,14,-48,17,-58,13,-63,11,-61,11,-66,10,-70,7,-63,4,-64,4,-61,6,-66,-3,-64,-1,-59,2,-58,0,-60,-1,-52,-5,-49,-2,-41,-2,-45,3,-43,12,-39,7,-41,16,-39,19,-38,21,-41,20,-37,22,-38,27,-34,29,-36,28,-37,31,-32,37,-34,38,-28,33,-28,35,-16,41,-22,41,-28,45,-19,38,-21,43,-20,48,-15,46,-6,43,-9,47,-4,47,-4,45,-2,49,2,49,6,50,10,52,13,51,0,0]",1
CSI_DATA,62494,1a:00:00:00:00:00,-39,11,1,0,1,1,1,0,0,0,1,-97,0,11,2,839106015,0,44,0,384,0,"[0,0,0,0,0,0,0,0,0,0,0,0,4,-9,3,-9,3,-9,3,-9,2,-9,2,-8,2,-8,2,-8,2,-7,1,-7,1,-6,0,-6,0,-5,-1,-4,-2,-4,-3,-3,-4,-3,-6,-3,-6,-3,-8,-3,-8,-3,-10,-4,-10,-5,-10,-5,-10,-5,-11,-5,0,0,-11,-6,-11,-6,-11,-6,-12,-6,-12,-7,-12,-7,-11,-8,-11,-8,-10,-8,-9,-8,-9,-7,-9,-7,-9,-7,-9,-7,-8,-7,-8,-7,-8,-7,-7,-7,-7,-7,-6,-6,-6,-6,-6,-6,-6,-5,-6,-5,-6,-5,-6,-5,0,0,0,0,0,0,0,0,0,0,0,0,0,0,-60,8,-54,8,-57,10,-51,20,-50,13,-52,12,-49,11,-49,14,-42,12,-45,15,-38,15,-39,14,-35,16,-32,18,-26,13,-22,13,-18,18,-9,19,-5,18,3,24,2,31,9,28,10,32,14,41,13,41,16,46,13,52,15,55,11,58,17,59,21,65,11,62,12,60,16,65,13,63,15,69,9,69,6,71,4,72,4,66,2,69,3,65,-4,60,-3,57,2,59,1,57,-3,54,-3,55,-4,49,-9,47,-5,44,-9,38,-5,40,-3,40,-1,38,-2,34,-6,38,0,0,0,0,0,0,0,0,0,0,0,0,0,0,0,0,0,0,0,0,0,0,46,-20,48,-16,48,-16,51,-4,46,-11,49,-14,44,-12,48,-12,55,-15,55,-19,61,-14,67,-16,65,-13,61,-12,67,-4,62,-7,63,-5,67,-4,64,-3,63,3,61,8,58,7,51,1,52,1,49,3,46,-5,38,-9,41,-15,37,-16,36,-18,36,-20,41,-17,33,-19,36,-27,34,-30,33,-26,39,-31,31,-32,24,-33,31,-36,25,-34,23,-39,25,-41,23,-44,19,-40,26,-40,20,-39,17,-39,13,-42,11,-37,9,-44,2,-44,0,-48,-4,-47,-9,-45,-10,-53,-16,-51,0,0]",1
CSI_DATA,62495,1a:00:00:00:00:00,-39,11,1,0,1,1,1,0,0,0,1,-97,0,11,2,839116047,0,44,0,384,0,"[0,0,0,0,0,0,0,0,0,0,0,0,-4,9,-4,9,-4,9,-4,9,-3,9,-3,9,-3,8,-3,8,-3,7,-2,7,-2,6,-1,5,-1,4,0,4,1,3,2,2,4,2,5,2,6,2,7,2,8,3,9,4,9,4,10,5,10,5,10,6,0,0,10,6,10,6,10,6,11,6,11,6,10,7,10,8,9,8,9,8,9,8,8,7,8,7,8,7,8,6,7,6,7,6,7,6,6,6,6,6,5,6,5,5,5,5,5,5,5,4,6,5,5,5,0,0,0,0,0,0,0,0,0,0,0,0,0,0,56,-24,53,-15,46,-21,51,-22,50,-22,44,-23,42,-23,47,-20,42,-19,34,-19,37,-24,35,-18,37,-19,35,-22,23,-19,22,-19,19,-22,11,-20,11,-22,3,-26,-5,-28,-8,-29,-13,-36,-16,-35,-17,-45,-20,-49,-20,-51,-16,-61,-13,-59,-17,-57,-17,-56,-15,-58,-17,-60,-15,-65,-15,-63,-16,-70,-14,-67,-10,-67,-8,-67,-7,-64,-4,-58,-6,-58,0,-61,-4,-54,0,-60,-3,-55,1,-52,0,-51,0,-52,4,-44,4,-43,2,-44,3,-42,0,-38,-1,-37,1,-39,1,-42,0,0,0,0,0,0,0,0,0,0,0,0,0,0,0,0,0,0,0,0,0,0,-43,29,-50,25,-46,22,-47,20,-43,20,-48,23,-45,21,-44,24,-52,29,-48,27,-59,25,-62,28,-65,30,-59,18,-61,17,-59,12,-68,19,-64,16,-61,14,-67,12,-65,11,-55,4,-52,3,-48,9,-47,8,-45,10,-41,16,-46,14,-41,16,-42,22,-33,26,-35,28,-32,29,-33,25,-32,31,-38,32,-31,35,-29,36,-22,35,-26,39,-25,38,-22,43,-21,39,-17,41,-18,43,-13,36,-15,35,-13,45,-9,44,-3,38,-1,41,7,39,8,41,4,37,13,42,15,44,13,51,0,0]",1
CSI_DATA,62496,1a:00:00:00:00:00,-40,11,1,0,1,1,1,0,0,0,1,-97,0,11,2,839126031,0,44,0,384,0,"[0,0,0,0,0,0,0,0,0,0,0,0,3,-10,3,-10,3,-10,3,-10,3,-10,2,-10,3,-9,2,-9,2,-8,2,-8,2,-7,1,-7,0,-6,-1,-5,-2,-5,-3,-4,-4,-4,-5,-4,-6,-4,-7,-5,-8,-5,-9,-6,-9,-6,-10,-7,-10,-7,-10,-8,0,0,-10,-8,-10,-8,-10,-8,-10,-9,-10,-8,-10,-9,-9,-9,-9,-9,-8,-9,-8,-9,-8,-8,-8,-8,-8,-8,-7,-8,-7,-8,-7,-8,-7,-7,-6,-7,-6,-7,-5,-7,-6,-6,-6,-6,-6,-6,-6,-6,-6,-6,-6,-6,0,0,0,0,0,0,0,0,0,0,0,0,0,0,-58,8,-59,10,-56,8,-58,9,-56,15,-54,17,-47,12,-47,13,-48,13,-43,11,-45,16,-42,12,-43,10,-36,11,-31,18,-29,15,-23,18,-19,16,-10,20,-11,25,-3,26,-4,28,5,35,8,37,2,45,6,52,6,55,6,57,3,60,0,59,2,61,0,61,-3,62,-1,60,-1,63,-1,65,-11,62,-11,65,-10,66,-8,60,-12,57,-6,53,-8,57,-7,54,-6,54,-9,51,-12,49,-10,48,-14,42,-11,38,-11,37,-11,42,-10,42,-9,37,-3,41,-7,41,-8,45,0,0,0,0,0,0,0,0,0,0,0,0,0,0,0,0,0,0,0,0,0,0,42,-36,45,-27,46,-24,49,-23,48,-21,43,-26,45,-24,47,-25,55,-32,55,-24,60,-25,60,-24,65,-30,68,-18,69,-17,63,-17,68,-12,68,-14,70,-14,64,-1,65,-4,62,-2,54,-3,53,-3,49,-11,43,-13,46,-12,50,-20,42,-12,38,-19,34,-25,43,-24,36,-24,39,-29,36,-28,32,-31,29,-33,30,-32,28,-33,24,-38,28,-40,17,-42,18,-38,27,-42,23,-39,24,-34,18,-40,20,-41,15,-39,9,-48,7,-43,2,-43,-1,-48,-1,-43,-11,-51,-10,-48,-13,-42,0,0]",1
CSI_DATA,62497,1a:00:00:00:00:00,-40,11,1,0,1,1,1,0,0,0,1,-97,0,11,2,839136066,0,44,0,384,0,"[0,0,0,0,0,0,0,0,0,0,0,0,-5,9,-5,8,-5,8,-4,8,-4,8,-4,8,-4,8,-4,7,-4,7,-3,6,-3,6,-3,6,-2,5,-1,4,0,4,1,3,2,3,4,3,5,4,6,4,7,5,7,6,7,6,8,7,8,7,7,8,0,0,7,8,8,8,8,8,8,8,7,8,7,9,7,9,6,9,5,9,5,9,5,8,5,8,5,7,5,7,4,7,4,7,5,7,4,6,4,6,4,6,4,6,4,6,4,6,4,5,4,6,4,6,0,0,0,0,0,0,0,0,0,0,0,0,0,0,62,-7,54,-12,57,-9,55,-15,54,-13,58,-12,45,-9,50,-9,46,-10,45,-17,40,-16,44,-13,41,-13,36,-13,31,-16,29,-13,29,-15,22,-17,19,-16,12,-20,4,-27,2,-30,-3,-34,-2,-42,1,-51,-1,-53,6,-57,7,-58,7,-57,5,-56,8,-60,16,-64,12,-63,11,-58,12,-62,16,-62,16,-62,16,-61,22,-58,21,-58,23,-51,26,-51,20,-52,18,-54,17,-45,17,-44,24,-41,19,-46,22,-39,18,-36,18,-40,13,-36,15,-41,16,-39,14,-34,10,-42,19,-42,0,0,0,0,0,0,0,0,0,0,0,0,0,0,0,0,0,0,0,0,0,0,-37,31,-41,27,-37,24,-48,27,-41,26,-41,30,-41,28,-46,32,-50,31,-48,35,-55,27,-64,27,-63,29,-67,26,-66,20,-61,19,-68,19,-62,19,-62,18,-61,10,-63,8,-61,5,-58,5,-50,7,-43,4,-44,10,-45,14,-45,12,-43,14,-42,19,-40,23,-38,24,-37,22,-35,28,-33,25,-35,27,-31,28,-29,28,-30,32,-28,33,-31,34,-20,32,-24,42,-26,40,-26,42,-17,43,-16,40,-18,39,-14,41,-13,34,-14,38,-2,37,-5,49,3,39,3,42,7,51,9,55,0,0]",1
CSI_DATA,62498,1a:00:00:00:00:00,-39,11,1,0,1,1,1,0,0,0,1,-97,0,11,2,839166328,0,44,0,384,0,"[0,0,0,0,0,0,0,0,0,0,0,0,7,-6,7,-6,7,-6,6,-6,6,-6,6,-6,5,-6,6,-6,5,-6,4,-6,4,-5,3,-5,2,-5,1,-4,0,-4,-1,-5,-3,-5,-4,-6,-5,-6,-6,-7,-6,-8,-7,-10,-6,-10,-6,-11,-6,-11,-6,-11,0,0,-6,-12,-6,-12,-6,-12,-6,-13,-6,-13,-5,-13,-5,-13,-4,-13,-4,-13,-3,-12,-3,-11,-4,-11,-4,-11,-4,-11,-4,-11,-3,-10,-3,-10,-3,-10,-3,-9,-2,-9,-2,-9,-2,-8,-2,-8,-2,-8,-2,-8,-2,-8,0,0,0,0,0,0,0,0,0,0,0,0,0,0,-51,-15,-50,-16,-53,-14,-51,-13,-49,-8,-49,-5,-49,1,-48,-3,-47,-7,-48,-3,-45,1,-47,-2,-45,1,-42,2,-37,4,-33,10,-28,5,-23,11,-19,18,-13,22,-10,25,-7,37,-11,45,-7,49,-11,56,-13,55,-15,63,-18,68,-25,61,-20,70,-19,62,-25,65,-26,68,-19,69,-22,68,-31,67,-34,69,-37,63,-37,66,-36,64,-32,51,-31,56,-26,52,-28,55,-28,55,-27,57,-29,54,-30,55,-32,45,-30,42,-32,42,-28,36,-26,40,-29,37,-24,38,-23,34,-22,34,0,0,0,0,0,0,0,0,0,0,0,0,0,0,0,0,0,0,0,0,0,0,47,10,51,16,48,16,51,19,45,17,44,18,45,11,46,13,52,15,57,17,58,22,60,23,62,24,58,32,55,29,60,31,61,31,52,30,53,38,52,38,44,36,47,36,39,30,39,26,36,23,38,16,38,14,33,10,40,7,42,4,44,-3,42,0,41,-2,42,2,44,-4,44,-10,45,-6,41,-10,40,-15,41,-17,40,-18,38,-24,41,-26,42,-26,52,-25,39,-32,35,-25,32,-26,31,-33,32,-35,28,-29,23,-40,23,-39,16,-39,20,-46,21,-42,14,-48,0,0]",1
CSI_DATA,62499,1a:00:00:00:00:00,-38,11,1,0,1,1,1,0,0,0,1,-97,0,11,2,839176320,0,44,0,384,0,"[0,0,0,0,0,0,0,0,0,0,0,0,-8,6,-8,6,-7,6,-7,6,-7,7,-7,7,-7,6,-6,6,-6,6,-5,5,-5,5,-4,5,-3,4,-2,4,-1,4,1,4,2,4,3,5,4,5,5,6,6,8,6,9,6,10,6,10,6,11,6,11,0,0,6,11,6,11,6,11,6,12,6,12,5,12,4,12,4,12,3,12,3,11,3,11,3,10,3,10,4,10,3,10,3,10,3,9,3,9,2,9,2,8,1,8,2,8,2,7,2,7,2,7,2,7,0,0,0,0,0,0,0,0,0,0,0,0,0,0,57,15,45,5,48,12,51,3,49,5,46,4,51,9,52,5,46,1,52,1,42,-1,43,3,40,-3,36,1,36,-7,29,-5,30,-7,23,-15,16,-22,13,-19,10,-33,8,-33,8,-42,9,-47,16,-56,16,-58,22,-61,20,-59,21,-63,21,-64,29,-65,31,-63,29,-63,26,-65,25,-64,31,-70,31,-63,36,-67,39,-62,38,-58,37,-51,32,-55,29,-53,31,-50,33,-52,28,-49,27,-43,29,-49,29,-45,26,-43,30,-37,31,-34,30,-35,27,-31,27,-39,23,-31,31,-36,0,0,0,0,0,0,0,0,0,0,0,0,0,0,0,0,0,0,0,0,0,0,-44,-12,-50,-16,-44,-17,-46,-16,-45,-17,-41,-17,-42,-14,-44,-8,-51,-13,-53,-17,-52,-19,-60,-22,-58,-20,-60,-28,-57,-33,-54,-30,-58,-30,-53,-34,-52,-32,-50,-36,-46,-37,-43,-29,-37,-30,-39,-25,-36,-20,-36,-13,-37,-17,-38,-13,-36,-5,-41,-3,-36,-3,-39,-1,-41,0,-45,2,-42,2,-45,9,-42,9,-39,8,-43,12,-43,17,-40,16,-35,18,-44,23,-39,25,-35,28,-39,27,-36,26,-33,26,-33,33,-31,30,-24,28,-19,34,-25,36,-21,39,-19,41,-17,49,-16,47,0,0]",1
CSI_DATA,62500,1a:00:00:00:00:00,-39,11,1,0,1,1,1,0,0,0,1,-97,0,11,2,839196031,0,44,0,384,0,"[0,0,0,0,0,0,0,0,0,0,0,0,-6,8,-6,8,-5,8,-5,8,-5,8,-5,8,-5,7,-4,7,-5,7,-3,6,-3,6,-3,5,-2,5,-1,4,1,4,2,4,3,4,4,4,5,5,6,6,7,6,7,7,7,8,8,9,8,9,7,9,0,0,7,10,7,10,7,10,7,10,7,10,6,11,5,11,5,11,4,10,4,10,4,9,4,9,4,8,4,8,4,8,4,8,4,8,4,8,3,7,2,7,3,7,3,7,3,6,3,6,3,6,2,6,0,0,0,0,0,0,0,0,0,0,0,0,0,0,57,-9,54,-4,53,-8,52,-6,54,-9,49,-13,52,-9,51,-11,50,-12,45,-12,39,-10,46,-9,38,-9,36,-14,31,-14,31,-15,28,-20,20,-14,15,-19,14,-27,7,-31,2,-32,-1,-44,2,-46,1,-51,8,-53,9,-62,6,-64,11,-64,10,-64,16,-65,13,-67,15,-62,16,-68,15,-66,21,-67,20,-65,23,-63,26,-55,25,-60,19,-58,20,-53,19,-52,16,-54,18,-47,18,-51,18,-45,21,-44,21,-46,21,-38,21,-42,19,-36,19,-35,14,-37,15,-39,16,-33,16,-38,0,0,0,0,0,0,0,0,0,0,0,0,0,0,0,0,0,0,0,0,0,0,-47,16,-49,12,-44,7,-52,3,-46,8,-46,10,-50,9,-50,9,-56,5,-62,12,-59,11,-64,4,-67,8,-67,-3,-64,-4,-63,-6,-66,-3,-63,-2,-60,-9,-59,-15,-55,-14,-53,-16,-48,-14,-47,-11,-42,-6,-39,-4,-31,4,-40,5,-32,8,-37,9,-34,13,-39,13,-40,12,-38,18,-37,22,-41,25,-32,23,-32,26,-32,28,-32,24,-31,30,-22,29,-31,33,-33,37,-29,34,-29,28,-27,34,-20,35,-22,35,-14,33,-5,37,-13,41,-6,40,-6,42,3,50,5,46,-1,47,0,0]",1
CSI_DATA,62501,1a:00:00:00:00:00,-39,11,1,0,1,1,1,0,0,0,1,-97,0,11,2,839206039,0,44,0,384,0,"[0,0,0,0,0,0,0,0,0,0,0,0,5,-9,5,-9,5,-9,5,-9,4,-9,4,-9,4,-8,4,-8,3,-8,3,-7,2,-7,1,-6,1,-5,0,-5,-1,-5,-2,-4,-4,-5,-5,-5,-6,-5,-7,-6,-8,-7,-8,-8,-8,-9,-9,-9,-9,-10,-9,-10,0,0,-9,-10,-9,-10,-9,-11,-9,-11,-9,-11,-8,-12,-7,-12,-7,-12,-6,-11,-6,-11,-6,-10,-6,-10,-6,-9,-6,-9,-5,-9,-5,-9,-5,-8,-5,-8,-4,-8,-4,-8,-4,-7,-4,-7,-4,-7,-5,-6,-5,-6,-4,-7,0,0,0,0,0,0,0,0,0,0,0,0,0,0,-60,1,-60,6,-58,6,-53,8,-53,9,-52,8,-54,8,-56,13,-47,8,-44,7,-38,14,-39,12,-39,10,-36,8,-36,10,-29,12,-23,12,-16,20,-15,20,-8,22,-3,33,0,35,1,37,4,44,5,49,3,59,0,53,-2,63,-6,62,-1,65,-8,68,-2,66,-5,67,-6,68,-7,66,-10,68,-13,67,-11,65,-13,63,-15,61,-13,56,-16,58,-15,55,-10,53,-9,51,-15,52,-11,47,-14,49,-11,45,-14,36,-16,39,-13,37,-14,37,-9,36,-8,37,-7,37,-13,36,0,0,0,0,0,0,0,0,0,0,0,0,0,0,0,0,0,0,0,0,0,0,50,-12,50,-9,49,-9,51,-2,47,-9,48,-5,50,-9,53,-6,54,-6,61,-8,59,-6,66,-1,68,-4,70,9,63,4,61,8,64,5,58,11,61,9,54,14,53,20,54,8,38,9,42,10,41,6,36,0,39,-1,43,-5,37,-5,34,-14,38,-13,40,-14,39,-17,35,-18,36,-19,33,-28,33,-25,34,-35,34,-27,27,-34,33,-30,29,-38,25,-41,27,-40,27,-39,19,-37,20,-43,21,-38,14,-38,13,-38,10,-39,5,-47,-1,-41,0,-49,-5,-57,-10,-55,0,-51,0,0]",1
CSI_DATA,62502,1a:00:00:00:00:00,-39,11,1,0,1,1,1,0,0,0,1,-97,0,11,2,839216030,0,44,0,384,0,"[0,0,0,0,0,0,0,0,0,0,0,0,-6,8,-6,8,-6,8,-5,8,-5,8,-5,8,-5,7,-4,7,-4,6,-3,6,-3,6,-2,5,-2,4,-1,4,1,3,2,3,3,3,4,3,6,3,7,4,7,5,8,5,8,6,9,7,9,7,9,8,0,0,9,8,9,8,9,8,9,9,9,9,9,10,8,10,7,10,7,10,6,9,7,9,6,8,6,8,6,8,5,8,5,8,5,7,5,7,4,7,4,6,4,6,4,6,4,6,4,5,4,5,4,5,0,0,0,0,0,0,0,0,0,0,0,0,0,0,57,7,56,12,56,9,54,9,55,4,53,1,49,4,50,3,50,1,48,2,41,-7,47,-3,41,-7,34,-7,31,-7,29,-9,27,-12,18,-18,13,-14,10,-26,8,-27,3,-36,3,-38,7,-43,6,-50,2,-53,6,-62,8,-63,11,-65,10,-69,14,-67,17,-67,20,-63,18,-66,22,-70,26,-73,27,-66,26,-63,33,-65,27,-59,27,-53,27,-57,25,-54,28,-59,24,-54,23,-53,27,-46,25,-52,22,-42,19,-41,23,-43,23,-35,18,-37,21,-38,23,-37,13,-38,21,-40,0,0,0,0,0,0,0,0,0,0,0,0,0,0,0,0,0,0,0,0,0,0,-48,10,-54,6,-51,0,-54,-2,-48,3,-46,5,-47,-2,-51,1,-55,2,-61,5,-60,-3,-64,-3,-65,-7,-66,-9,-62,-14,-65,-11,-64,-14,-64,-19,-55,-18,-59,-21,-52,-21,-51,-19,-48,-15,-42,-14,-43,-12,-41,-6,-41,0,-38,2,-39,5,-39,11,-40,14,-41,4,-43,14,-39,17,-41,19,-37,23,-40,22,-36,20,-36,24,-37,25,-31,30,-33,35,-28,39,-34,38,-31,39,-24,39,-27,35,-26,37,-20,43,-16,39,-18,43,-10,44,-9,48,-7,53,-8,56,-10,59,-5,54,0,0]",1
CSI_DATA,62503,1a:00:00:00:00:00,-38,11,1,0,1,1,1,0,0,0,1,-97,0,11,2,839236639,0,44,0,384,0,"[0,0,0,0,0,0,0,0,0,0,0,0,-10,1,-10,2,-10,2,-10,2,-10,2,-9,2,-9,2,-9,2,-8,2,-7,2,-7,2,-6,2,-5,2,-4,3,-3,3,-2,4,-1,5,0,7,0,7,1,9,0,10,0,11,-1,12,-1,12,-1,12,-1,13,0,0,-2,13,-2,13,-2,13,-2,13,-2,13,-3,13,-4,13,-4,12,-4,12,-4,11,-4,11,-4,11,-3,10,-3,10,-4,10,-4,10,-4,9,-4,9,-4,8,-4,7,-4,7,-3,7,-3,7,-2,7,-2,7,-3,7,0,0,0,0,0,0,0,0,0,0,0,0,0,0,39,38,32,46,39,33,35,35,42,33,44,32,38,29,42,27,37,27,41,22,36,26,35,24,37,23,32,18,32,15,28,8,24,9,36,5,23,-9,25,-12,26,-12,28,-22,31,-30,33,-36,38,-40,47,-41,51,-47,52,-43,55,-36,55,-43,55,-40,56,-40,59,-39,54,-41,62,-44,62,-39,61,-34,68,-35,62,-29,64,-23,60,-29,57,-32,54,-29,52,-27,56,-26,53,-25,52,-22,48,-17,50,-17,40,-14,46,-15,39,-11,35,-15,38,-17,37,-18,35,-14,36,-16,0,0,0,0,0,0,0,0,0,0,0,0,0,0,0,0,0,0,0,0,0,0,-36,-27,-37,-29,-36,-33,-32,-37,-32,-30,-32,-33,-35,-33,-35,-31,-40,-30,-41,-31,-43,-39,-43,-41,-41,-49,-36,-41,-35,-47,-39,-45,-36,-41,-39,-47,-36,-45,-36,-44,-29,-42,-33,-47,-29,-41,-25,-34,-26,-32,-32,-27,-33,-26,-31,-26,-36,-25,-40,-20,-41,-22,-34,-18,-43,-21,-43,-13,-45,-13,-46,-12,-44,-6,-44,-10,-46,1,-42,-1,-45,3,-49,7,-48,6,-51,7,-47,5,-47,13,-51,11,-49,15,-41,16,-42,20,-43,22,-45,20,-40,32,-39,28,-45,32,-39,34,-35,32,0,0]",1
CSI_DATA,62504,1a:00:00:00:00:00,-38,11,1,0,1,1,1,0,0,0,1,-97,0,11,2,839256038,0,44,0,384,0,"[0,0,0,0,0,0,0,0,0,0,0,0,-5,9,-4,9,-4,9,-4,9,-4,9,-4,8,-4,8,-4,8,-4,8,-3,7,-3,6,-2,6,-1,5,0,5,1,4,2,4,3,4,5,5,6,5,7,6,7,7,8,8,8,9,8,9,7,10,7,9,0,0,7,10,7,10,7,10,7,10,7,10,6,11,5,10,5,10,5,10,4,10,4,9,4,9,4,8,4,8,4,8,4,8,4,8,4,7,3,7,3,7,2,7,3,6,3,6,3,6,3,6,3,6,0,0,0,0,0,0,0,0,0,0,0,0,0,0,44,-23,46,-21,47,-27,51,-29,49,-23,43,-25,47,-29,48,-29,42,-30,43,-29,38,-26,40,-29,36,-31,32,-26,26,-24,25,-23,21,-25,17,-28,9,-30,3,-31,-1,-34,-1,-40,-7,-47,-7,-49,-9,-55,-4,-63,-3,-66,0,-71,0,-66,2,-67,-4,-67,6,-71,8,-66,1,-68,6,-63,6,-69,11,-67,9,-66,16,-62,13,-60,12,-62,10,-57,15,-54,6,-54,10,-54,6,-51,10,-50,9,-51,11,-46,12,-41,16,-39,9,-36,12,-39,9,-37,9,-37,11,-36,10,-40,0,0,0,0,0,0,0,0,0,0,0,0,0,0,0,0,0,0,0,0,0,0,-27,35,-33,36,-33,31,-33,29,-32,31,-29,33,-32,28,-36,30,-36,36,-39,39,-46,42,-47,35,-50,36,-51,31,-51,31,-48,32,-49,31,-54,28,-52,25,-53,22,-54,20,-50,24,-42,16,-36,17,-39,20,-34,23,-33,25,-30,24,-29,29,-27,31,-24,31,-28,31,-27,33,-26,35,-22,38,-20,34,-19,37,-15,44,-15,39,-13,46,-9,44,-8,46,-12,46,-10,43,-6,47,-11,41,-5,39,-2,47,-2,41,1,38,8,37,10,42,11,41,13,45,16,46,15,47,23,49,0,0]",1
CSI_DATA,62505,1a:00:00:00:00:00,-38,11,1,0,1,1,1,0,0,0,1,-97,0,11,2,839266045,0,44,0,384,0,"[0,0,0,0,0,0,0,0,0,0,0,0,4,-10,4,-10,4,-10,4,-10,4,-10,4,-9,4,-9,4,-9,4,-8,3,-8,2,-7,2,-7,1,-6,0,-6,-1,-6,-2,-5,-4,-6,-5,-6,-6,-6,-6,-7,-7,-8,-7,-9,-7,-10,-7,-10,-7,-10,-7,-11,0,0,-7,-11,-7,-11,-7,-11,-7,-12,-6,-12,-6,-12,-5,-12,-5,-12,-4,-11,-4,-11,-4,-10,-4,-10,-4,-10,-4,-10,-4,-10,-4,-9,-4,-9,-3,-9,-3,-8,-3,-8,-2,-8,-2,-8,-3,-8,-3,-7,-3,-8,-2,-8,0,0,0,0,0,0,0,0,0,0,0,0,0,0,-57,12,-52,18,-51,21,-57,15,-54,21,-52,21,-58,16,-56,20,-48,20,-52,19,-49,18,-48,16,-43,21,-44,19,-36,21,-27,18,-26,16,-24,20,-17,26,-10,28,-7,33,-8,40,-2,44,-2,45,-4,49,-1,58,-1,57,-7,63,-9,63,-10,63,-10,60,-14,71,-13,61,-10,73,-13,68,-14,64,-18,67,-22,63,-25,64,-24,54,-21,55,-17,55,-17,56,-18,51,-16,54,-14,48,-19,51,-22,50,-20,47,-19,43,-21,41,-20,35,-20,43,-13,33,-16,38,-18,37,-20,36,0,0,0,0,0,0,0,0,0,0,0,0,0,0,0,0,0,0,0,0,0,0,33,-31,43,-27,38,-27,41,-27,36,-25,41,-25,38,-30,41,-31,40,-33,50,-35,52,-31,55,-30,57,-27,54,-25,57,-25,54,-24,62,-22,60,-20,61,-19,59,-12,58,-10,53,-11,47,-9,48,-11,41,-8,36,-14,42,-18,43,-22,32,-17,41,-29,29,-27,31,-27,30,-27,30,-25,29,-32,27,-37,26,-33,26,-34,23,-39,21,-40,18,-43,20,-43,20,-44,16,-40,16,-44,13,-40,14,-38,11,-40,5,-42,7,-48,3,-49,-1,-45,-10,-50,-10,-46,-5,-56,-14,-59,-13,-53,0,0]",1
CSI_DATA,62506,1a:00:00:00:00:00,-37,11,1,0,1,1,1,0,0,0,1,-97,0,11,2,839276036,0,44,0,384,0,"[0,0,0,0,0,0,0,0,0,0,0,0,-5,9,-5,9,-5,9,-5,9,-4,9,-4,9,-4,8,-4,8,-4,7,-3,7,-3,6,-2,6,-2,5,0,5,0,4,2,4,3,4,4,4,5,4,6,5,7,5,7,6,8,7,8,7,8,8,8,8,0,0,8,9,8,8,8,9,8,9,8,10,8,10,7,10,6,10,6,10,5,9,6,9,6,8,5,8,5,8,5,8,4,8,4,8,4,8,4,7,3,7,3,6,3,6,3,6,3,6,3,6,3,6,0,0,0,0,0,0,0,0,0,0,0,0,0,0,59,-4,55,-8,60,-9,54,-6,56,-6,57,-12,50,-10,60,-12,49,-12,54,-13,48,-13,46,-16,43,-9,42,-13,38,-16,34,-15,26,-17,22,-16,18,-21,10,-24,12,-28,4,-32,3,-44,2,-46,3,-50,5,-55,8,-54,11,-61,12,-59,8,-61,8,-61,7,-69,11,-67,13,-66,14,-66,20,-70,21,-67,18,-65,22,-59,21,-67,23,-57,20,-53,23,-53,23,-55,19,-54,20,-51,22,-51,22,-49,20,-47,23,-42,19,-40,18,-38,18,-39,18,-34,19,-35,17,-34,19,-36,0,0,0,0,0,0,0,0,0,0,0,0,0,0,0,0,0,0,0,0,0,0,-40,14,-45,16,-44,15,-46,14,-42,16,-41,14,-44,16,-47,15,-49,20,-55,16,-57,13,-59,14,-57,12,-60,9,-60,4,-56,6,-60,8,-60,6,-64,4,-58,-3,-58,-2,-54,-2,-49,-3,-49,-2,-45,2,-43,6,-42,10,-40,13,-39,13,-40,16,-40,19,-38,23,-35,21,-36,21,-33,26,-32,28,-36,29,-31,32,-30,35,-29,33,-29,39,-26,36,-26,39,-26,40,-24,40,-16,42,-19,42,-16,40,-13,42,-14,42,-10,43,-9,44,-5,49,-4,47,5,49,6,57,3,50,0,0]",1
CSI_DATA,62507,1a:00:00:00:00:00,-37,11,1,0,1,1,1,0,0,0,1,-97,0,11,2,839296030,0,44,0,384,0,"[0,0,0,0,0,0,0,0,0,0,0,0,-5,9,-6,9,-5,9,-5,9,-5,9,-5,9,-4,8,-4,8,-4,7,-3,7,-3,7,-2,6,-2,5,-1,5,0,5,1,4,2,4,3,4,5,4,6,5,6,5,7,6,7,7,8,8,8,8,8,8,0,0,8,9,8,9,8,9,8,10,8,10,8,10,7,11,6,10,6,10,5,10,5,10,5,9,5,9,5,9,4,9,4,9,4,8,4,8,3,8,3,7,3,7,3,7,2,7,3,6,3,6,2,6,0,0,0,0,0,0,0,0,0,0,0,0,0,0,66,-12,66,-15,66,-14,57,-14,56,-12,62,-18,62,-16,52,-10,56,-15,50,-15,46,-15,48,-17,45,-19,36,-15,38,-19,35,-20,27,-21,24,-21,21,-22,8,-29,7,-31,4,-37,1,-42,2,-42,-5,-50,-1,-56,-2,-60,1,-60,3,-62,4,-66,2,-66,7,-68,4,-68,7,-67,9,-73,11,-75,18,-75,20,-69,20,-73,17,-69,18,-64,17,-62,20,-61,16,-63,18,-56,19,-52,17,-54,25,-54,21,-44,23,-45,22,-44,19,-41,18,-39,16,-38,19,-35,15,-35,16,-38,0,0,0,0,0,0,0,0,0,0,0,0,0,0,0,0,0,0,0,0,0,0,-36,25,-39,23,-37,20,-43,25,-38,22,-35,21,-41,20,-41,23,-44,22,-48,23,-54,24,-52,22,-58,23,-58,16,-58,17,-55,15,-55,17,-58,14,-59,16,-53,13,-55,9,-53,11,-47,13,-45,9,-44,9,-45,16,-40,18,-35,17,-37,27,-37,22,-37,26,-29,24,-32,27,-29,29,-28,32,-32,34,-29,33,-21,38,-23,40,-23,46,-21,45,-21,46,-18,47,-19,53,-15,52,-13,56,-14,50,-13,50,-7,51,-7,54,-8,48,-1,52,3,51,3,54,7,55,9,61,6,56,0,0]",1
CSI_DATA,62508,1a:00:00:00:00:00,-37,11,1,0,1,1,1,0,0,0,1,-97,0,11,2,839316773,0,44,0,384,0,"[0,0,0,0,0,0,0,0,0,0,0,0,-12,-3,-11,-3,-12,-2,-11,-2,-11,-2,-11,-2,-10,-2,-10,-2,-10,-2,-9,-2,-8,-2,-7,-1,-7,-1,-6,0,-5,1,-5,2,-4,3,-4,4,-4,5,-4,6,-4,7,-5,8,-6,8,-6,9,-6,9,-6,9,0,0,-7,10,-7,10,-7,10,-7,10,-8,9,-8,9,-9,9,-9,8,-8,8,-8,8,-8,8,-8,7,-7,7,-7,7,-7,7,-7,6,-7,6,-7,6,-7,5,-7,5,-7,4,-6,4,-6,4,-6,4,-6,4,-6,4,0,0,0,0,0,0,0,0,0,0,0,0,0,0,29,57,28,55,30,57,28,48,28,53,34,48,29,50,31,51,28,45,30,49,25,45,26,43,26,41,26,37,24,35,26,27,24,24,23,17,28,9,21,6,26,4,33,-3,38,-7,39,-9,46,-8,50,-9,55,-13,58,-14,60,-6,58,-11,58,-14,59,-4,62,-7,66,-11,65,-5,68,-4,72,-2,67,0,68,2,63,4,62,5,57,2,58,5,56,-2,52,4,53,2,56,4,53,9,51,12,45,7,44,11,37,11,41,9,39,8,36,7,40,8,40,11,0,0,0,0,0,0,0,0,0,0,0,0,0,0,0,0,0,0,0,0,0,0,-46,-27,-47,-26,-40,-26,-43,-30,-40,-32,-43,-25,-38,-28,-44,-31,-46,-38,-49,-36,-50,-41,-51,-45,-53,-50,-50,-48,-44,-50,-40,-48,-44,-52,-40,-54,-41,-57,-33,-52,-32,-53,-32,-50,-28,-47,-25,-45,-25,-41,-29,-35,-30,-36,-32,-32,-36,-33,-35,-27,-36,-29,-42,-27,-38,-25,-42,-24,-40,-15,-41,-17,-47,-18,-42,-16,-45,-12,-44,-10,-47,-5,-51,-4,-51,-2,-49,-6,-48,-3,-53,2,-51,5,-48,2,-51,9,-48,9,-54,6,-53,15,-49,18,-47,19,-51,24,-49,29,-53,30,0,0]",1
CSI_DATA,62509,1a:00:00:00:00:00,-37,11,1,0,1,1,1,0,0,0,1,-97,0,11,2,839326028,0,44,0,384,0,"[0,0,0,0,0,0,0,0,0,0,0,0,6,-9,5,-9,5,-9,5,-9,5,-9,4,-9,4,-8,4,-8,4,-8,3,-8,3,-7,3,-7,2,-6,1,-6,0,-5,-1,-5,-2,-5,-3,-5,-4,-6,-5,-6,-6,-7,-6,-8,-6,-8,-7,-9,-7,-9,-7,-10,0,0,-7,-11,-7,-10,-7,-11,-7,-11,-7,-12,-6,-12,-5,-12,-5,-11,-4,-11,-4,-11,-4,-11,-4,-10,-4,-10,-4,-10,-3,-10,-3,-10,-3,-9,-3,-9,-2,-9,-2,-8,-2,-8,-2,-8,-2,-8,-2,-7,-2,-7,-2,-7,0,0,0,0,0,0,0,0,0,0,0,0,0,0,-63,6,-56,-1,-63,0,-54,-1,-58,1,-58,5,-60,3,-55,3,-53,5,-50,4,-50,7,-51,4,-44,7,-39,9,-36,11,-38,8,-31,13,-31,11,-21,17,-18,19,-16,25,-17,27,-10,33,-13,39,-11,46,-12,47,-13,49,-16,54,-19,57,-17,58,-22,53,-22,60,-22,56,-22,63,-22,57,-32,60,-30,55,-34,55,-34,54,-33,52,-36,49,-27,48,-31,47,-30,50,-31,47,-28,42,-29,47,-31,41,-30,40,-30,31,-31,34,-28,27,-33,31,-30,30,-26,26,-29,30,-29,27,0,0,0,0,0,0,0,0,0,0,0,0,0,0,0,0,0,0,0,0,0,0,38,-32,43,-29,42,-28,43,-25,45,-26,45,-22,43,-25,49,-24,49,-30,53,-26,58,-23,63,-22,64,-25,57,-21,60,-13,63,-13,65,-15,62,-14,62,-14,61,-8,61,-8,57,-1,53,-6,49,-6,48,-5,41,-14,46,-14,42,-16,49,-17,40,-22,39,-19,39,-21,40,-26,43,-25,37,-24,40,-31,37,-29,35,-35,33,-31,31,-36,30,-36,23,-37,21,-40,23,-42,25,-41,22,-36,26,-40,26,-37,17,-46,12,-44,14,-46,5,-48,5,-51,1,-47,3,-58,5,-53,-5,-54,0,0]",1
CSI_DATA,62510,1a:00:00:00:00:00,-37,11,1,0,1,1,1,0,0,0,1,-97,0,11,2,839336045,0,44,0,384,0,"[0,0,0,0,0,0,0,0,0,0,0,0,-7,8,-7,8,-6,8,-6,8,-6,8,-6,8,-6,7,-6,7,-5,7,-5,7,-4,6,-4,6,-3,5,-2,5,-1,5,0,5,1,4,2,5,3,5,4,6,4,6,5,7,5,8,5,8,5,9,5,9,0,0,5,9,5,10,5,10,5,10,5,11,5,11,4,11,4,11,3,11,3,11,3,10,2,10,3,10,3,9,2,10,2,9,2,9,1,8,1,8,1,8,0,7,0,7,0,7,1,6,0,6,0,6,0,0,0,0,0,0,0,0,0,0,0,0,0,0,55,0,58,-4,57,-6,56,-4,56,-7,56,-4,54,-7,52,-6,51,-3,49,-7,46,-7,47,-6,46,-11,37,-11,39,-10,31,-8,34,-16,26,-13,25,-17,18,-21,20,-25,8,-27,12,-36,8,-38,8,-45,12,-50,12,-51,16,-55,14,-59,13,-57,15,-57,19,-62,19,-56,19,-62,18,-59,20,-64,26,-62,25,-63,29,-61,30,-56,27,-55,29,-51,29,-49,27,-52,31,-47,22,-46,25,-46,26,-44,30,-42,24,-39,30,-36,25,-31,26,-34,25,-29,23,-30,24,-32,25,-27,0,0,0,0,0,0,0,0,0,0,0,0,0,0,0,0,0,0,0,0,0,0,-40,22,-44,21,-42,17,-48,16,-51,14,-47,12,-45,17,-47,17,-53,18,-57,20,-59,14,-59,12,-62,13,-60,7,-66,6,-60,5,-63,4,-61,6,-64,4,-57,-1,-60,-1,-57,1,-54,1,-50,3,-49,1,-46,11,-43,7,-47,15,-46,12,-46,14,-43,18,-39,17,-43,24,-41,16,-41,23,-37,23,-39,18,-36,24,-35,29,-32,30,-33,33,-28,33,-32,36,-29,41,-28,42,-23,34,-24,40,-22,40,-25,44,-16,35,-16,41,-8,44,-10,50,-5,46,-9,45,-2,52,-4,54,0,0]",1
CSI_DATA,62511,1a:00:00:00:00:00,-37,11,1,0,1,1,1,0,0,0,1,-97,0,11,2,839346024,0,44,0,384,0,"[0,0,0,0,0,0,0,0,0,0,0,0,6,-10,6,-10,5,-10,5,-10,5,-10,5,-9,4,-9,4,-9,4,-9,3,-8,3,-8,3,-7,2,-7,1,-7,0,-6,-1,-6,-2,-6,-3,-6,-4,-6,-5,-7,-5,-7,-6,-8,-7,-8,-7,-9,-7,-9,-7,-9,0,0,-7,-10,-8,-10,-8,-10,-8,-11,-7,-11,-7,-12,-7,-12,-6,-12,-6,-12,-5,-11,-6,-11,-5,-11,-5,-11,-5,-10,-4,-10,-4,-10,-4,-10,-3,-9,-3,-9,-2,-9,-2,-9,-2,-8,-2,-8,-2,-7,-2,-7,-2,-7,0,0,0,0,0,0,0,0,0,0,0,0,0,0,-62,4,-63,4,-65,11,-61,5,-62,10,-61,5,-58,6,-58,9,-53,10,-56,14,-49,11,-49,11,-46,13,-41,13,-40,8,-36,8,-34,11,-30,13,-24,14,-19,17,-16,25,-13,31,-11,33,-3,35,-9,42,-9,47,-10,46,-10,54,-12,57,-12,56,-9,59,-15,57,-9,60,-10,63,-13,62,-17,70,-16,64,-21,63,-23,64,-23,60,-24,58,-21,56,-27,52,-22,55,-25,57,-20,45,-22,52,-20,48,-27,46,-21,41,-27,41,-23,34,-27,34,-24,34,-26,32,-20,30,-22,28,0,0,0,0,0,0,0,0,0,0,0,0,0,0,0,0,0,0,0,0,0,0,38,-25,44,-24,38,-24,47,-21,46,-20,46,-18,47,-21,49,-20,52,-20,50,-19,57,-15,61,-13,68,-15,66,-10,66,-5,61,-5,63,-10,59,-10,63,-6,57,-4,57,-1,60,-2,53,-3,49,-2,48,-3,46,-10,47,-11,49,-11,41,-15,45,-20,38,-21,40,-23,41,-21,41,-29,36,-25,36,-30,36,-27,36,-33,30,-34,33,-36,33,-39,23,-38,21,-43,28,-43,29,-43,17,-48,17,-48,23,-53,16,-44,13,-44,11,-47,8,-50,11,-57,4,-50,0,-50,-4,-56,3,-55,0,0]",1
CSI_DATA,62512,1a:00:00:00:00:00,-37,11,1,0,1,1,1,0,0,0,1,-97,0,11,2,839356041,0,44,0,384,0,"[0,0,0,0,0,0,0,0,0,0,0,0,-8,8,-7,8,-7,8,-7,8,-7,8,-7,8,-7,7,-6,7,-6,7,-6,7,-5,6,-5,6,-4,5,-3,5,-2,5,-1,4,0,4,1,4,3,5,3,5,4,6,5,7,5,7,5,7,5,8,5,8,0,0,5,9,6,9,6,9,6,9,6,9,6,10,5,10,5,10,4,10,4,10,4,9,4,10,4,9,4,9,3,9,3,9,3,9,2,8,2,8,1,8,1,8,1,7,1,7,1,6,1,6,1,6,0,0,0,0,0,0,0,0,0,0,0,0,0,0,60,3,59,0,60,3,62,1,60,0,58,-5,62,-5,58,2,54,0,51,-3,52,-3,49,-3,46,-4,38,-5,39,-6,39,-6,34,-12,30,-12,22,-14,20,-17,13,-23,7,-26,9,-32,10,-38,9,-37,8,-40,9,-51,13,-50,8,-52,13,-57,11,-57,9,-57,9,-58,14,-61,14,-62,16,-63,20,-61,20,-61,22,-60,22,-60,26,-54,14,-56,24,-53,21,-52,25,-52,19,-49,25,-47,21,-48,25,-45,23,-40,22,-42,24,-41,21,-39,20,-34,17,-29,19,-29,20,-33,0,0,0,0,0,0,0,0,0,0,0,0,0,0,0,0,0,0,0,0,0,0,-45,17,-44,15,-45,15,-50,14,-48,11,-50,11,-48,13,-55,13,-60,14,-58,12,-60,10,-64,9,-66,6,-63,4,-67,-5,-64,-2,-67,-1,-60,-2,-63,-3,-63,-6,-57,-4,-59,-8,-52,-5,-49,-3,-49,0,-47,1,-46,5,-44,10,-43,13,-46,11,-39,14,-42,15,-45,17,-41,17,-36,25,-37,24,-37,28,-35,32,-32,31,-30,32,-35,33,-35,40,-34,40,-31,41,-31,41,-29,45,-24,46,-20,44,-27,43,-22,43,-22,41,-16,45,-15,51,-13,48,-11,57,-11,59,-11,52,0,0]",1
CSI_DATA,62513,1a:00:00:00:00:00,-38,11,1,0,1,1,1,0,0,0,1,-97,0,11,2,839366028,0,44,0,384,0,"[0,0,0,0,0,0,0,0,0,0,0,0,7,-9,6,-9,6,-9,6,-9,6,-9,6,-9,5,-8,5,-8,5,-7,4,-7,4,-7,3,-6,3,-6,2,-5,1,-5,0,-5,-1,-5,-2,-5,-4,-6,-4,-6,-5,-7,-5,-8,-5,-8,-6,-9,-6,-9,-6,-9,0,0,-6,-10,-6,-9,-6,-10,-7,-10,-6,-10,-6,-11,-6,-11,-6,-11,-5,-11,-5,-11,-5,-10,-5,-10,-5,-10,-5,-10,-4,-10,-4,-10,-4,-10,-3,-10,-3,-9,-2,-9,-2,-9,-2,-9,-2,-8,-2,-8,-2,-8,-2,-8,0,0,0,0,0,0,0,0,0,0,0,0,0,0,-62,4,-63,1,-63,-1,-67,2,-61,8,-55,1,-61,3,-62,4,-55,4,-56,2,-50,8,-52,5,-47,4,-44,5,-40,5,-36,8,-35,10,-28,8,-25,14,-19,16,-14,23,-12,25,-11,31,-11,36,-8,41,-8,47,-9,46,-10,50,-12,52,-11,49,-14,55,-16,57,-16,57,-18,60,-14,58,-17,62,-19,59,-21,60,-21,56,-19,57,-17,56,-21,57,-22,57,-21,55,-24,54,-25,51,-23,52,-24,50,-28,47,-28,44,-23,40,-27,36,-25,37,-25,34,-19,33,-25,32,-27,32,0,0,0,0,0,0,0,0,0,0,0,0,0,0,0,0,0,0,0,0,0,0,39,-24,45,-24,44,-20,47,-20,48,-20,48,-20,42,-19,51,-16,50,-22,53,-23,61,-22,60,-19,66,-12,67,-11,65,-7,63,-9,63,-6,65,-5,67,-3,64,1,63,-2,56,5,49,2,48,0,41,-5,43,-7,42,-12,42,-16,38,-17,41,-17,35,-17,36,-22,37,-24,41,-24,37,-28,35,-30,35,-32,34,-33,29,-37,27,-36,31,-40,24,-39,29,-48,24,-45,26,-43,25,-49,23,-52,20,-49,22,-46,14,-51,17,-49,8,-51,12,-48,-2,-49,4,-57,5,-58,3,-51,0,0]",1
CSI_DATA,62514,1a:00:00:00:00:00,-37,11,1,0,1,1,1,0,0,0,1,-97,0,11,2,839376042,0,44,0,384,0,"[0,0,0,0,0,0,0,0,0,0,0,0,-7,9,-7,9,-6,9,-6,9,-6,8,-6,8,-6,8,-6,7,-5,7,-5,7,-5,6,-4,6,-4,5,-2,4,-1,4,0,4,1,4,2,4,4,4,4,4,5,5,6,6,6,6,7,7,7,7,7,8,0,0,7,8,7,8,7,8,8,8,8,8,8,9,7,9,7,9,6,9,6,9,6,9,6,9,6,8,6,8,5,8,5,8,5,8,4,8,4,8,3,8,3,7,3,7,3,7,3,6,3,6,2,6,0,0,0,0,0,0,0,0,0,0,0,0,0,0,61,-4,55,-4,57,-9,56,-4,61,-12,60,-7,57,-6,57,-9,49,-10,51,-8,48,-7,48,-6,46,-11,43,-11,37,-6,38,-7,34,-12,22,-9,20,-17,13,-17,11,-23,7,-27,2,-33,4,-36,4,-42,4,-44,2,-52,5,-51,7,-59,3,-59,6,-60,10,-62,8,-58,3,-59,7,-61,7,-63,11,-65,14,-62,17,-61,14,-62,16,-56,16,-56,18,-56,15,-56,19,-59,15,-55,18,-51,20,-56,20,-45,21,-47,24,-46,21,-42,16,-36,22,-39,15,-35,17,-37,17,-35,0,0,0,0,0,0,0,0,0,0,0,0,0,0,0,0,0,0,0,0,0,0,-42,28,-46,20,-46,20,-47,17,-43,18,-45,16,-44,17,-50,17,-52,19,-52,20,-58,17,-62,15,-63,13,-67,10,-68,5,-65,7,-67,6,-61,4,-64,2,-66,0,-60,-4,-57,-5,-52,-5,-51,2,-42,0,-41,7,-43,9,-41,14,-42,12,-43,18,-34,17,-40,22,-38,19,-37,21,-39,27,-35,26,-36,30,-31,29,-30,34,-27,39,-29,38,-28,40,-29,44,-26,48,-22,47,-27,47,-22,44,-17,46,-21,47,-16,43,-10,51,-12,49,-7,48,-5,49,-1,57,3,51,7,53,0,0]",1
CSI_DATA,62515,1a:00:00:00:00:00,-38,11,1,0,1,1,1,0,0,0,1,-97,0,11,2,839387763,0,44,0,384,0,"[0,0,0,0,0,0,0,0,0,0,0,0,-4,10,-4,10,-4,9,-4,9,-3,9,-3,9,-3,9,-3,8,-3,8,-3,7,-2,7,-2,6,-1,5,-1,5,0,4,1,3,2,3,3,3,4,2,5,3,7,3,8,3,8,4,9,4,9,4,9,5,0,0,10,6,10,5,10,6,10,6,10,7,10,7,10,8,9,8,9,8,8,7,8,7,8,7,8,7,8,7,7,6,7,7,6,7,6,6,6,6,5,6,5,6,5,6,4,5,4,5,5,5,4,5,0,0,0,0,0,0,0,0,0,0,0,0,0,0,56,-14,54,-15,56,-22,54,-15,51,-23,52,-20,48,-20,53,-18,52,-20,45,-14,43,-21,42,-16,42,-20,34,-15,34,-17,32,-16,27,-17,21,-21,13,-15,9,-19,11,-31,-3,-27,-4,-31,-9,-38,-11,-40,-11,-44,-12,-50,-12,-55,-10,-55,-15,-57,-15,-63,-10,-61,-10,-59,-10,-65,-10,-66,-12,-67,-4,-64,-5,-70,1,-71,-4,-68,0,-58,1,-57,1,-62,1,-59,2,-59,2,-59,7,-56,8,-54,6,-50,9,-46,5,-47,8,-42,4,-42,10,-42,7,-42,5,-37,7,-38,0,0,0,0,0,0,0,0,0,0,0,0,0,0,0,0,0,0,0,0,0,0,-37,23,-40,21,-41,19,-45,21,-44,19,-43,18,-42,22,-48,25,-51,24,-53,27,-58,23,-61,22,-63,19,-66,19,-64,16,-61,10,-62,12,-64,10,-64,10,-61,6,-62,2,-56,0,-50,5,-48,5,-44,6,-42,12,-41,13,-43,14,-38,15,-39,27,-36,22,-39,26,-32,26,-31,21,-33,28,-28,35,-30,35,-29,36,-29,35,-22,37,-24,46,-19,43,-19,46,-15,48,-15,44,-21,45,-10,48,-9,48,-10,47,-8,48,-3,44,-2,45,2,51,5,51,5,52,11,54,14,48,0,0]",1
CSI_DATA,62516,1a:00:00:00:00:00,-37,11,1,0,1,1,1,0,0,0,1,-97,0,11,2,839396015,0,44,0,384,0,"[0,0,0,0,0,0,0,0,0,0,0,0,-8,7,-8,7,-8,7,-7,7,-7,7,-7,7,-7,7,-7,6,-6,6,-6,6,-5,5,-5,5,-4,4,-3,4,-2,4,0,4,1,4,2,4,3,4,4,5,5,5,5,6,6,7,6,8,6,8,6,9,0,0,7,9,7,10,7,10,7,10,7,11,6,11,6,11,5,11,4,11,4,11,4,10,4,10,4,9,4,9,3,9,3,9,3,8,3,8,2,8,2,8,2,7,2,7,2,6,2,6,2,6,2,6,0,0,0,0,0,0,0,0,0,0,0,0,0,0,58,2,49,6,61,3,53,5,54,2,57,1,56,2,59,4,51,-4,45,2,48,0,41,1,45,-1,40,-5,37,-6,34,-6,27,-10,22,-11,26,-13,16,-16,11,-24,10,-28,5,-34,8,-35,7,-47,7,-51,4,-51,5,-56,9,-56,6,-62,11,-63,10,-70,16,-62,14,-66,15,-65,16,-68,27,-64,25,-62,30,-64,28,-63,25,-61,24,-52,27,-54,22,-56,25,-48,20,-49,27,-54,25,-45,21,-46,20,-43,21,-39,20,-38,23,-36,18,-35,19,-34,17,-33,17,-34,0,0,0,0,0,0,0,0,0,0,0,0,0,0,0,0,0,0,0,0,0,0,-46,4,-51,1,-45,2,-49,-3,-46,-6,-47,1,-49,0,-49,3,-56,0,-57,0,-64,-5,-66,-5,-63,-9,-67,-12,-65,-11,-56,-16,-65,-16,-61,-18,-60,-18,-61,-20,-53,-22,-55,-22,-46,-18,-48,-14,-42,-13,-45,-8,-46,-3,-47,-3,-40,2,-44,1,-42,4,-39,4,-40,6,-45,13,-43,12,-43,15,-41,17,-37,20,-40,23,-41,30,-34,32,-35,30,-32,33,-36,38,-36,35,-31,31,-32,35,-34,37,-27,37,-23,35,-23,40,-24,44,-18,44,-19,45,-18,52,-12,55,-14,55,0,0]",1
CSI_DATA,62517,1a:00:00:00:00:00,-37,11,1,0,1,1,1,0,0,0,1,-97,0,11,2,839406267,0,44,0,384,0,"[0,0,0,0,0,0,0,0,0,0,0,0,10,-4,10,-4,10,-4,9,-4,9,-4,9,-4,9,-4,8,-4,8,-4,7,-4,7,-4,6,-4,5,-4,4,-4,3,-4,2,-5,1,-5,0,-6,-1,-6,-2,-7,-2,-8,-2,-9,-2,-10,-2,-11,-2,-11,-2,-11,0,0,-2,-12,-3,-13,-3,-13,-2,-14,-2,-13,-1,-14,-1,-14,0,-13,0,-13,1,-12,0,-12,1,-11,0,-11,0,-11,0,-11,0,-10,0,-10,0,-9,0,-9,1,-9,1,-9,0,-8,0,-8,0,-7,0,-8,0,-7,0,0,0,0,0,0,0,0,0,0,0,0,0,0,-51,-40,-51,-36,-44,-39,-48,-36,-46,-32,-44,-32,-51,-36,-48,-35,-48,-32,-43,-27,-48,-25,-41,-31,-39,-24,-42,-21,-39,-22,-36,-16,-31,-15,-33,-7,-29,-4,-26,5,-25,9,-25,16,-25,20,-31,24,-30,32,-35,34,-37,35,-40,41,-45,37,-41,43,-43,43,-51,39,-47,43,-49,48,-51,44,-60,46,-57,43,-57,37,-61,39,-57,35,-55,25,-51,32,-51,32,-54,31,-50,20,-49,28,-47,25,-49,23,-44,19,-43,18,-42,17,-39,14,-36,13,-38,16,-30,14,-34,18,-34,16,0,0,0,0,0,0,0,0,0,0,0,0,0,0,0,0,0,0,0,0,0,0,42,21,37,23,40,23,40,27,41,23,40,25,40,23,41,27,46,29,51,35,50,35,48,39,49,44,49,41,43,49,41,42,43,45,44,45,42,45,41,45,34,45,38,46,29,40,33,35,32,35,31,29,33,27,33,29,36,18,37,17,36,16,42,17,43,16,38,15,41,15,43,8,46,5,43,2,42,4,44,-1,44,-5,43,-7,40,-7,46,-12,47,-13,41,-10,43,-11,42,-15,42,-20,44,-20,40,-25,36,-32,36,-24,38,-32,33,-32,36,-33,35,-40,0,0]",1
CSI_DATA,62518,1a:00:00:00:00:00,-37,11,1,0,1,1,1,0,0,0,1,-97,0,11,2,839416047,0,44,0,384,0,"[0,0,0,0,0,0,0,0,0,0,0,0,-10,6,-10,6,-10,6,-10,6,-10,6,-9,6,-9,5,-9,5,-9,5,-8,5,-7,4,-6,4,-6,4,-5,4,-4,4,-2,4,-1,4,0,5,1,5,2,6,2,7,2,8,2,8,3,9,3,9,3,9,0,0,3,10,3,10,3,11,3,11,3,12,3,12,2,12,1,12,1,11,1,11,1,11,1,10,1,10,1,10,1,10,0,9,0,9,0,9,0,8,0,8,-1,8,-1,7,0,7,0,7,0,7,-1,6,0,0,0,0,0,0,0,0,0,0,0,0,0,0,55,29,56,22,58,22,59,18,56,16,57,17,57,18,54,21,55,14,54,18,51,17,50,14,46,15,43,15,42,13,38,10,36,3,31,1,26,-3,23,-10,22,-18,21,-20,21,-22,20,-27,20,-36,19,-41,23,-42,26,-42,32,-52,27,-49,25,-47,31,-56,29,-54,32,-55,34,-54,38,-56,39,-54,44,-55,43,-53,42,-50,37,-48,42,-46,36,-42,34,-42,33,-45,36,-42,39,-42,34,-41,33,-36,36,-40,36,-30,36,-32,31,-24,32,-26,28,-27,29,-29,30,-23,0,0,0,0,0,0,0,0,0,0,0,0,0,0,0,0,0,0,0,0,0,0,-47,-10,-47,-19,-43,-15,-43,-21,-44,-20,-46,-19,-45,-18,-42,-21,-50,-23,-50,-21,-51,-26,-55,-31,-60,-30,-58,-33,-56,-38,-53,-32,-56,-36,-52,-38,-53,-40,-48,-39,-44,-45,-43,-40,-36,-39,-36,-30,-34,-28,-40,-27,-41,-22,-43,-19,-37,-12,-40,-13,-40,-11,-44,-11,-44,-6,-46,-3,-42,-2,-42,2,-41,3,-41,0,-45,5,-41,10,-43,12,-42,14,-44,20,-44,18,-45,23,-39,23,-41,21,-38,24,-38,26,-31,27,-33,26,-31,35,-29,37,-26,35,-26,44,-30,43,-30,43,0,0]",1
CSI_DATA,62519,1a:00:00:00:00:00,-37,11,1,0,1,1,1,0,0,0,1,-97,0,11,2,839436046,0,44,0,384,0,"[0,0,0,0,0,0,0,0,0,0,0,0,-7,7,-7,7,-7,7,-7,7,-7,7,-7,7,-7,6,-7,6,-7,5,-6,5,-5,5,-5,5,-4,4,-3,4,-2,4,0,3,1,4,2,4,3,5,4,5,4,6,5,7,5,7,5,8,6,8,6,8,0,0,6,9,6,9,6,10,6,10,6,10,6,11,5,11,5,11,4,11,4,10,5,10,5,9,4,10,4,10,3,9,4,9,3,9,3,9,2,8,2,8,2,8,2,7,2,7,2,7,2,7,2,7,0,0,0,0,0,0,0,0,0,0,0,0,0,0,54,12,45,11,45,11,54,10,57,10,54,12,52,8,54,8,54,5,56,11,52,6,50,9,51,6,40,4,41,5,32,3,28,-5,22,-5,20,-11,14,-15,16,-22,16,-26,15,-32,15,-37,16,-41,18,-50,16,-52,19,-52,21,-60,21,-58,20,-55,20,-61,23,-55,22,-61,24,-61,29,-67,29,-64,29,-61,32,-61,35,-57,27,-57,28,-56,32,-57,28,-55,31,-57,27,-52,30,-48,30,-54,32,-47,26,-41,30,-44,28,-37,25,-35,20,-33,23,-35,25,-35,24,-39,0,0,0,0,0,0,0,0,0,0,0,0,0,0,0,0,0,0,0,0,0,0,-49,-15,-41,-22,-42,-23,-42,-27,-49,-23,-46,-20,-45,-23,-48,-22,-55,-25,-53,-30,-53,-34,-57,-36,-56,-36,-52,-38,-49,-47,-50,-42,-50,-45,-45,-41,-49,-38,-50,-48,-41,-42,-39,-36,-36,-37,-37,-34,-40,-26,-36,-27,-40,-22,-36,-22,-43,-17,-45,-12,-41,-14,-44,-12,-41,-9,-39,-11,-44,-5,-42,-4,-41,2,-40,4,-44,0,-44,9,-42,11,-40,14,-40,14,-41,15,-38,18,-44,25,-36,15,-34,18,-32,22,-33,25,-30,25,-29,32,-20,34,-25,33,-21,38,-22,38,-16,46,0,0]",1
CSI_DATA,62520,1a:00:00:00:00:00,-37,11,1,0,1,1,1,0,0,0,1,-97,0,11,2,839446017,0,44,0,384,0,"[0,0,0,0,0,0,0,0,0,0,0,0,6,-8,6,-8,6,-8,6,-8,6,-8,6,-8,5,-8,5,-7,5,-7,4,-7,4,-6,3,-6,2,-6,1,-5,0,-5,-1,-5,-2,-5,-3,-6,-4,-6,-5,-7,-5,-8,-6,-9,-6,-10,-6,-10,-6,-10,-7,-10,0,0,-6,-11,-7,-11,-7,-11,-7,-12,-6,-12,-6,-13,-5,-13,-5,-12,-4,-12,-4,-12,-5,-12,-4,-11,-4,-11,-4,-11,-4,-11,-3,-10,-3,-10,-3,-10,-2,-9,-2,-9,-2,-9,-2,-8,-2,-8,-2,-8,-2,-8,-2,-8,0,0,0,0,0,0,0,0,0,0,0,0,0,0,-52,0,-53,2,-54,7,-51,4,-60,3,-52,4,-58,7,-56,4,-57,9,-54,10,-53,9,-47,6,-46,7,-47,10,-36,8,-33,9,-33,14,-26,15,-23,18,-19,23,-13,26,-9,33,-10,35,-8,41,-11,49,-11,51,-12,61,-10,61,-15,57,-15,64,-14,63,-18,65,-21,68,-12,67,-20,69,-25,70,-22,66,-26,71,-27,64,-27,67,-27,62,-25,58,-29,57,-25,60,-23,52,-29,54,-23,49,-23,55,-26,45,-27,42,-29,38,-21,39,-25,35,-27,36,-18,34,-23,35,-23,33,0,0,0,0,0,0,0,0,0,0,0,0,0,0,0,0,0,0,0,0,0,0,51,-8,47,-2,52,-4,49,1,48,2,44,1,50,1,49,3,61,2,59,2,59,5,64,9,64,9,66,12,61,18,61,20,57,14,62,14,57,17,56,20,55,23,57,17,49,20,45,13,46,12,44,8,44,5,46,1,41,2,42,-4,39,-7,42,-2,44,-3,41,-3,45,-15,40,-11,42,-13,42,-16,37,-17,35,-21,35,-26,31,-32,34,-29,35,-34,35,-27,37,-27,29,-27,28,-32,27,-35,25,-33,16,-35,16,-35,16,-40,9,-41,5,-41,3,-44,2,-45,0,0]",1
CSI_DATA,62521,1a:00:00:00:00:00,-37,11,1,0,1,1,1,0,0,0,1,-97,0,11,2,839456040,0,44,0,384,0,"[0,0,0,0,0,0,0,0,0,0,0,0,-8,6,-7,6,-7,7,-7,7,-7,7,-7,6,-7,6,-7,6,-6,6,-6,5,-5,5,-5,5,-4,5,-3,4,-2,4,-1,5,0,5,2,5,2,6,3,7,3,7,4,8,4,9,4,9,4,10,4,10,0,0,4,11,4,11,4,11,4,12,4,12,3,12,3,12,2,12,2,12,1,11,1,11,1,10,1,10,1,10,1,10,1,10,1,10,0,9,0,9,0,8,0,8,0,7,0,7,0,7,0,7,0,7,0,0,0,0,0,0,0,0,0,0,0,0,0,0,49,5,52,0,57,-5,52,3,52,-2,56,1,55,-5,54,1,52,-6,56,-5,49,-2,47,-8,45,-10,42,-8,40,-8,35,-13,30,-12,31,-11,23,-19,21,-18,16,-29,14,-32,11,-41,14,-45,15,-52,9,-51,12,-58,16,-60,18,-57,17,-64,14,-62,20,-69,20,-60,20,-69,24,-67,29,-75,33,-65,33,-63,32,-62,34,-58,31,-54,30,-58,29,-55,25,-58,31,-56,25,-47,35,-47,30,-43,28,-41,26,-37,30,-35,25,-40,28,-37,27,-34,24,-33,17,-32,24,-35,0,0,0,0,0,0,0,0,0,0,0,0,0,0,0,0,0,0,0,0,0,0,-46,3,-54,1,-47,-2,-50,-4,-52,-2,-51,-5,-46,-1,-56,-3,-58,-2,-59,-4,-61,-8,-63,-15,-63,-12,-61,-15,-64,-22,-58,-17,-60,-16,-59,-20,-58,-22,-56,-19,-56,-23,-58,-17,-45,-19,-44,-16,-46,-13,-47,-10,-44,-6,-44,-5,-45,2,-44,0,-42,2,-50,6,-45,6,-48,7,-42,9,-44,13,-42,12,-40,18,-41,22,-37,19,-40,27,-36,31,-38,29,-37,29,-40,33,-38,23,-35,31,-28,31,-31,33,-24,35,-27,36,-17,42,-21,41,-15,41,-16,44,-10,47,-15,41,0,0]",1
CSI_DATA,62522,1a:00:00:00:00:00,-37,11,1,0,1,1,1,0,0,0,1,-97,0,11,2,839476027,0,44,0,384,0,"[0,0,0,0,0,0,0,0,0,0,0,0,-10,4,-9,4,-9,4,-9,4,-9,5,-9,5,-9,4,-8,4,-8,4,-7,4,-7,4,-6,4,-5,3,-4,3,-3,4,-2,4,-1,4,0,5,1,6,2,7,2,7,2,8,3,9,3,10,3,10,3,10,0,0,3,11,3,12,3,12,3,13,2,13,2,13,1,13,0,12,0,12,0,12,0,11,0,11,0,11,0,10,0,10,0,10,0,10,0,9,-1,9,-1,8,-1,8,-1,8,-1,8,-1,7,-1,7,-1,7,0,0,0,0,0,0,0,0,0,0,0,0,0,0,59,27,56,18,53,17,54,18,50,17,53,12,49,12,47,14,47,10,47,14,47,8,42,5,45,11,39,5,32,6,38,4,32,-5,27,-7,23,-9,21,-16,20,-17,19,-29,21,-32,18,-35,19,-35,22,-44,24,-48,26,-48,26,-54,31,-56,28,-57,28,-61,32,-57,31,-60,35,-58,41,-60,40,-56,39,-60,42,-57,45,-51,44,-48,39,-49,44,-45,42,-46,39,-49,33,-43,41,-39,36,-39,38,-38,35,-34,28,-36,33,-30,33,-33,29,-32,33,-26,30,-29,33,-26,0,0,0,0,0,0,0,0,0,0,0,0,0,0,0,0,0,0,0,0,0,0,-47,-5,-48,-8,-44,-11,-44,-13,-43,-13,-42,-13,-46,-13,-52,-15,-56,-13,-56,-14,-59,-26,-56,-22,-59,-26,-55,-29,-57,-28,-59,-33,-53,-33,-51,-33,-49,-30,-52,-29,-47,-35,-42,-31,-40,-24,-39,-24,-40,-21,-40,-16,-40,-12,-42,-13,-46,-13,-42,-5,-38,-6,-45,-4,-42,4,-47,1,-43,7,-43,6,-41,6,-42,8,-45,7,-45,13,-47,19,-41,20,-43,20,-47,22,-44,27,-39,22,-41,29,-40,29,-34,32,-31,30,-32,35,-34,37,-31,39,-25,38,-28,42,-25,45,-25,46,0,0]",1
CSI_DATA,62523,1a:00:00:00:00:00,-37,11,1,0,1,1,1,0,0,0,1,-97,0,11,2,839486025,0,44,0,384,0,"[0,0,0,0,0,0,0,0,0,0,0,0,10,-4,10,-4,9,-4,9,-4,9,-4,9,-4,8,-4,8,-4,8,-3,7,-3,7,-3,5,-3,5,-3,4,-4,2,-4,1,-5,0,-6,0,-6,-1,-7,-1,-8,-2,-9,-1,-10,-1,-11,-1,-11,-1,-12,-1,-12,0,0,-1,-13,-1,-13,-1,-14,-1,-14,0,-14,1,-14,1,-14,2,-13,2,-13,2,-12,2,-12,2,-11,2,-11,1,-11,2,-11,2,-10,1,-10,1,-10,2,-10,2,-9,2,-9,2,-9,2,-8,2,-8,2,-8,2,-8,0,0,0,0,0,0,0,0,0,0,0,0,0,0,-44,-39,-49,-38,-49,-41,-49,-37,-45,-35,-43,-35,-46,-27,-47,-30,-48,-28,-47,-26,-45,-32,-43,-25,-37,-27,-36,-22,-34,-15,-34,-14,-32,-11,-30,-5,-29,2,-28,9,-28,13,-29,15,-27,26,-31,31,-34,31,-35,36,-45,36,-44,36,-45,41,-46,43,-47,40,-53,46,-55,36,-52,45,-54,46,-57,43,-62,40,-64,35,-62,35,-63,35,-62,27,-54,26,-58,28,-54,31,-54,25,-53,27,-51,24,-53,20,-50,18,-49,20,-49,15,-44,13,-46,18,-43,16,-42,14,-42,16,-43,13,0,0,0,0,0,0,0,0,0,0,0,0,0,0,0,0,0,0,0,0,0,0,42,14,40,19,40,17,39,24,41,27,42,25,40,21,46,23,47,25,47,26,52,33,51,34,52,35,50,38,44,44,42,43,44,39,43,42,45,39,40,44,32,39,32,41,30,36,32,31,32,26,33,20,33,27,39,19,39,18,41,13,39,11,39,12,40,9,40,10,45,7,39,2,42,3,44,-1,45,-2,44,-4,41,-7,45,-10,48,-12,46,-8,46,-17,45,-17,43,-16,47,-19,44,-17,40,-27,37,-25,42,-31,37,-31,32,-32,33,-41,39,-42,41,-38,0,0]",1
CSI_DATA,62524,1a:00:00:00:00:00,-37,11,1,0,1,1,1,0,0,0,1,-97,0,11,2,839496083,0,44,0,384,0,"[0,0,0,0,0,0,0,0,0,0,0,0,-11,2,-11,2,-11,2,-11,2,-10,2,-10,2,-10,2,-10,2,-9,2,-8,2,-8,2,-7,2,-6,2,-5,2,-4,3,-3,4,-2,4,-2,5,-1,6,0,7,-1,8,-1,9,-1,10,-1,10,-1,11,-1,11,0,0,-1,12,-1,12,-2,12,-2,13,-2,13,-3,13,-3,12,-4,12,-4,12,-4,11,-4,11,-4,10,-4,10,-3,10,-4,9,-4,9,-4,9,-4,8,-4,8,-4,8,-4,7,-4,7,-3,7,-3,7,-4,7,-4,7,0,0,0,0,0,0,0,0,0,0,0,0,0,0,42,46,43,40,47,39,48,42,42,38,42,43,44,37,40,38,41,33,43,32,39,34,37,30,35,27,35,23,34,21,29,15,32,10,27,6,26,-4,27,-10,29,-8,29,-21,29,-25,36,-25,38,-28,43,-31,41,-36,47,-36,53,-36,55,-39,54,-34,59,-37,58,-36,60,-40,60,-35,65,-39,63,-35,69,-31,67,-27,69,-27,62,-24,58,-24,60,-23,60,-24,59,-23,56,-19,55,-17,52,-18,50,-18,45,-12,47,-16,45,-12,44,-12,41,-9,41,-14,43,-11,45,-12,0,0,0,0,0,0,0,0,0,0,0,0,0,0,0,0,0,0,0,0,0,0,-43,-23,-45,-29,-36,-26,-39,-32,-36,-30,-39,-29,-35,-33,-38,-30,-46,-38,-48,-38,-45,-40,-46,-43,-40,-49,-45,-49,-42,-53,-33,-49,-39,-52,-36,-54,-34,-49,-33,-53,-30,-47,-24,-50,-25,-36,-25,-35,-25,-34,-27,-27,-30,-29,-31,-30,-34,-22,-34,-25,-36,-20,-40,-23,-35,-15,-36,-12,-42,-12,-44,-11,-41,-9,-36,-6,-45,-4,-43,-4,-44,2,-43,7,-47,3,-47,7,-46,7,-40,14,-45,9,-47,15,-47,17,-42,15,-42,20,-42,26,-41,25,-40,29,-45,35,-41,36,-38,37,0,0]",1
CSI_DATA,62525,1a:00:00:00:00:00,-36,11,1,0,1,1,1,0,0,0,1,-97,0,11,2,839516021,0,44,0,384,0,"[0,0,0,0,0,0,0,0,0,0,0,0,-12,2,-12,2,-11,2,-11,2,-11,2,-11,2,-10,2,-10,2,-9,2,-9,2,-8,2,-7,2,-6,2,-5,2,-4,3,-3,4,-2,4,-2,5,-1,6,-1,7,-1,8,-1,9,-1,10,-1,10,-1,11,-1,11,0,0,-1,12,-1,12,-1,12,-1,13,-2,13,-2,13,-3,12,-3,12,-3,12,-4,11,-3,11,-3,10,-3,10,-3,10,-3,10,-3,9,-3,9,-3,9,-3,8,-3,7,-3,7,-3,7,-3,7,-2,6,-3,7,-3,6,0,0,0,0,0,0,0,0,0,0,0,0,0,0,46,39,42,37,46,35,48,39,45,32,47,39,44,35,49,37,42,34,44,30,43,33,44,33,41,30,39,22,32,22,30,20,29,9,31,6,31,4,27,-5,26,-10,28,-13,30,-18,31,-21,33,-29,40,-30,44,-37,46,-34,46,-37,46,-36,50,-39,49,-40,53,-35,53,-39,54,-40,58,-41,60,-37,59,-34,65,-31,58,-29,56,-26,54,-28,57,-28,53,-27,54,-25,48,-21,51,-25,46,-21,50,-20,45,-16,48,-15,40,-11,41,-10,37,-17,36,-15,33,-12,37,-12,0,0,0,0,0,0,0,0,0,0,0,0,0,0,0,0,0,0,0,0,0,0,-39,-26,-37,-33,-34,-32,-35,-33,-35,-33,-32,-32,-35,-34,-40,-36,-40,-37,-42,-39,-39,-46,-44,-46,-39,-51,-38,-49,-36,-52,-29,-50,-31,-52,-29,-49,-30,-49,-26,-52,-26,-50,-22,-44,-23,-39,-25,-41,-26,-32,-28,-29,-27,-29,-35,-28,-30,-29,-37,-24,-34,-23,-39,-23,-38,-20,-41,-20,-37,-14,-41,-13,-39,-11,-43,-11,-39,-4,-42,-4,-46,1,-42,6,-46,2,-44,8,-44,11,-47,8,-43,10,-43,11,-46,16,-43,20,-43,23,-43,24,-44,25,-36,28,-41,34,-45,34,-42,37,0,0]",1
CSI_DATA,62526,1a:00:00:00:00:00,-37,11,1,0,1,1,1,0,0,0,1,-97,0,11,2,839526046,0,44,0,384,0,"[0,0,0,0,0,0,0,0,0,0,0,0,11,-1,11,-1,10,-1,11,-1,10,-1,10,-1,10,-1,9,-1,9,-1,8,-1,7,-1,7,-1,6,-2,5,-2,4,-3,3,-4,2,-5,2,-6,1,-7,1,-8,1,-9,1,-10,2,-10,2,-11,2,-11,2,-11,0,0,3,-12,2,-12,3,-13,3,-13,4,-13,4,-13,5,-13,5,-12,5,-11,5,-11,4,-11,4,-10,4,-10,4,-10,4,-10,4,-10,4,-9,4,-9,4,-8,4,-7,4,-7,4,-7,3,-7,3,-7,4,-7,3,-7,0,0,0,0,0,0,0,0,0,0,0,0,0,0,-30,-47,-32,-48,-35,-40,-36,-45,-38,-46,-41,-45,-38,-46,-38,-45,-39,-40,-31,-41,-33,-44,-34,-38,-33,-36,-32,-36,-31,-35,-25,-25,-24,-21,-26,-17,-28,-8,-26,-4,-29,2,-30,5,-34,11,-37,15,-40,15,-49,18,-48,18,-50,20,-53,16,-54,21,-54,28,-59,24,-57,24,-59,25,-65,26,-64,18,-70,17,-64,15,-65,12,-62,11,-60,10,-66,10,-58,12,-55,17,-56,13,-59,11,-54,12,-53,7,-50,4,-49,3,-49,3,-42,4,-39,3,-42,1,-38,0,-38,3,-43,2,0,0,0,0,0,0,0,0,0,0,0,0,0,0,0,0,0,0,0,0,0,0,32,30,34,32,32,35,32,35,30,33,29,38,30,35,33,35,36,39,36,42,33,47,34,50,36,53,35,51,32,55,30,50,28,48,28,54,26,52,21,48,21,46,18,51,19,41,20,39,24,40,21,32,28,31,30,32,28,29,33,27,28,23,34,26,32,27,32,23,38,22,38,18,39,17,38,14,41,14,38,9,41,5,43,5,41,1,48,-1,46,-1,48,6,46,-3,49,-2,47,-7,47,-14,45,-12,46,-11,49,-21,46,-15,48,-26,50,-32,41,-27,0,0]",1
CSI_DATA,62527,1a:00:00:00:00:00,-37,11,1,0,1,1,1,0,0,0,1,-97,0,11,2,839536039,0,44,0,384,0,"[0,0,0,0,0,0,0,0,0,0,0,0,-11,-2,-11,-2,-11,-1,-11,-1,-11,-2,-10,-2,-10,-2,-10,-2,-9,-2,-9,-1,-8,-1,-7,-1,-7,0,-6,0,-5,1,-4,2,-4,3,-4,4,-3,5,-4,6,-4,7,-4,8,-5,8,-5,9,-5,9,-5,10,0,0,-6,10,-6,11,-6,10,-7,11,-7,11,-8,11,-8,10,-8,9,-8,9,-8,9,-8,8,-7,8,-7,8,-7,7,-7,8,-7,7,-7,7,-7,7,-7,6,-7,6,-7,5,-6,5,-6,5,-6,5,-6,5,-6,5,0,0,0,0,0,0,0,0,0,0,0,0,0,0,30,49,33,49,38,50,32,48,35,46,35,44,38,44,34,46,36,41,37,43,31,40,36,39,35,34,30,30,26,29,25,27,25,21,26,11,24,12,22,-1,27,-4,28,-5,32,-14,37,-19,40,-20,44,-20,48,-18,52,-22,52,-23,56,-26,56,-23,59,-23,58,-22,66,-27,66,-24,65,-22,66,-17,67,-15,66,-16,66,-13,62,-13,62,-10,59,-12,58,-13,58,-10,54,-8,58,-9,54,-4,52,-2,49,-3,50,-5,45,-3,41,-2,38,-1,41,0,36,-2,43,1,0,0,0,0,0,0,0,0,0,0,0,0,0,0,0,0,0,0,0,0,0,0,-41,-22,-39,-28,-36,-29,-42,-33,-39,-34,-41,-35,-38,-32,-39,-33,-45,-34,-41,-37,-41,-45,-45,-52,-41,-49,-36,-48,-38,-56,-34,-48,-34,-57,-30,-53,-35,-53,-31,-52,-32,-49,-25,-48,-23,-42,-26,-38,-27,-38,-27,-37,-30,-31,-33,-33,-32,-27,-35,-28,-35,-23,-39,-24,-40,-26,-40,-20,-43,-20,-38,-17,-43,-15,-41,-19,-41,-14,-44,-8,-42,-7,-45,-3,-51,-5,-48,0,-53,2,-48,1,-46,5,-49,10,-46,4,-43,14,-46,14,-43,15,-48,19,-47,15,-42,28,-51,25,-52,28,0,0]",1
CSI_DATA,62528,1a:00:00:00:00:00,-37,11,1,0,1,1,1,0,0,0,1,-97,0,11,2,839566017,0,44,0,384,0,"[0,0,0,0,0,0,0,0,0,0,0,0,10,2,9,2,9,2,9,2,9,1,9,1,8,1,8,1,8,1,7,1,7,0,6,0,5,-1,4,-1,4,-2,4,-3,3,-4,3,-5,3,-6,3,-7,4,-8,4,-9,5,-10,5,-10,5,-10,5,-10,0,0,6,-11,6,-11,7,-11,7,-11,7,-11,8,-10,9,-10,8,-9,9,-9,8,-8,7,-9,7,-8,7,-8,7,-7,7,-7,7,-7,7,-7,6,-6,7,-6,6,-6,6,-5,6,-5,6,-5,5,-5,6,-5,5,-5,0,0,0,0,0,0,0,0,0,0,0,0,0,0,-25,-58,-25,-53,-25,-56,-26,-52,-29,-49,-33,-51,-25,-50,-28,-50,-27,-44,-24,-43,-27,-47,-24,-45,-26,-38,-27,-40,-23,-28,-23,-29,-25,-24,-26,-17,-27,-9,-24,-5,-34,-2,-32,1,-42,7,-40,12,-49,12,-52,8,-53,10,-59,8,-59,13,-65,14,-59,10,-69,7,-67,10,-68,14,-71,5,-73,3,-74,3,-73,-3,-70,-4,-69,-5,-61,-5,-59,-9,-61,-7,-59,-1,-57,-4,-57,-4,-58,-5,-56,-9,-52,-7,-48,-7,-50,-5,-46,-10,-44,-8,-45,-5,-43,-8,-39,-11,-40,-15,0,0,0,0,0,0,0,0,0,0,0,0,0,0,0,0,0,0,0,0,0,0,33,30,30,37,29,33,28,35,26,37,29,36,27,39,29,39,35,45,31,43,30,50,34,55,26,57,26,58,24,58,26,53,23,54,24,59,23,59,21,53,15,55,17,55,15,49,13,47,14,44,24,41,24,39,24,36,27,34,25,38,29,31,30,31,32,29,32,29,33,32,37,28,38,23,38,19,40,18,39,18,37,13,40,12,44,9,47,13,46,9,43,6,46,5,43,6,43,1,46,3,45,-1,44,-10,51,-8,44,-18,50,-18,47,-20,53,-18,0,0]",1
CSI_DATA,62529,1a:00:00:00:00:00,-37,11,1,0,1,1,1,0,0,0,1,-97,0,11,2,839576027,0,44,0,384,0,"[0,0,0,0,0,0,0,0,0,0,0,0,-11,-4,-11,-4,-11,-4,-10,-4,-11,-3,-10,-3,-10,-3,-9,-3,-9,-3,-8,-3,-8,-2,-7,-2,-6,-1,-6,0,-5,1,-5,2,-4,3,-4,4,-4,5,-5,6,-5,7,-6,8,-6,8,-7,9,-7,9,-7,9,0,0,-8,9,-8,10,-8,10,-8,10,-9,10,-10,10,-10,9,-10,8,-10,8,-9,7,-9,7,-9,7,-9,6,-8,7,-8,6,-8,6,-8,6,-8,6,-8,5,-8,5,-7,4,-7,4,-7,4,-6,4,-7,4,-7,4,0,0,0,0,0,0,0,0,0,0,0,0,0,0,22,55,24,54,24,55,25,53,22,52,27,54,25,52,21,54,23,51,28,46,23,49,23,41,24,38,21,33,22,31,22,26,19,27,23,19,27,13,24,8,27,6,31,-1,37,-9,41,-11,47,-10,48,-12,51,-17,55,-10,61,-7,63,-9,65,-13,67,-14,62,-12,69,-14,68,-11,73,-14,70,-8,72,-5,70,-3,69,2,62,2,65,4,62,1,57,0,63,1,55,-1,55,2,52,-1,57,4,49,1,48,4,44,6,43,5,44,5,40,7,42,7,41,5,0,0,0,0,0,0,0,0,0,0,0,0,0,0,0,0,0,0,0,0,0,0,-26,-46,-24,-40,-20,-42,-19,-45,-20,-44,-24,-44,-27,-44,-26,-47,-27,-55,-30,-53,-21,-58,-20,-60,-19,-60,-17,-62,-14,-57,-14,-58,-13,-62,-12,-57,-13,-59,-8,-56,-7,-55,-11,-57,-7,-51,-9,-47,-14,-45,-12,-43,-18,-43,-20,-43,-24,-38,-24,-38,-28,-37,-27,-35,-28,-34,-28,-33,-32,-29,-37,-28,-31,-27,-36,-26,-35,-26,-38,-26,-40,-22,-43,-15,-47,-16,-49,-13,-41,-17,-52,-13,-47,-11,-46,-13,-49,-5,-45,-5,-44,-1,-48,3,-51,3,-46,10,-50,13,-59,12,-54,14,0,0]",1
CSI_DATA,62530,1a:00:00:00:00:00,-36,11,1,0,1,1,1,0,0,0,1,-97,0,11,2,839606023,0,44,0,384,0,"[0,0,0,0,0,0,0,0,0,0,0,0,10,2,10,2,10,2,10,2,10,2,10,1,9,2,9,2,8,2,8,1,7,1,7,1,6,0,5,-1,4,-1,3,-3,3,-3,3,-5,2,-6,2,-7,2,-7,2,-9,3,-9,3,-10,3,-10,3,-11,0,0,4,-11,4,-11,4,-12,5,-12,5,-12,6,-12,6,-11,6,-11,6,-11,6,-10,6,-10,6,-10,6,-9,5,-9,6,-9,5,-9,5,-8,5,-8,5,-7,5,-7,5,-7,4,-6,4,-6,4,-6,4,-6,4,-6,0,0,0,0,0,0,0,0,0,0,0,0,0,0,-22,-53,-26,-61,-26,-54,-24,-52,-26,-58,-27,-50,-27,-58,-24,-55,-28,-54,-24,-47,-21,-47,-22,-46,-25,-45,-22,-39,-18,-38,-17,-36,-21,-26,-22,-24,-17,-18,-23,-9,-24,-5,-23,2,-30,4,-39,8,-42,12,-40,14,-49,11,-50,13,-54,11,-54,17,-58,14,-59,14,-56,12,-61,20,-62,18,-63,15,-64,11,-69,6,-65,0,-64,6,-62,4,-63,7,-64,2,-58,1,-57,0,-54,4,-53,-2,-56,-3,-47,-2,-45,-5,-45,-2,-39,-8,-42,-1,-38,-2,-38,2,-38,1,-40,-6,0,0,0,0,0,0,0,0,0,0,0,0,0,0,0,0,0,0,0,0,0,0,27,34,28,41,23,37,22,41,23,42,26,43,24,46,26,47,26,49,25,56,22,57,18,56,19,61,13,63,12,64,11,61,15,58,9,66,10,59,3,53,6,55,5,55,3,51,6,45,8,41,11,41,14,37,17,38,21,35,23,33,25,32,26,34,28,29,31,28,34,27,29,25,32,24,32,25,39,23,40,16,39,16,41,14,42,13,46,11,40,8,47,14,47,11,46,5,48,5,49,-1,45,-3,45,-6,49,-8,52,-16,54,-16,52,-19,51,-22,0,0]",1
CSI_DATA,62531,1a:00:00:00:00:00,-36,11,1,0,1,1,1,0,0,0,1,-97,0,11,2,839616028,0,44,0,384,0,"[0,0,0,0,0,0,0,0,0,0,0,0,-10,-6,-10,-5,-10,-5,-10,-5,-10,-5,-10,-5,-9,-5,-9,-5,-8,-5,-8,-4,-7,-4,-7,-3,-6,-3,-6,-2,-5,-1,-5,0,-5,1,-5,2,-5,3,-5,4,-6,5,-6,6,-7,6,-7,7,-7,7,-7,7,0,0,-8,8,-8,8,-9,8,-9,8,-10,8,-10,8,-11,7,-10,7,-10,6,-10,6,-10,6,-10,6,-10,6,-9,6,-9,5,-9,5,-9,4,-9,4,-8,4,-8,3,-8,3,-8,3,-7,3,-7,3,-7,3,-7,2,0,0,0,0,0,0,0,0,0,0,0,0,0,0,8,62,9,57,7,55,7,61,11,51,9,56,16,54,11,55,15,52,13,52,14,51,14,47,11,46,12,37,12,40,10,37,8,32,10,23,16,22,19,12,20,13,28,5,32,4,33,7,41,6,47,0,48,2,52,3,53,4,57,-3,58,-1,66,6,60,-2,65,6,67,4,68,8,68,9,69,15,66,17,64,19,60,13,58,18,57,15,59,12,59,22,50,16,48,16,47,19,49,18,44,19,40,21,40,20,37,19,32,22,36,20,37,17,37,15,0,0,0,0,0,0,0,0,0,0,0,0,0,0,0,0,0,0,0,0,0,0,-22,-37,-23,-43,-16,-44,-16,-46,-18,-43,-14,-48,-13,-45,-18,-51,-21,-54,-17,-54,-17,-59,-14,-59,-11,-61,-11,-64,-4,-65,-7,-59,-5,-59,-5,-63,-5,-62,0,-56,0,-56,1,-55,-2,-53,-1,-48,-5,-46,-11,-46,-8,-40,-8,-43,-16,-42,-21,-44,-16,-41,-21,-38,-19,-41,-21,-37,-23,-32,-24,-36,-25,-35,-32,-31,-32,-28,-37,-29,-38,-26,-38,-18,-39,-23,-39,-21,-43,-22,-37,-20,-43,-18,-44,-14,-45,-11,-46,-9,-50,-6,-51,-2,-53,-2,-52,1,-50,8,-56,0,-56,5,0,0]",1
CSI_DATA,62532,1a:00:00:00:00:00,-36,11,1,0,1,1,1,0,0,0,1,-97,0,11,2,839626016,0,44,0,384,0,"[0,0,0,0,0,0,0,0,0,0,0,0,9,5,8,4,9,4,9,4,9,4,8,4,8,4,8,4,8,4,7,3,6,3,6,2,6,2,5,1,5,0,4,-1,4,-2,4,-3,5,-4,5,-5,6,-6,6,-7,7,-7,7,-7,8,-7,7,-8,0,0,8,-8,9,-8,9,-9,9,-9,10,-8,10,-8,11,-7,11,-7,10,-6,10,-6,10,-6,10,-5,9,-5,9,-5,9,-5,9,-5,9,-5,9,-4,8,-4,8,-3,8,-3,7,-3,7,-3,7,-3,7,-3,7,-3,0,0,0,0,0,0,0,0,0,0,0,0,0,0,-11,-57,-13,-59,-14,-54,-17,-56,-20,-58,-16,-53,-19,-53,-20,-53,-19,-47,-16,-50,-21,-48,-19,-52,-20,-45,-17,-43,-18,-40,-20,-39,-22,-31,-19,-26,-24,-18,-23,-16,-24,-10,-26,-8,-36,-7,-38,-4,-40,-1,-48,6,-50,4,-59,1,-57,1,-53,4,-56,1,-66,4,-65,2,-64,1,-70,3,-72,-2,-72,-10,-66,-10,-67,-14,-68,-14,-64,-15,-60,-9,-63,-15,-64,-10,-56,-13,-58,-11,-53,-10,-59,-9,-49,-14,-45,-14,-47,-16,-39,-11,-43,-21,-44,-17,-35,-13,-37,-14,-38,-13,0,0,0,0,0,0,0,0,0,0,0,0,0,0,0,0,0,0,0,0,0,0,21,37,19,39,17,46,15,44,19,45,17,39,16,42,15,47,16,50,18,55,15,59,11,58,10,64,8,62,6,58,2,61,12,61,8,61,2,60,7,57,-2,57,-1,57,5,49,5,47,4,44,12,38,14,43,17,42,17,45,17,43,16,42,16,39,19,38,21,37,29,39,28,35,26,37,25,29,31,31,31,30,39,27,35,23,40,23,42,22,45,20,41,13,37,16,41,16,40,6,44,10,40,1,45,3,48,1,48,-3,52,-4,52,-12,57,-9,0,0]",1
CSI_DATA,62533,1a:00:00:00:00:00,-36,11,1,0,1,1,1,0,0,0,1,-97,0,11,2,839636012,0,44,0,384,0,"[0,0,0,0,0,0,0,0,0,0,0,0,-8,-8,-8,-7,-8,-7,-8,-7,-8,-7,-8,-7,-8,-6,-7,-6,-7,-6,-7,-6,-6,-6,-6,-5,-6,-4,-6,-3,-5,-2,-6,-1,-6,0,-6,1,-7,2,-7,2,-9,3,-9,3,-10,3,-10,3,-11,3,-11,3,0,0,-12,3,-12,3,-12,3,-13,3,-13,2,-13,2,-13,1,-13,1,-12,0,-12,0,-11,0,-11,0,-11,0,-11,0,-10,0,-10,0,-10,0,-10,-1,-9,-1,-9,-1,-9,-2,-8,-1,-8,-2,-8,-1,-8,-2,-8,-2,0,0,0,0,0,0,0,0,0,0,0,0,0,0,-11,58,-11,53,-5,60,-5,56,-3,55,-2,58,-6,50,-1,51,5,54,-2,52,1,49,3,46,1,50,4,49,1,44,7,39,5,36,10,28,14,28,14,22,21,23,23,21,32,18,34,21,38,23,45,23,49,24,48,27,52,25,55,28,50,33,53,38,56,31,57,39,54,39,54,37,54,44,51,47,51,46,48,46,42,42,39,42,42,43,46,42,43,40,38,38,34,39,34,35,31,37,25,39,31,36,25,34,25,36,24,38,23,32,23,36,20,38,0,0,0,0,0,0,0,0,0,0,0,0,0,0,0,0,0,0,0,0,0,0,-29,-39,-26,-42,-22,-46,-18,-44,-19,-46,-24,-42,-23,-45,-18,-49,-21,-59,-27,-53,-21,-58,-17,-62,-14,-62,-14,-66,-4,-59,-7,-61,-4,-63,-3,-61,-4,-58,2,-64,4,-61,3,-59,-1,-47,-3,-48,-7,-44,-6,-45,-8,-47,-12,-47,-13,-46,-20,-47,-16,-45,-16,-46,-15,-43,-17,-44,-19,-47,-24,-44,-22,-38,-28,-36,-30,-35,-31,-35,-32,-37,-34,-31,-41,-31,-37,-35,-37,-30,-38,-26,-41,-31,-35,-25,-40,-28,-43,-23,-43,-17,-50,-16,-49,-15,-43,-13,-52,-10,-58,-12,-52,-8,0,0]",1
CSI_DATA,62534,1a:00:00:00:00:00,-37,11,1,0,1,1,1,0,0,0,1,-97,0,11,2,839646035,0,44,0,384,0,"[0,0,0,0,0,0,0,0,0,0,0,0,6,7,7,7,7,6,6,7,6,6,6,6,6,6,6,5,6,5,5,5,5,4,5,3,4,3,4,2,4,1,4,0,5,-1,5,-2,6,-3,7,-4,7,-4,8,-4,9,-5,10,-5,10,-5,10,-5,0,0,11,-4,11,-4,11,-4,12,-4,12,-3,12,-3,12,-2,11,-1,11,-1,10,-1,10,-2,10,-1,10,-1,9,-1,9,-1,9,-1,9,-1,8,-1,8,0,7,0,7,0,7,0,7,0,6,0,7,0,7,0,0,0,0,0,0,0,0,0,0,0,0,0,0,0,14,-60,16,-58,11,-62,8,-52,10,-58,7,-58,7,-51,11,-57,4,-56,6,-53,2,-49,-2,-45,2,-45,1,-42,6,-41,-4,-35,-3,-38,-8,-31,-13,-26,-12,-21,-22,-20,-30,-18,-34,-17,-37,-22,-47,-20,-47,-28,-45,-31,-52,-31,-52,-34,-53,-32,-51,-34,-51,-37,-52,-39,-54,-37,-55,-43,-56,-48,-54,-48,-47,-47,-49,-48,-43,-44,-35,-40,-36,-43,-40,-41,-39,-42,-37,-44,-33,-34,-33,-40,-30,-41,-28,-34,-28,-36,-28,-35,-24,-38,-23,-33,-19,-35,-24,-33,-23,-33,-20,-33,0,0,0,0,0,0,0,0,0,0,0,0,0,0,0,0,0,0,0,0,0,0,18,40,19,42,12,41,9,49,15,45,15,44,15,48,13,50,13,55,13,57,9,59,5,59,5,60,0,63,3,61,-1,57,0,58,-1,59,-3,62,-7,55,-5,56,-9,49,0,47,-4,48,2,44,6,46,4,44,9,48,8,43,9,43,9,40,14,43,15,39,18,43,25,41,24,40,19,36,26,36,27,37,27,37,27,33,30,35,36,36,34,31,38,36,42,29,38,30,34,27,40,31,42,26,40,21,40,23,46,17,47,17,46,17,53,14,51,11,0,0]",1
CSI_DATA,62535,1a:00:00:00:00:00,-37,11,1,0,1,1,1,0,0,0,1,-97,0,11,2,839666041,0,44,0,384,0,"[0,0,0,0,0,0,0,0,0,0,0,0,6,8,5,8,6,8,6,8,6,7,6,7,5,7,5,7,4,6,4,6,4,5,4,4,3,3,3,2,3,1,4,0,4,-1,4,-2,5,-3,6,-4,7,-4,8,-5,8,-5,9,-5,9,-5,9,-6,0,0,10,-5,11,-6,11,-5,11,-5,12,-5,12,-4,12,-4,11,-3,11,-2,11,-3,10,-3,10,-3,10,-3,9,-3,9,-3,9,-2,9,-2,8,-2,8,-2,8,-1,7,-1,7,-1,7,-1,7,-2,7,-2,7,-2,0,0,0,0,0,0,0,0,0,0,0,0,0,0,17,-60,17,-53,8,-57,15,-50,14,-56,11,-54,7,-57,5,-57,11,-51,8,-49,6,-49,12,-46,9,-46,5,-37,3,-36,4,-31,-2,-28,-4,-23,-10,-22,-15,-19,-23,-17,-27,-15,-36,-12,-33,-13,-44,-11,-43,-19,-53,-17,-51,-17,-53,-25,-55,-19,-56,-21,-62,-23,-61,-27,-60,-23,-61,-30,-57,-35,-64,-35,-55,-37,-56,-39,-55,-41,-53,-35,-49,-37,-50,-33,-47,-34,-46,-32,-47,-29,-38,-31,-42,-29,-34,-31,-32,-35,-33,-27,-32,-25,-31,-26,-31,-27,-33,-19,-29,-21,-32,-28,0,0,0,0,0,0,0,0,0,0,0,0,0,0,0,0,0,0,0,0,0,0,5,42,0,45,2,47,-4,49,-1,48,-4,48,-3,53,-1,50,-5,55,-4,58,-9,60,-15,64,-16,61,-16,60,-19,56,-22,55,-19,55,-21,57,-23,59,-24,54,-26,49,-24,49,-21,42,-17,47,-10,39,-7,43,-2,42,-5,42,-3,43,1,41,3,42,4,42,2,40,7,41,8,41,12,40,17,39,17,42,20,37,24,35,29,36,30,36,32,37,31,34,31,33,34,44,34,35,34,39,40,33,37,29,38,26,41,29,39,27,45,18,45,17,51,17,52,20,0,0]",1
CSI_DATA,62536,1a:00:00:00:00:00,-37,11,1,0,1,1,1,0,0,0,1,-97,0,11,2,839676024,0,44,0,384,0,"[0,0,0,0,0,0,0,0,0,0,0,0,-5,-10,-5,-10,-6,-10,-6,-10,-6,-9,-5,-9,-5,-9,-5,-9,-4,-8,-4,-7,-4,-7,-4,-6,-4,-5,-4,-4,-4,-3,-5,-1,-5,0,-6,1,-6,2,-7,2,-8,2,-9,3,-10,3,-10,3,-11,3,-11,3,0,0,-12,3,-12,3,-12,3,-13,3,-13,3,-14,2,-13,2,-13,1,-13,1,-12,1,-12,1,-12,0,-12,1,-11,0,-11,0,-11,0,-11,0,-10,0,-10,0,-9,-1,-9,-1,-8,-1,-8,-1,-8,0,-8,0,-8,0,0,0,0,0,0,0,0,0,0,0,0,0,0,0,-23,52,-21,52,-17,50,-20,52,-18,57,-24,59,-15,52,-14,52,-13,52,-14,52,-14,51,-10,44,-9,45,-9,41,-4,35,-7,29,-1,28,6,24,8,18,13,18,20,17,26,13,31,12,36,11,39,12,47,16,50,19,52,20,50,20,56,26,56,25,55,26,60,28,61,24,61,25,60,28,61,35,62,36,57,35,54,37,54,35,55,34,48,33,49,29,51,31,47,31,43,32,41,33,39,30,37,29,34,28,32,31,29,23,30,24,31,26,27,21,29,24,0,0,0,0,0,0,0,0,0,0,0,0,0,0,0,0,0,0,0,0,0,0,14,-43,9,-47,13,-47,17,-46,17,-46,16,-46,14,-48,15,-50,17,-54,20,-56,30,-55,32,-56,32,-57,32,-54,33,-51,33,-47,32,-50,35,-47,31,-52,34,-46,32,-47,29,-44,27,-37,23,-40,15,-39,14,-39,11,-44,13,-46,6,-42,5,-43,4,-45,2,-44,1,-44,1,-40,-5,-44,-6,-47,-6,-46,-8,-46,-14,-43,-17,-42,-17,-45,-26,-43,-25,-38,-26,-44,-27,-40,-27,-46,-29,-42,-29,-35,-34,-40,-33,-29,-36,-34,-39,-28,-42,-29,-44,-30,-49,-25,-51,-25,-52,-30,0,0]",1
CSI_DATA,62537,1a:00:00:00:00:00,-37,11,1,0,1,1,1,0,0,0,1,-97,0,11,2,839686037,0,44,0,384,0,"[0,0,0,0,0,0,0,0,0,0,0,0,4,9,4,9,4,8,4,8,4,8,4,8,4,8,3,7,3,7,3,6,3,5,3,5,3,3,3,2,3,2,4,0,4,-1,5,-2,6,-2,7,-3,8,-4,9,-4,9,-4,10,-4,10,-4,10,-4,0,0,11,-4,12,-4,12,-4,12,-4,12,-3,13,-3,13,-2,13,-2,12,-1,11,-1,11,-2,11,-2,11,-2,11,-1,10,-1,10,-1,10,0,9,-1,9,0,8,0,8,0,7,0,7,0,7,-1,7,-1,7,0,0,0,0,0,0,0,0,0,0,0,0,0,0,0,36,-50,26,-46,29,-49,27,-48,24,-52,21,-53,18,-49,24,-48,23,-51,18,-52,20,-48,19,-39,18,-44,11,-38,12,-34,8,-35,-3,-27,1,-26,-3,-20,-11,-17,-21,-24,-23,-18,-29,-23,-34,-19,-43,-25,-46,-27,-45,-32,-46,-29,-48,-33,-53,-32,-55,-35,-57,-33,-54,-33,-57,-33,-56,-33,-57,-41,-55,-41,-58,-46,-50,-46,-47,-49,-48,-45,-48,-39,-48,-44,-49,-39,-42,-41,-45,-38,-42,-42,-37,-44,-36,-39,-30,-41,-29,-37,-26,-38,-29,-28,-25,-34,-29,-27,-27,-28,-27,-36,0,0,0,0,0,0,0,0,0,0,0,0,0,0,0,0,0,0,0,0,0,0,-22,40,-22,41,-24,39,-28,41,-23,42,-24,37,-29,42,-29,42,-31,46,-35,48,-36,48,-37,49,-44,44,-47,45,-48,43,-43,40,-43,40,-42,40,-42,38,-45,35,-41,28,-43,37,-35,31,-29,30,-29,32,-23,38,-21,39,-23,40,-18,38,-13,44,-13,43,-15,43,-14,41,-9,43,-11,46,-5,41,-6,40,0,43,0,41,4,42,5,40,9,41,10,46,14,44,18,44,13,42,17,40,18,37,20,39,26,35,24,35,34,38,36,34,37,29,39,30,43,32,45,33,0,0]",1
CSI_DATA,62538,1a:00:00:00:00:00,-37,11,1,0,1,1,1,0,0,0,1,-97,0,11,2,839696046,0,44,0,384,0,"[0,0,0,0,0,0,0,0,0,0,0,0,-2,-11,-3,-11,-3,-10,-3,-11,-3,-10,-3,-10,-2,-9,-2,-9,-2,-8,-2,-7,-3,-7,-3,-6,-3,-5,-4,-4,-4,-3,-5,-2,-6,-2,-7,-1,-8,0,-9,0,-10,0,-11,-1,-11,-1,-12,-1,-12,-1,-13,-1,0,0,-13,-2,-13,-1,-14,-2,-14,-2,-14,-2,-14,-3,-14,-4,-13,-4,-13,-4,-12,-4,-12,-3,-12,-4,-11,-3,-11,-4,-11,-4,-11,-4,-10,-4,-10,-4,-9,-5,-8,-5,-8,-5,-8,-5,-7,-4,-7,-4,-7,-3,-7,-3,0,0,0,0,0,0,0,0,0,0,0,0,0,0,-41,34,-43,41,-42,35,-34,38,-38,46,-33,43,-34,40,-33,46,-32,43,-30,42,-31,44,-30,33,-29,34,-23,32,-19,30,-13,29,-11,26,-3,25,2,23,6,26,12,24,21,29,26,30,26,32,29,35,37,39,35,47,41,45,39,46,37,50,41,52,37,55,45,54,41,51,43,56,37,60,38,61,33,66,28,63,33,63,27,58,25,52,22,56,31,50,27,51,26,53,17,54,22,50,18,51,14,48,11,47,9,40,11,45,7,41,13,38,14,38,8,33,0,0,0,0,0,0,0,0,0,0,0,0,0,0,0,0,0,0,0,0,0,0,26,-40,25,-39,28,-34,31,-38,28,-37,26,-40,33,-42,35,-43,38,-44,39,-43,46,-43,51,-42,52,-40,51,-39,53,-37,50,-33,50,-34,53,-34,48,-31,51,-25,45,-25,47,-24,40,-24,36,-24,36,-27,32,-26,30,-34,31,-35,26,-34,28,-38,23,-38,22,-38,20,-39,15,-39,21,-40,20,-40,13,-43,13,-46,14,-39,5,-42,4,-45,-1,-41,0,-45,-5,-50,-5,-46,-5,-41,-5,-43,-11,-43,-11,-42,-14,-41,-19,-39,-27,-37,-27,-42,-26,-34,-33,-38,-40,-42,-38,-41,0,0]",1
CSI_DATA,62539,1a:00:00:00:00:00,-37,11,1,0,1,1,1,0,0,0,1,-97,0,11,2,839706038,0,44,0,384,0,"[0,0,0,0,0,0,0,0,0,0,0,0,1,10,1,10,2,10,1,9,2,9,2,9,1,9,1,8,1,8,1,7,2,6,2,5,2,4,2,3,3,2,4,1,5,1,6,0,7,-1,8,-1,9,-1,10,-1,10,-1,11,-1,12,0,11,0,0,0,12,0,13,0,12,0,13,1,13,1,13,2,13,2,12,3,11,2,11,2,10,2,10,2,10,2,10,2,10,2,9,2,9,2,8,2,8,2,7,2,7,2,7,2,6,2,6,1,6,1,6,1,0,0,0,0,0,0,0,0,0,0,0,0,0,0,32,-47,33,-42,31,-54,29,-51,26,-48,27,-57,21,-48,25,-55,27,-44,19,-49,23,-42,24,-43,21,-40,12,-34,8,-37,11,-34,2,-28,1,-27,-6,-28,-15,-25,-19,-23,-22,-23,-29,-24,-35,-28,-35,-31,-46,-36,-47,-43,-48,-37,-52,-41,-51,-41,-51,-45,-49,-50,-49,-42,-50,-50,-54,-46,-50,-58,-45,-52,-43,-60,-40,-54,-41,-52,-37,-49,-40,-47,-39,-44,-38,-43,-34,-44,-36,-45,-36,-46,-32,-48,-29,-45,-25,-39,-23,-40,-25,-37,-23,-33,-24,-36,-22,-31,-22,-29,-19,-36,0,0,0,0,0,0,0,0,0,0,0,0,0,0,0,0,0,0,0,0,0,0,-21,34,-28,37,-30,39,-29,36,-28,39,-29,38,-30,42,-32,42,-36,44,-37,46,-45,41,-44,42,-48,44,-50,41,-52,39,-50,32,-49,36,-47,32,-55,32,-43,31,-46,28,-45,21,-41,21,-34,24,-35,26,-25,31,-26,32,-27,35,-27,33,-21,38,-24,37,-19,38,-23,35,-15,42,-14,36,-14,38,-10,43,-10,40,-4,43,-2,38,1,37,-1,39,4,39,6,42,12,43,14,38,13,38,12,36,18,35,19,29,24,26,28,31,34,30,31,32,40,26,46,27,45,29,0,0]",1
CSI_DATA,62540,1a:00:00:00:00:00,-37,11,1,0,1,1,1,0,0,0,1,-97,0,11,2,839716031,0,44,0,384,0,"[0,0,0,0,0,0,0,0,0,0,0,0,-1,-12,-1,-11,-1,-12,-1,-11,-1,-11,-1,-10,-1,-10,-1,-10,-1,-9,-1,-8,-1,-8,-2,-7,-2,-6,-2,-5,-3,-4,-4,-3,-5,-2,-6,-2,-7,-2,-9,-1,-10,-2,-11,-2,-11,-2,-12,-3,-12,-3,-12,-3,0,0,-13,-4,-13,-4,-13,-4,-13,-5,-13,-5,-13,-5,-13,-6,-12,-6,-11,-6,-10,-6,-10,-5,-10,-5,-10,-5,-10,-5,-10,-5,-9,-5,-9,-5,-8,-5,-8,-5,-7,-5,-7,-5,-7,-4,-7,-4,-7,-4,-7,-4,-7,-4,0,0,0,0,0,0,0,0,0,0,0,0,0,0,-49,40,-47,37,-47,32,-48,41,-42,41,-45,38,-39,36,-42,38,-39,36,-42,36,-39,31,-34,32,-37,35,-28,28,-24,24,-21,28,-15,31,-5,25,-1,27,3,26,10,29,14,29,20,33,17,37,24,40,28,45,29,46,30,53,29,55,35,58,30,62,27,63,25,61,25,61,24,66,24,63,23,66,13,67,13,67,12,61,15,63,15,57,15,54,19,54,18,53,11,53,15,49,10,50,8,46,10,43,3,44,4,41,5,38,6,40,6,40,5,35,7,40,0,0,0,0,0,0,0,0,0,0,0,0,0,0,0,0,0,0,0,0,0,0,30,-30,34,-34,34,-32,37,-32,34,-31,33,-33,37,-29,39,-35,43,-37,47,-37,50,-36,53,-34,57,-32,61,-31,57,-31,54,-25,60,-27,55,-26,61,-25,60,-16,53,-19,50,-15,45,-14,41,-21,36,-21,34,-24,38,-27,36,-27,32,-28,31,-28,30,-34,30,-30,24,-32,26,-31,25,-39,21,-41,22,-34,19,-41,13,-41,16,-42,12,-44,9,-44,7,-42,5,-43,5,-43,1,-44,0,-43,-3,-39,-4,-38,-9,-38,-10,-39,-15,-38,-24,-40,-27,-36,-29,-41,-36,-46,-35,-43,0,0]",1
CSI_DATA,62541,1a:00:00:00:00:00,-37,11,1,0,1,1,1,0,0,0,1,-97,0,11,2,839726031,0,44,0,384,0,"[0,0,0,0,0,0,0,0,0,0,0,0,-2,10,-2,10,-2,10,-2,10,-2,10,-2,9,-2,9,-1,9,-2,8,-1,7,-1,7,-1,6,0,5,1,4,2,3,3,3,4,2,5,2,6,1,7,2,8,2,9,2,10,3,10,3,11,3,11,4,0,0,11,4,11,5,12,5,11,5,11,5,11,6,11,6,10,6,9,6,8,6,8,5,9,5,8,5,8,5,8,5,8,5,7,5,7,4,7,4,6,4,6,4,6,4,6,4,6,3,6,3,5,3,0,0,0,0,0,0,0,0,0,0,0,0,0,0,54,-34,45,-29,53,-35,48,-36,46,-36,47,-37,46,-32,48,-36,47,-38,46,-35,41,-35,36,-30,39,-31,31,-31,27,-28,23,-28,20,-19,15,-23,4,-24,-1,-28,-9,-27,-8,-28,-15,-32,-22,-38,-26,-43,-29,-50,-28,-49,-27,-54,-26,-56,-26,-62,-33,-61,-31,-67,-32,-63,-31,-67,-32,-61,-25,-69,-20,-69,-21,-69,-18,-63,-15,-68,-16,-59,-23,-61,-12,-59,-12,-56,-18,-52,-18,-50,-16,-55,-15,-51,-14,-51,-7,-52,-7,-49,-11,-43,-11,-43,-12,-40,-8,-40,-9,-39,-8,-37,0,0,0,0,0,0,0,0,0,0,0,0,0,0,0,0,0,0,0,0,0,0,-42,23,-48,20,-41,18,-45,20,-44,18,-45,21,-51,21,-50,22,-50,24,-60,25,-58,22,-64,19,-67,15,-66,15,-66,12,-62,15,-64,17,-65,10,-65,11,-60,3,-61,2,-60,-1,-51,5,-48,4,-46,8,-41,11,-42,18,-45,21,-37,19,-37,26,-31,23,-38,27,-38,23,-33,23,-29,28,-29,37,-30,33,-24,33,-25,35,-19,37,-15,40,-19,42,-15,40,-18,45,-11,44,-6,47,-8,43,-8,39,-3,45,-2,40,2,41,12,43,14,49,13,40,18,41,22,51,27,46,0,0]",1
CSI_DATA,62542,1a:00:00:00:00:00,-37,11,1,0,1,1,1,0,0,0,1,-97,0,11,2,839746044,0,44,0,384,0,"[0,0,0,0,0,0,0,0,0,0,0,0,-3,9,-3,9,-3,9,-3,9,-3,9,-3,9,-3,9,-3,8,-3,8,-2,7,-2,6,-1,6,-1,5,0,4,1,4,2,3,3,3,5,3,6,2,7,3,8,3,8,3,9,4,9,4,10,4,10,5,0,0,11,6,11,6,11,6,11,6,11,7,11,7,10,8,10,8,9,8,8,7,9,7,9,7,8,6,8,7,8,7,7,7,7,7,7,6,6,6,5,6,5,6,5,5,5,5,5,5,5,5,5,5,0,0,0,0,0,0,0,0,0,0,0,0,0,0,52,-15,52,-11,46,-18,52,-18,53,-25,48,-20,49,-18,51,-20,48,-22,39,-21,42,-20,42,-21,37,-25,37,-19,33,-20,29,-13,25,-20,17,-22,6,-21,3,-23,3,-28,-4,-32,-13,-36,-11,-40,-11,-47,-11,-49,-12,-54,-13,-58,-13,-61,-15,-61,-15,-64,-10,-68,-9,-68,-14,-68,-13,-71,-6,-70,-2,-72,-2,-72,0,-70,2,-67,2,-65,2,-65,4,-64,-3,-62,5,-57,4,-64,5,-54,7,-63,5,-52,9,-53,12,-48,10,-47,9,-44,7,-43,8,-42,2,-41,3,-45,0,0,0,0,0,0,0,0,0,0,0,0,0,0,0,0,0,0,0,0,0,0,-46,14,-46,11,-48,14,-45,5,-47,12,-46,15,-49,11,-46,15,-53,13,-58,12,-59,7,-63,5,-64,6,-60,4,-63,1,-56,-3,-59,4,-61,3,-61,2,-59,-11,-57,-7,-56,-8,-44,2,-41,-2,-45,3,-40,8,-40,8,-44,10,-42,13,-40,14,-40,16,-39,16,-34,19,-38,22,-34,21,-30,25,-30,25,-28,35,-27,33,-26,32,-23,38,-24,38,-22,41,-18,42,-21,44,-25,42,-18,47,-13,41,-17,41,-9,42,-9,43,-2,47,-2,46,-1,44,4,45,7,47,9,54,0,0]",1
CSI_DATA,62543,1a:00:00:00:00:00,-37,11,1,0,1,1,1,0,0,0,1,-97,0,11,2,839756014,0,44,0,384,0,"[0,0,0,0,0,0,0,0,0,0,0,0,2,-10,2,-10,2,-10,2,-10,1,-10,2,-10,2,-9,1,-9,1,-9,1,-8,1,-8,0,-7,-1,-6,-2,-5,-3,-5,-4,-4,-5,-4,-6,-4,-7,-4,-8,-4,-9,-4,-10,-5,-10,-6,-11,-6,-11,-6,-11,-6,0,0,-12,-7,-12,-7,-13,-7,-12,-7,-12,-8,-12,-8,-11,-9,-11,-9,-10,-9,-10,-8,-10,-8,-10,-8,-10,-8,-10,-7,-9,-8,-9,-8,-8,-8,-8,-7,-7,-7,-7,-7,-6,-7,-6,-7,-6,-6,-6,-6,-6,-6,-6,-6,0,0,0,0,0,0,0,0,0,0,0,0,0,0,-53,8,-54,17,-54,19,-48,19,-52,26,-49,24,-48,23,-48,24,-43,25,-43,24,-43,20,-48,22,-44,25,-34,22,-30,23,-24,19,-19,16,-13,25,-10,26,-5,24,-2,32,5,32,5,39,8,41,11,46,16,58,13,51,14,58,15,62,17,63,17,63,14,70,14,67,17,66,16,76,15,73,5,70,3,73,6,75,2,71,4,65,1,62,3,68,6,61,-1,62,4,60,-3,59,1,56,-1,54,-6,47,-7,53,-8,45,-5,45,-4,43,0,40,1,38,-6,39,0,0,0,0,0,0,0,0,0,0,0,0,0,0,0,0,0,0,0,0,0,0,39,-17,43,-10,46,-9,43,-8,41,-13,46,-10,43,-9,47,-14,55,-13,56,-8,56,-7,58,-10,62,-5,61,-1,60,0,54,-1,57,-2,59,-2,58,-1,54,3,51,3,53,5,42,-1,42,-1,37,-4,39,-12,38,-11,44,-13,40,-11,42,-14,37,-14,36,-19,30,-22,33,-25,30,-24,31,-26,31,-27,27,-30,26,-29,24,-31,22,-39,15,-34,22,-40,19,-41,12,-42,20,-33,13,-45,11,-33,14,-39,9,-40,2,-43,-3,-42,-5,-49,-7,-47,-7,-51,-10,-52,-7,-50,0,0]",1
CSI_DATA,62544,1a:00:00:00:00:00,-37,11,1,0,1,1,1,0,0,0,1,-97,0,11,2,839766031,0,44,0,384,0,"[0,0,0,0,0,0,0,0,0,0,0,0,-7,8,-6,7,-6,8,-6,8,-6,8,-6,7,-6,7,-5,7,-5,7,-4,6,-4,6,-3,5,-2,5,-1,4,0,4,2,5,2,5,3,5,5,5,5,6,6,7,6,8,6,9,7,9,7,9,7,9,0,0,7,10,7,10,7,10,7,11,7,11,6,12,6,12,5,11,5,11,4,11,4,10,4,10,4,10,4,9,4,10,4,9,3,9,3,9,3,8,2,8,2,8,2,7,2,7,2,7,2,7,1,7,0,0,0,0,0,0,0,0,0,0,0,0,0,0,53,4,53,5,53,4,47,-2,54,-8,50,-7,54,-6,50,-3,52,-2,49,-3,49,-7,44,-10,44,-8,38,-12,37,-9,29,-8,26,-17,21,-15,17,-19,10,-27,13,-36,7,-41,8,-39,5,-45,14,-49,9,-59,15,-60,14,-57,15,-61,15,-68,16,-65,19,-68,14,-69,15,-69,17,-70,22,-70,26,-68,32,-66,32,-64,34,-61,29,-57,25,-57,28,-59,23,-59,25,-52,22,-56,20,-54,24,-53,26,-45,26,-42,23,-42,26,-37,25,-36,23,-38,21,-37,21,-37,23,-35,0,0,0,0,0,0,0,0,0,0,0,0,0,0,0,0,0,0,0,0,0,0,-45,4,-48,-2,-48,-4,-47,-9,-47,-4,-44,-3,-49,-3,-48,-5,-54,-4,-58,-4,-56,-10,-59,-18,-58,-15,-59,-15,-55,-22,-51,-17,-53,-17,-56,-19,-48,-18,-48,-19,-44,-19,-42,-17,-41,-14,-37,-11,-38,-7,-42,-1,-41,3,-45,2,-43,4,-44,1,-41,4,-41,7,-41,6,-36,8,-39,16,-38,13,-39,19,-36,19,-39,21,-32,22,-33,24,-38,26,-33,29,-32,31,-33,34,-29,22,-24,30,-23,35,-26,35,-17,36,-13,34,-14,34,-8,39,-12,44,-9,48,-1,48,-9,50,0,0]",1
CSI_DATA,62545,1a:00:00:00:00:00,-37,11,1,0,1,1,1,0,0,0,1,-97,0,11,2,839787615,0,44,0,384,0,"[0,0,0,0,0,0,0,0,0,0,0,0,3,-11,2,-11,2,-11,2,-11,2,-11,2,-10,2,-10,2,-9,2,-8,1,-8,1,-7,0,-7,0,-6,-2,-5,-3,-4,-4,-4,-6,-4,-7,-4,-8,-4,-9,-5,-9,-5,-10,-6,-10,-6,-11,-6,-11,-7,-11,-7,0,0,-11,-8,-12,-8,-12,-8,-12,-9,-11,-9,-11,-10,-10,-10,-9,-10,-9,-10,-8,-9,-9,-8,-9,-8,-8,-8,-8,-8,-8,-8,-8,-8,-8,-8,-7,-7,-7,-7,-6,-7,-6,-7,-6,-7,-6,-6,-6,-6,-6,-6,-6,-7,0,0,0,0,0,0,0,0,0,0,0,0,0,0,-58,23,-56,24,-57,21,-54,26,-50,27,-53,27,-54,23,-49,28,-47,26,-43,29,-45,25,-44,23,-39,21,-37,21,-30,22,-28,15,-21,18,-10,22,-10,23,-3,26,0,36,5,36,11,41,13,45,13,51,16,57,14,58,12,58,7,65,13,64,12,67,8,71,17,65,8,71,10,69,7,72,-1,71,0,70,-4,65,-3,68,-5,65,-5,62,0,59,1,59,-4,57,0,52,-2,55,-5,54,-2,52,-2,50,-7,43,-4,43,-3,45,-4,37,-4,39,-5,40,-9,42,0,0,0,0,0,0,0,0,0,0,0,0,0,0,0,0,0,0,0,0,0,0,41,-30,44,-25,43,-24,42,-21,42,-24,42,-24,45,-23,47,-27,50,-28,52,-29,54,-20,55,-19,60,-22,59,-12,63,-17,57,-14,60,-11,61,-13,60,-9,60,-8,56,-3,51,-4,45,-7,43,-7,40,-10,43,-14,33,-15,40,-20,34,-18,33,-25,33,-25,34,-26,32,-26,31,-29,28,-28,32,-28,28,-31,21,-29,21,-35,19,-35,10,-34,15,-38,8,-45,12,-40,10,-41,2,-41,5,-41,2,-44,1,-44,-5,-43,-9,-44,-9,-42,-18,-44,-17,-43,-19,-51,-21,-49,-15,-57,0,0]",1
CSI_DATA,62546,1a:00:00:00:00:00,-38,11,1,0,1,1,1,0,0,0,1,-97,0,11,2,839797346,0,44,0,384,0,"[0,0,0,0,0,0,0,0,0,0,0,0,-1,10,-1,10,-1,10,-2,10,-1,10,-2,10,-2,9,-2,8,-1,8,-1,7,-1,6,0,5,0,4,1,4,2,3,3,2,4,2,6,2,7,1,8,2,9,2,10,2,10,3,10,4,11,4,11,4,0,0,11,5,11,4,12,5,12,5,12,5,11,6,11,7,10,6,9,6,9,6,9,5,8,6,8,5,8,5,8,5,8,5,7,5,7,4,6,4,6,4,6,4,6,4,6,4,6,4,6,4,6,4,0,0,0,0,0,0,0,0,0,0,0,0,0,0,58,-26,51,-24,55,-29,55,-23,53,-34,53,-26,48,-26,50,-28,48,-31,46,-28,46,-28,40,-26,39,-24,33,-22,37,-24,21,-21,21,-25,14,-23,9,-25,-1,-27,-6,-32,-11,-34,-15,-42,-13,-43,-18,-48,-17,-57,-16,-56,-14,-64,-19,-64,-19,-63,-14,-65,-16,-67,-12,-62,-17,-71,-20,-70,-13,-75,-8,-72,-4,-73,2,-69,1,-67,3,-66,-2,-59,-1,-61,-1,-59,-6,-60,-3,-58,2,-61,-2,-58,-6,-49,1,-46,0,-45,2,-44,6,-44,0,-39,0,-43,-1,-42,-1,-43,0,0,0,0,0,0,0,0,0,0,0,0,0,0,0,0,0,0,0,0,0,0,-40,26,-43,28,-39,23,-44,19,-45,22,-44,19,-49,25,-48,22,-53,21,-55,24,-61,21,-63,21,-64,17,-65,16,-67,13,-61,9,-70,9,-63,11,-62,10,-62,2,-62,2,-56,1,-48,5,-47,2,-42,6,-40,14,-40,17,-39,15,-41,13,-39,23,-33,20,-32,17,-32,20,-33,24,-28,27,-32,28,-25,26,-25,29,-22,32,-15,36,-21,33,-14,37,-13,40,-13,39,-12,39,-11,45,-7,42,-9,37,-1,40,-3,35,6,37,7,38,14,41,16,43,19,43,20,50,22,51,0,0]",1
CSI_DATA,62547,1a:00:00:00:00:00,-37,11,1,0,1,1,1,0,0,0,1,-97,0,11,2,839816169,0,44,0,384,0,"[0,0,0,0,0,0,0,0,0,0,0,0,9,1,10,0,10,0,10,1,10,0,9,0,9,0,9,1,8,0,7,0,7,0,6,-1,5,-1,3,-2,3,-3,2,-4,1,-5,1,-6,1,-7,1,-9,2,-9,2,-10,2,-11,2,-11,3,-12,3,-12,0,0,3,-12,3,-13,3,-13,3,-13,4,-13,4,-14,5,-13,5,-12,5,-12,5,-11,4,-11,4,-10,4,-10,4,-10,4,-10,4,-10,4,-9,4,-9,4,-8,4,-8,4,-7,3,-7,3,-7,3,-7,3,-7,3,-7,0,0,0,0,0,0,0,0,0,0,0,0,0,0,-32,-50,-29,-42,-36,-39,-35,-41,-34,-42,-37,-39,-40,-42,-38,-40,-36,-38,-37,-38,-32,-39,-32,-34,-32,-37,-30,-31,-28,-30,-23,-22,-24,-14,-25,-10,-25,-1,-20,1,-31,12,-25,15,-36,19,-35,22,-43,29,-45,29,-43,29,-50,37,-57,32,-53,34,-56,35,-54,32,-57,34,-57,40,-56,36,-63,38,-61,33,-67,33,-62,27,-65,19,-57,25,-60,19,-59,20,-54,23,-54,22,-54,22,-56,24,-53,18,-52,15,-48,11,-46,13,-41,13,-40,10,-39,13,-34,15,-34,14,-36,11,0,0,0,0,0,0,0,0,0,0,0,0,0,0,0,0,0,0,0,0,0,0,17,37,17,44,16,41,15,41,20,40,20,41,18,43,16,48,20,52,20,54,14,58,14,61,12,66,14,66,11,65,13,57,10,63,10,57,13,60,6,59,-2,56,3,52,4,46,9,43,11,41,13,43,16,41,21,42,18,36,21,39,22,34,23,35,21,30,23,30,31,24,36,27,34,25,32,21,36,18,40,16,42,15,44,12,42,14,46,10,44,10,43,1,48,9,48,8,46,1,39,2,44,-2,46,0,46,-9,38,-9,38,-16,46,-16,47,-15,0,0]",1
CSI_DATA,62548,1a:00:00:00:00:00,-37,11,1,0,1,1,1,0,0,0,1,-97,0,11,2,839826012,0,44,0,384,0,"[0,0,0,0,0,0,0,0,0,0,0,0,-11,-1,-11,-1,-11,0,-11,0,-10,0,-10,0,-10,0,-10,0,-9,0,-8,0,-8,0,-7,0,-5,1,-4,1,-4,2,-3,3,-2,4,-1,5,-1,6,-1,7,-1,8,-1,9,-1,10,-1,10,-1,11,-2,11,0,0,-1,12,-1,12,-1,12,-1,13,-2,13,-3,13,-4,13,-4,12,-4,12,-4,11,-3,11,-3,11,-3,10,-3,10,-3,10,-3,10,-3,9,-3,9,-3,8,-3,8,-3,7,-3,7,-2,7,-2,6,-2,7,-2,7,0,0,0,0,0,0,0,0,0,0,0,0,0,0,26,47,25,51,33,53,30,46,29,42,29,45,30,43,36,44,32,42,33,41,28,37,28,40,34,28,28,31,30,19,24,24,21,13,20,5,26,3,20,-3,27,-14,25,-15,33,-20,38,-20,39,-25,48,-29,51,-28,50,-30,51,-30,55,-33,49,-34,57,-34,56,-36,60,-39,59,-36,64,-38,66,-33,68,-28,67,-25,65,-22,62,-26,59,-23,62,-23,55,-26,57,-24,52,-19,56,-17,54,-19,52,-13,45,-13,43,-9,42,-11,39,-10,36,-9,41,-10,35,-13,36,-13,0,0,0,0,0,0,0,0,0,0,0,0,0,0,0,0,0,0,0,0,0,0,-23,-37,-20,-45,-17,-45,-14,-43,-15,-42,-19,-45,-15,-44,-20,-49,-23,-52,-20,-53,-17,-59,-12,-59,-14,-64,-11,-65,-17,-63,-9,-56,-10,-62,-7,-56,-9,-62,-4,-53,-6,-56,-6,-52,-7,-44,-10,-43,-11,-36,-18,-41,-23,-43,-21,-44,-23,-39,-23,-39,-25,-38,-22,-32,-27,-33,-31,-29,-30,-29,-38,-29,-38,-23,-41,-23,-39,-20,-38,-21,-44,-17,-42,-10,-49,-9,-49,-13,-55,-7,-48,-14,-48,-11,-50,-7,-52,2,-48,3,-52,6,-50,5,-51,5,-48,12,-51,20,-54,20,-46,21,0,0]",1
CSI_DATA,62549,1a:00:00:00:00:00,-37,11,1,0,1,1,1,0,0,0,1,-97,0,11,2,839836033,0,44,0,384,0,"[0,0,0,0,0,0,0,0,0,0,0,0,9,3,9,3,9,2,9,3,9,2,9,2,8,2,8,2,8,2,7,2,6,1,6,1,5,0,4,-1,3,-2,3,-3,3,-4,2,-5,2,-7,3,-8,3,-8,3,-9,4,-10,4,-10,5,-10,4,-11,0,0,5,-11,5,-11,5,-12,6,-12,6,-12,7,-12,8,-11,8,-11,8,-10,7,-10,7,-10,7,-9,6,-9,7,-9,6,-8,7,-9,6,-8,6,-8,6,-7,6,-6,6,-6,5,-6,5,-6,4,-6,5,-6,5,-6,0,0,0,0,0,0,0,0,0,0,0,0,0,0,-16,-57,-12,-56,-14,-57,-19,-48,-19,-47,-24,-53,-20,-49,-25,-50,-23,-49,-21,-47,-25,-42,-20,-40,-19,-44,-20,-34,-20,-32,-17,-28,-19,-25,-20,-13,-22,-8,-21,-4,-25,3,-28,5,-35,12,-43,14,-44,15,-51,16,-53,11,-54,17,-60,17,-61,18,-60,15,-67,16,-62,18,-66,22,-68,22,-74,19,-74,16,-72,8,-71,6,-71,3,-66,3,-66,7,-65,9,-61,9,-63,11,-58,5,-61,3,-56,0,-54,1,-50,-5,-49,-2,-44,-4,-46,-1,-46,1,-40,-1,-41,1,-42,-1,0,0,0,0,0,0,0,0,0,0,0,0,0,0,0,0,0,0,0,0,0,0,15,41,15,43,9,40,9,46,10,44,12,50,13,45,12,49,15,54,10,53,6,60,11,63,7,64,2,59,1,57,1,56,2,59,-1,57,0,56,-3,55,-1,54,-1,50,-1,47,0,41,7,41,11,41,10,42,10,40,14,40,17,38,18,36,20,38,20,33,24,34,29,32,30,31,32,28,31,29,31,24,36,20,42,21,36,17,53,20,42,15,44,18,46,16,46,13,53,13,43,12,50,6,49,1,53,-2,52,-5,49,-4,57,-8,60,-9,57,-11,0,0]",1
CSI_DATA,62550,1a:00:00:00:00:00,-38,11,1,0,1,1,1,0,0,0,1,-97,0,11,2,839856046,0,44,0,384,0,"[0,0,0,0,0,0,0,0,0,0,0,0,8,6,8,6,8,6,7,6,7,5,7,5,7,5,6,5,6,4,5,3,5,3,5,2,4,1,4,0,3,-1,3,-2,3,-4,4,-5,4,-6,4,-7,5,-8,6,-8,6,-8,7,-9,7,-9,8,-9,0,0,8,-9,8,-9,8,-10,9,-10,9,-9,10,-9,10,-9,10,-8,10,-8,9,-7,9,-7,9,-7,8,-7,8,-7,8,-7,8,-7,8,-6,8,-6,8,-5,7,-5,7,-5,7,-4,6,-5,6,-5,7,-5,6,-4,0,0,0,0,0,0,0,0,0,0,0,0,0,0,8,-61,10,-57,6,-58,7,-58,6,-57,8,-57,5,-56,4,-55,-4,-48,5,-52,4,-49,2,-49,-2,-43,-3,-40,-4,-34,-5,-31,-9,-25,-10,-19,-16,-21,-20,-12,-31,-12,-28,-10,-42,-2,-45,-5,-46,-4,-54,-3,-59,-9,-57,-7,-62,-10,-63,-11,-62,-9,-66,-10,-65,-13,-67,-15,-69,-14,-70,-17,-70,-17,-66,-25,-63,-23,-67,-23,-60,-25,-61,-18,-58,-18,-58,-14,-60,-20,-56,-21,-54,-23,-54,-19,-51,-21,-44,-21,-45,-21,-42,-23,-39,-20,-34,-17,-42,-17,-41,-18,-38,-22,0,0,0,0,0,0,0,0,0,0,0,0,0,0,0,0,0,0,0,0,0,0,-1,49,-10,53,-8,43,-10,49,-10,47,-14,49,-11,43,-12,49,-13,60,-14,62,-20,61,-18,58,-22,61,-23,61,-25,58,-25,56,-22,55,-27,52,-28,52,-27,48,-24,51,-30,47,-20,41,-16,44,-18,41,-11,43,-7,44,-9,45,-4,41,-1,42,-7,42,-1,45,1,37,3,42,8,33,11,40,10,40,14,35,16,32,23,33,27,31,26,25,31,27,31,33,35,30,24,28,31,28,37,26,45,21,38,17,44,16,42,16,50,16,45,13,55,8,57,6,58,10,0,0]",1
CSI_DATA,62551,1a:00:00:00:00:00,-38,11,1,0,1,1,1,0,0,0,1,-97,0,11,2,839866023,0,44,0,384,0,"[0,0,0,0,0,0,0,0,0,0,0,0,-9,-8,-8,-8,-8,-8,-8,-7,-8,-7,-8,-7,-7,-7,-7,-7,-6,-6,-6,-6,-6,-5,-5,-4,-5,-3,-4,-2,-4,-1,-4,1,-4,2,-5,3,-5,4,-6,5,-7,6,-8,6,-8,6,-9,7,-9,6,-9,7,0,0,-10,7,-10,7,-10,7,-11,7,-11,7,-11,7,-12,6,-11,5,-11,5,-10,5,-10,5,-10,5,-9,5,-9,5,-9,5,-9,4,-9,4,-9,4,-9,3,-8,3,-8,3,-8,2,-7,3,-7,3,-7,3,-7,3,0,0,0,0,0,0,0,0,0,0,0,0,0,0,4,58,-2,65,3,60,1,61,-4,58,2,59,0,56,-1,59,2,52,1,56,2,52,0,49,2,48,3,41,0,28,0,35,9,24,9,22,16,16,21,9,27,6,33,7,37,1,44,-1,51,0,51,3,56,6,56,7,63,8,60,8,59,8,63,7,64,7,65,5,71,12,67,10,68,12,64,13,67,17,61,15,61,18,56,17,60,15,56,11,58,14,54,17,54,19,49,14,49,14,45,15,45,21,41,14,38,15,36,13,39,17,37,15,33,15,0,0,0,0,0,0,0,0,0,0,0,0,0,0,0,0,0,0,0,0,0,0,-7,-48,0,-50,-1,-51,5,-50,2,-51,1,-54,0,-54,1,-55,6,-58,5,-58,13,-62,12,-64,17,-64,20,-66,16,-61,17,-60,17,-61,16,-56,20,-55,20,-57,20,-55,18,-54,19,-52,17,-45,13,-41,7,-47,5,-43,6,-48,5,-47,-3,-46,-1,-43,-3,-45,-8,-38,-7,-40,-8,-37,-10,-36,-13,-34,-16,-34,-18,-31,-21,-30,-23,-30,-30,-31,-33,-29,-33,-31,-36,-28,-34,-23,-36,-23,-35,-24,-39,-15,-37,-21,-39,-12,-43,-15,-48,-8,-47,-7,-51,-7,-57,-6,-54,-3,0,0]",1
CSI_DATA,62552,1a:00:00:00:00:00,-38,11,1,0,1,1,1,0,0,0,1,-97,0,11,2,839876021,0,44,0,384,0,"[0,0,0,0,0,0,0,0,0,0,0,0,6,8,7,8,7,8,6,8,6,8,6,8,6,7,5,7,5,7,4,6,4,5,4,4,3,3,3,2,3,1,3,-1,4,-2,4,-3,4,-4,5,-5,6,-5,7,-6,8,-6,8,-6,9,-6,8,-6,0,0,9,-7,10,-7,9,-7,10,-7,10,-7,11,-7,11,-6,11,-5,10,-5,10,-5,9,-5,9,-5,8,-5,8,-5,8,-5,8,-5,8,-4,8,-4,7,-4,7,-3,7,-3,6,-3,6,-3,5,-3,6,-3,6,-3,0,0,0,0,0,0,0,0,0,0,0,0,0,0,4,-63,9,-61,4,-64,8,-62,-2,-66,-9,-69,3,-60,-1,-61,-3,-61,-1,-60,-1,-50,4,-54,3,-46,1,-45,3,-43,-3,-38,-6,-31,-7,-25,-12,-18,-19,-14,-24,-10,-31,-9,-34,-7,-43,-1,-44,-4,-52,-3,-54,-5,-57,-10,-63,-7,-63,-7,-64,-7,-64,-8,-64,-7,-66,-7,-68,-5,-69,-10,-72,-12,-65,-13,-69,-22,-66,-18,-60,-20,-53,-20,-57,-18,-56,-12,-58,-13,-55,-18,-55,-16,-53,-14,-49,-17,-43,-16,-43,-18,-41,-14,-41,-15,-40,-12,-36,-12,-38,-13,-42,-10,0,0,0,0,0,0,0,0,0,0,0,0,0,0,0,0,0,0,0,0,0,0,-12,50,-13,46,-15,46,-20,48,-20,41,-16,47,-20,48,-20,53,-21,54,-22,52,-30,55,-32,58,-34,56,-34,55,-36,49,-32,52,-35,58,-37,53,-30,52,-39,49,-39,44,-32,44,-30,41,-25,36,-21,41,-16,46,-13,44,-13,46,-7,43,-12,43,-11,43,-8,43,-6,38,-2,40,1,41,0,43,6,40,9,40,10,34,15,36,17,34,22,28,23,37,23,39,26,34,31,32,31,29,32,29,36,23,36,20,33,13,43,15,46,14,45,15,50,9,52,12,54,9,0,0]",1
CSI_DATA,62553,1a:00:00:00:00:00,-37,11,1,0,1,1,1,0,0,0,1,-97,0,11,2,839896381,0,44,0,384,0,"[0,0,0,0,0,0,0,0,0,0,0,0,-3,10,-3,10,-3,10,-3,10,-3,10,-3,10,-3,10,-3,9,-3,8,-2,8,-3,7,-2,7,-1,6,0,5,1,4,2,4,3,3,4,3,5,3,7,3,7,4,8,4,8,5,9,5,9,5,9,5,0,0,10,6,10,6,10,5,11,6,11,6,11,7,10,8,10,8,9,8,8,7,8,7,8,7,8,7,8,7,7,7,7,7,7,7,6,6,6,6,5,6,5,6,5,5,5,5,4,4,5,4,5,5,0,0,0,0,0,0,0,0,0,0,0,0,0,0,54,-21,55,-22,49,-24,45,-28,48,-29,49,-31,48,-27,50,-31,48,-28,46,-30,45,-31,43,-26,40,-21,40,-24,37,-23,28,-25,26,-18,17,-26,11,-24,2,-24,-1,-31,-4,-32,-6,-39,-6,-39,-15,-48,-12,-54,-10,-54,-12,-57,-10,-61,-16,-62,-14,-59,-15,-59,-12,-65,-22,-64,-19,-61,-13,-72,-13,-70,-10,-73,-5,-71,-11,-70,1,-66,-4,-67,-2,-64,-3,-60,-2,-59,-3,-57,0,-60,1,-57,4,-48,3,-50,6,-48,6,-39,2,-43,0,-42,-1,-39,-1,-39,0,-39,0,0,0,0,0,0,0,0,0,0,0,0,0,0,0,0,0,0,0,0,0,0,-39,24,-44,19,-44,23,-47,18,-45,18,-46,18,-47,17,-46,20,-48,21,-51,19,-58,17,-56,13,-60,16,-63,10,-60,7,-61,6,-60,7,-60,6,-59,8,-58,7,-55,1,-55,5,-49,6,-44,6,-42,9,-44,13,-37,19,-39,17,-40,17,-40,18,-38,22,-34,26,-32,24,-33,30,-32,30,-28,30,-31,31,-26,31,-24,34,-22,39,-21,39,-19,41,-17,44,-18,45,-16,43,-9,46,-10,42,-10,43,-8,47,-4,43,0,53,2,47,2,48,11,49,7,47,14,57,11,49,0,0]",1
CSI_DATA,62554,1a:00:00:00:00:00,-37,11,1,0,1,1,1,0,0,0,1,-97,0,11,2,839906037,0,44,0,384,0,"[0,0,0,0,0,0,0,0,0,0,0,0,-1,-11,-2,-11,-2,-10,-2,-11,-2,-10,-2,-10,-2,-10,-2,-10,-2,-9,-2,-8,-2,-8,-2,-7,-3,-6,-3,-5,-4,-4,-4,-3,-5,-3,-6,-2,-8,-2,-9,-2,-9,-2,-10,-2,-11,-2,-11,-2,-12,-2,-12,-3,0,0,-12,-3,-12,-3,-13,-2,-13,-3,-14,-3,-14,-4,-14,-5,-13,-5,-12,-5,-12,-5,-12,-5,-11,-5,-11,-5,-11,-5,-10,-5,-10,-5,-10,-5,-9,-5,-8,-5,-8,-5,-8,-5,-7,-4,-7,-4,-7,-4,-7,-4,-7,-4,0,0,0,0,0,0,0,0,0,0,0,0,0,0,-50,36,-46,31,-45,33,-43,36,-43,39,-39,38,-39,30,-41,45,-43,42,-34,35,-32,37,-33,37,-31,37,-26,34,-28,29,-22,26,-19,28,-9,26,-10,28,-1,27,11,30,15,31,20,34,23,37,26,39,27,41,26,50,29,53,28,56,26,54,27,52,30,56,29,58,36,60,34,60,36,68,30,61,24,68,25,67,23,67,15,60,18,65,18,63,23,60,16,63,14,59,18,55,13,55,10,48,12,47,7,45,14,43,9,38,4,42,10,37,9,39,6,40,0,0,0,0,0,0,0,0,0,0,0,0,0,0,0,0,0,0,0,0,0,0,31,-32,34,-34,33,-33,42,-31,36,-27,38,-30,38,-29,38,-31,43,-35,48,-34,48,-31,53,-29,53,-30,57,-28,55,-25,51,-25,54,-29,53,-28,59,-25,53,-22,51,-20,50,-19,46,-19,41,-16,40,-15,37,-23,36,-26,32,-29,31,-24,30,-32,27,-34,33,-38,22,-35,23,-35,19,-41,17,-44,21,-43,20,-41,14,-47,10,-44,1,-44,5,-45,2,-49,1,-50,0,-48,0,-54,-8,-46,-6,-50,-13,-52,-11,-48,-12,-46,-17,-52,-18,-52,-18,-48,-24,-47,-28,-47,-27,-49,0,0]",1
CSI_DATA,62555,1a:00:00:00:00:00,-37,11,1,0,1,1,1,0,0,0,1,-97,0,11,2,839916033,0,44,0,384,0,"[0,0,0,0,0,0,0,0,0,0,0,0,-3,10,-3,9,-2,9,-2,9,-2,9,-2,9,-2,9,-2,8,-1,7,-1,7,-1,7,0,6,0,5,1,4,2,4,3,3,4,3,5,2,6,2,7,2,8,3,9,3,9,4,10,4,10,4,10,4,0,0,10,4,11,4,11,4,11,4,12,5,12,6,11,6,11,6,10,7,10,6,10,6,10,6,9,6,9,6,8,6,8,6,8,6,7,6,6,6,6,5,5,5,5,5,5,4,5,4,5,4,5,4,0,0,0,0,0,0,0,0,0,0,0,0,0,0,58,-16,63,-19,51,-20,49,-20,49,-24,46,-20,47,-28,48,-28,45,-26,38,-26,38,-23,35,-26,35,-24,30,-19,30,-23,25,-22,21,-22,15,-28,11,-21,6,-24,-2,-33,-7,-32,-8,-30,-11,-39,-17,-47,-14,-52,-19,-53,-14,-56,-18,-59,-16,-62,-15,-62,-15,-60,-21,-64,-18,-60,-22,-68,-15,-66,-15,-69,-12,-71,-11,-69,-7,-70,-7,-64,-7,-60,-5,-66,-10,-66,-4,-63,-6,-65,2,-56,2,-59,6,-53,2,-49,1,-47,7,-43,5,-44,4,-41,2,-40,-1,-38,1,-40,0,0,0,0,0,0,0,0,0,0,0,0,0,0,0,0,0,0,0,0,0,0,-39,22,-40,21,-40,20,-41,21,-47,22,-42,19,-45,19,-45,23,-52,18,-50,26,-54,22,-55,20,-59,18,-61,13,-61,14,-61,13,-53,11,-61,11,-60,12,-58,7,-50,11,-52,7,-49,7,-46,9,-41,10,-37,12,-39,22,-40,18,-39,20,-33,19,-30,20,-38,26,-31,23,-30,30,-26,30,-32,34,-20,35,-22,34,-19,36,-20,36,-13,41,-8,38,-13,43,-13,45,-11,46,-10,49,-7,47,-5,47,-4,49,-2,51,6,46,10,50,8,52,8,49,15,57,12,55,18,60,0,0]",1
CSI_DATA,62556,1a:00:00:00:00:00,-37,11,1,0,1,1,1,0,0,0,1,-97,0,11,2,839926047,0,44,0,384,0,"[0,0,0,0,0,0,0,0,0,0,0,0,4,-10,4,-10,4,-10,3,-10,3,-10,3,-9,3,-9,3,-9,3,-8,2,-8,2,-7,1,-7,0,-6,0,-5,-1,-5,-3,-4,-4,-4,-5,-4,-6,-4,-7,-5,-8,-6,-9,-6,-9,-7,-10,-7,-10,-7,-10,-7,0,0,-10,-8,-10,-8,-10,-8,-11,-8,-10,-9,-10,-10,-10,-10,-9,-10,-9,-10,-8,-10,-8,-9,-8,-9,-8,-9,-8,-9,-8,-9,-7,-9,-7,-9,-6,-9,-6,-9,-5,-8,-4,-8,-5,-7,-5,-7,-5,-7,-5,-7,-4,-7,0,0,0,0,0,0,0,0,0,0,0,0,0,0,-60,12,-56,15,-62,14,-57,19,-56,17,-56,16,-53,19,-54,20,-49,19,-45,17,-44,24,-41,17,-40,19,-35,18,-32,19,-26,14,-27,17,-18,16,-13,22,-9,28,-1,29,1,32,7,37,14,39,11,47,14,49,11,54,5,60,7,62,7,61,7,59,7,63,6,65,13,61,9,64,6,74,5,67,5,70,1,69,-1,67,-5,59,0,62,-6,63,-3,59,0,59,-4,59,-8,58,-11,58,-12,46,-10,50,-11,45,-10,42,-6,41,-10,38,-6,40,-5,38,-6,41,0,0,0,0,0,0,0,0,0,0,0,0,0,0,0,0,0,0,0,0,0,0,37,-30,40,-29,40,-24,42,-21,44,-20,41,-21,43,-24,42,-25,49,-26,52,-26,59,-24,60,-21,64,-18,56,-22,59,-17,55,-14,60,-14,59,-15,61,-18,53,-16,52,-9,54,-12,49,-7,47,-9,45,-11,40,-12,42,-16,44,-17,41,-20,42,-19,34,-26,37,-23,34,-22,30,-28,30,-29,21,-29,23,-31,28,-33,21,-30,20,-36,17,-42,10,-43,17,-49,12,-44,11,-48,14,-50,5,-45,6,-45,5,-49,-2,-48,-1,-52,-9,-47,-8,-49,-7,-50,-11,-56,-17,-61,-16,-61,0,0]",1
CSI_DATA,62557,1a:00:00:00:00:00,-37,11,1,0,1,1,1,0,0,0,1,-97,0,11,2,839936019,0,44,0,384,0,"[0,0,0,0,0,0,0,0,0,0,0,0,-7,9,-6,9,-6,9,-6,9,-6,9,-6,8,-6,8,-6,8,-5,7,-4,7,-4,6,-4,5,-3,5,-1,4,-1,4,1,4,2,4,3,4,4,4,5,4,6,5,7,6,7,7,8,7,8,8,8,7,0,0,8,8,8,8,8,8,9,9,8,9,8,9,8,10,7,10,6,10,6,9,6,9,6,9,6,8,6,8,6,9,5,8,5,9,4,8,4,8,3,7,3,7,3,7,3,6,3,6,3,6,3,6,0,0,0,0,0,0,0,0,0,0,0,0,0,0,63,-19,60,-13,62,-21,55,-18,57,-17,59,-18,54,-20,49,-19,53,-15,54,-18,45,-16,47,-14,44,-16,41,-16,36,-15,30,-18,28,-18,20,-14,15,-21,9,-21,1,-32,-3,-32,-4,-34,-12,-40,-8,-50,-9,-53,-8,-53,-6,-58,-6,-61,-8,-60,-6,-63,-6,-60,-3,-58,-6,-65,-6,-66,-5,-71,-3,-67,-2,-73,5,-71,3,-68,5,-63,0,-67,7,-61,-1,-61,2,-61,6,-59,8,-61,7,-56,8,-48,14,-46,14,-45,14,-43,7,-38,7,-44,7,-38,9,-40,5,-38,0,0,0,0,0,0,0,0,0,0,0,0,0,0,0,0,0,0,0,0,0,0,-40,25,-42,22,-46,20,-48,14,-45,19,-44,14,-49,14,-53,18,-53,21,-53,21,-56,18,-65,13,-58,12,-61,12,-64,9,-61,11,-64,12,-64,8,-62,7,-62,5,-58,6,-57,4,-51,3,-52,7,-42,8,-46,13,-45,13,-44,15,-45,15,-41,16,-39,18,-37,18,-34,18,-33,22,-36,24,-31,28,-28,27,-27,35,-24,33,-22,32,-17,36,-18,37,-17,45,-16,47,-17,46,-13,38,-13,40,-14,44,-10,45,-5,45,-4,48,7,51,3,49,5,47,10,56,12,59,11,58,0,0]",1
CSI_DATA,62558,1a:00:00:00:00:00,-37,11,1,0,1,1,1,0,0,0,1,-97,0,11,2,839946033,0,44,0,384,0,"[0,0,0,0,0,0,0,0,0,0,0,0,7,-8,8,-9,7,-8,7,-8,7,-8,7,-8,7,-8,7,-7,6,-7,5,-6,5,-6,4,-6,3,-5,2,-5,1,-5,0,-5,-2,-5,-3,-6,-4,-6,-5,-7,-5,-8,-6,-9,-6,-9,-6,-10,-6,-10,-6,-10,0,0,-6,-11,-6,-11,-7,-11,-7,-12,-6,-12,-6,-13,-5,-13,-5,-12,-4,-12,-4,-11,-4,-11,-4,-10,-4,-11,-4,-10,-4,-10,-4,-10,-3,-10,-3,-10,-2,-9,-2,-9,-2,-8,-2,-8,-2,-7,-3,-7,-3,-7,-2,-7,0,0,0,0,0,0,0,0,0,0,0,0,0,0,-66,-15,-60,-14,-58,-9,-57,-9,-62,-12,-62,-10,-64,-7,-61,-8,-63,-10,-57,-6,-56,-6,-50,-5,-50,-1,-47,-1,-39,-6,-37,1,-34,-3,-28,5,-22,12,-18,17,-19,25,-17,25,-14,32,-15,39,-14,44,-18,53,-21,51,-22,55,-23,56,-25,60,-27,59,-19,64,-25,60,-24,63,-23,62,-30,65,-27,67,-28,71,-29,61,-31,55,-33,55,-31,52,-32,51,-31,53,-29,51,-31,50,-27,50,-33,46,-30,43,-26,38,-31,41,-28,36,-22,33,-25,30,-22,30,-24,30,-24,29,0,0,0,0,0,0,0,0,0,0,0,0,0,0,0,0,0,0,0,0,0,0,46,7,46,6,45,10,48,13,49,11,46,14,49,14,50,10,53,16,54,15,56,22,57,24,60,26,58,25,59,26,53,21,55,28,54,25,58,29,54,27,51,26,49,28,43,18,42,22,43,19,45,13,44,12,46,14,44,8,48,3,47,3,47,3,44,1,42,-7,43,-8,39,-10,41,-8,41,-7,40,-17,43,-17,39,-22,35,-26,41,-24,41,-30,37,-33,36,-31,35,-35,30,-35,29,-34,29,-38,34,-42,25,-44,22,-49,14,-45,19,-52,18,-57,14,-52,0,0]",1
CSI_DATA,62559,1a:00:00:00:00:00,-37,11,1,0,1,1,1,0,0,0,1,-97,0,11,2,839956032,0,44,0,384,0,"[0,0,0,0,0,0,0,0,0,0,0,0,-9,6,-9,6,-9,6,-9,6,-9,6,-8,6,-8,6,-8,5,-8,5,-7,4,-7,4,-6,4,-5,4,-4,4,-2,4,-1,4,0,4,1,5,2,5,3,6,3,7,4,8,3,9,4,9,4,10,4,10,0,0,4,11,4,11,4,11,4,12,4,12,3,12,3,12,2,12,2,12,1,11,1,11,1,10,1,10,2,10,1,10,1,9,1,9,0,8,0,8,0,8,0,7,0,7,0,7,0,6,0,6,0,6,0,0,0,0,0,0,0,0,0,0,0,0,0,0,54,7,58,13,58,11,54,11,57,9,52,5,63,8,57,3,56,6,56,2,49,4,49,2,49,1,40,2,43,-1,38,-4,32,0,28,-6,23,-11,17,-19,13,-23,14,-27,16,-32,11,-38,11,-42,12,-50,12,-52,14,-53,20,-58,19,-59,21,-63,21,-62,23,-65,24,-64,27,-64,26,-71,30,-63,29,-65,35,-61,36,-57,32,-56,34,-54,31,-52,28,-52,31,-47,26,-48,33,-45,34,-48,28,-38,27,-40,28,-36,27,-35,22,-34,21,-31,21,-32,21,-32,20,-30,0,0,0,0,0,0,0,0,0,0,0,0,0,0,0,0,0,0,0,0,0,0,-44,-3,-44,-5,-48,-5,-49,-8,-50,-11,-47,-9,-46,-8,-50,-10,-50,-12,-57,-11,-59,-16,-58,-20,-60,-20,-55,-22,-57,-26,-56,-23,-57,-25,-56,-26,-55,-24,-57,-27,-52,-28,-48,-22,-43,-24,-46,-19,-42,-16,-48,-7,-48,-11,-48,-9,-49,-8,-47,-3,-46,1,-47,-1,-46,5,-41,8,-50,14,-46,11,-46,16,-46,14,-44,16,-40,17,-36,20,-38,24,-41,26,-37,32,-41,29,-31,30,-36,35,-35,32,-30,35,-27,37,-25,40,-19,42,-21,40,-19,42,-21,47,-19,48,-15,52,0,0]",1
CSI_DATA,62560,1a:00:00:00:00:00,-37,11,1,0,1,1,1,0,0,0,1,-97,0,11,2,839986047,0,44,0,384,0,"[0,0,0,0,0,0,0,0,0,0,0,0,10,1,9,0,9,0,9,0,9,0,9,0,9,0,8,0,8,0,7,0,7,-1,6,-1,5,-1,5,-2,4,-2,3,-4,2,-4,2,-5,2,-6,2,-7,2,-8,2,-9,3,-10,3,-10,3,-11,3,-11,0,0,3,-11,3,-12,3,-12,3,-12,4,-12,5,-13,5,-12,6,-12,6,-11,6,-11,5,-11,5,-11,5,-10,5,-10,6,-10,6,-9,6,-9,6,-8,6,-8,6,-7,5,-7,5,-6,4,-6,4,-6,4,-6,4,-6,0,0,0,0,0,0,0,0,0,0,0,0,0,0,-31,-50,-31,-48,-37,-53,-36,-44,-36,-40,-30,-39,-33,-35,-42,-34,-39,-33,-37,-35,-37,-31,-33,-31,-37,-32,-29,-24,-34,-25,-28,-18,-27,-17,-25,-8,-25,-6,-24,4,-30,10,-34,9,-31,21,-34,18,-39,24,-40,25,-45,23,-47,30,-49,29,-44,30,-48,30,-53,30,-49,28,-55,34,-53,32,-61,39,-62,32,-64,30,-66,22,-62,23,-57,25,-59,24,-57,21,-59,27,-64,20,-52,15,-58,17,-55,14,-54,9,-50,6,-48,5,-47,7,-41,6,-37,6,-39,8,-40,7,-39,6,0,0,0,0,0,0,0,0,0,0,0,0,0,0,0,0,0,0,0,0,0,0,36,26,37,28,37,27,38,31,34,33,34,36,36,31,38,37,40,35,38,42,38,45,39,45,41,45,35,49,34,50,36,49,33,51,30,50,34,57,28,51,24,50,22,48,20,43,27,39,27,36,27,34,29,31,26,33,32,27,35,28,33,23,35,23,34,24,38,18,37,15,38,15,43,15,39,9,43,11,47,8,42,0,45,1,48,-1,44,-1,49,-4,51,-6,46,-5,45,-9,50,-7,41,-14,44,-13,45,-21,47,-22,42,-24,44,-29,45,-31,43,-33,0,0]",1
CSI_DATA,62561,1a:00:00:00:00:00,-36,11,1,0,1,1,1,0,0,0,1,-97,0,11,2,839996039,0,44,0,384,0,"[0,0,0,0,0,0,0,0,0,0,0,0,-10,-5,-10,-5,-10,-5,-10,-5,-10,-4,-9,-4,-9,-4,-9,-4,-8,-4,-8,-3,-8,-3,-7,-2,-6,-2,-6,-1,-5,0,-5,1,-5,2,-5,3,-5,4,-5,5,-6,6,-6,6,-7,7,-7,7,-7,7,-8,7,0,0,-8,8,-8,8,-8,8,-8,8,-9,8,-10,8,-10,8,-10,7,-10,7,-10,7,-10,7,-10,6,-9,6,-9,6,-10,5,-10,5,-9,4,-9,4,-9,3,-8,3,-8,3,-8,2,-7,3,-7,2,-7,2,-7,2,0,0,0,0,0,0,0,0,0,0,0,0,0,0,5,64,10,60,11,55,7,61,12,57,9,59,13,53,16,57,17,48,17,52,12,47,11,45,16,43,15,38,17,38,13,34,15,32,20,26,18,20,23,16,24,10,31,8,34,4,37,3,42,3,48,4,52,0,57,5,60,2,57,1,54,1,58,8,59,3,60,1,62,1,65,7,68,12,69,13,65,18,65,21,62,17,60,16,58,16,56,14,61,23,54,18,52,22,50,22,46,28,40,27,38,23,36,27,35,23,36,22,33,21,36,19,36,19,0,0,0,0,0,0,0,0,0,0,0,0,0,0,0,0,0,0,0,0,0,0,-36,-26,-34,-36,-30,-34,-28,-36,-29,-37,-30,-41,-25,-43,-27,-44,-31,-45,-29,-50,-31,-52,-24,-58,-25,-56,-21,-55,-17,-55,-21,-56,-23,-55,-19,-57,-18,-57,-18,-57,-12,-54,-12,-54,-14,-49,-17,-47,-15,-37,-17,-43,-20,-41,-22,-40,-25,-37,-24,-37,-24,-38,-26,-31,-26,-33,-26,-30,-32,-32,-36,-29,-35,-25,-36,-24,-39,-20,-41,-20,-42,-15,-42,-16,-49,-19,-50,-15,-46,-12,-49,-19,-49,-14,-46,-15,-47,-8,-47,-11,-50,-5,-49,2,-52,1,-48,6,-54,14,-55,13,-56,13,0,0]",1
CSI_DATA,62562,1a:00:00:00:00:00,-36,11,1,0,1,1,1,0,0,0,1,-97,0,11,2,840016030,0,44,0,384,0,"[0,0,0,0,0,0,0,0,0,0,0,0,-7,-9,-7,-9,-7,-9,-7,-8,-7,-8,-7,-8,-7,-8,-6,-8,-6,-7,-6,-7,-6,-6,-5,-5,-5,-4,-5,-3,-5,-2,-6,-1,-6,0,-6,1,-7,2,-8,3,-8,3,-9,3,-10,3,-11,3,-11,3,-11,3,0,0,-12,3,-12,3,-12,3,-13,4,-13,3,-13,3,-14,2,-13,1,-13,1,-12,1,-12,1,-11,1,-11,1,-11,1,-11,1,-11,0,-10,0,-10,0,-9,0,-9,0,-8,-1,-8,0,-7,0,-7,0,-8,0,-7,0,0,0,0,0,0,0,0,0,0,0,0,0,0,0,-6,55,-9,58,-9,58,-6,55,-9,59,-5,56,-3,55,-6,57,-3,54,0,49,-4,51,-1,48,1,43,0,40,3,37,3,35,8,31,12,25,14,26,16,18,22,16,25,17,36,12,37,16,39,15,49,17,51,21,56,23,55,28,54,22,55,27,57,24,55,24,59,23,58,25,61,32,63,27,58,31,59,35,54,30,50,36,51,31,46,37,44,35,45,32,43,30,44,35,38,34,36,35,32,30,28,31,31,28,30,27,30,32,29,22,24,25,25,27,0,0,0,0,0,0,0,0,0,0,0,0,0,0,0,0,0,0,0,0,0,0,-7,-43,-6,-43,-7,-45,-1,-45,-7,-48,-2,-47,-5,-45,-3,-47,-1,-56,-1,-56,5,-55,7,-57,9,-60,9,-60,10,-59,10,-52,7,-57,12,-60,12,-58,15,-59,10,-56,15,-52,12,-48,16,-45,10,-44,3,-44,-2,-43,-1,-45,-2,-42,-5,-43,-8,-39,-8,-43,-15,-42,-15,-43,-14,-41,-20,-39,-20,-38,-23,-39,-20,-39,-24,-35,-29,-36,-32,-33,-30,-38,-36,-33,-35,-32,-36,-37,-35,-36,-37,-28,-34,-26,-40,-24,-42,-25,-43,-16,-42,-17,-47,-17,-54,-18,-55,-14,-52,-11,0,0]",1
CSI_DATA,62563,1a:00:00:00:00:00,-37,11,1,0,1,1,1,0,0,0,1,-97,0,11,2,840026032,0,44,0,384,0,"[0,0,0,0,0,0,0,0,0,0,0,0,2,9,2,9,3,9,2,9,2,8,3,8,2,8,2,8,2,7,2,6,2,6,2,5,2,4,3,3,3,2,4,2,4,1,5,0,6,-1,7,-1,8,-1,9,-1,9,-1,10,-1,10,-1,10,-1,0,0,11,0,11,0,11,-1,12,0,12,0,12,1,12,1,11,2,11,2,10,2,11,2,10,2,10,2,9,2,9,2,9,2,8,2,8,2,7,2,7,2,6,2,6,2,6,1,6,1,6,1,6,1,0,0,0,0,0,0,0,0,0,0,0,0,0,0,36,-43,34,-49,34,-45,31,-48,32,-50,23,-53,27,-50,23,-49,25,-46,19,-50,22,-42,17,-45,18,-39,14,-37,14,-35,8,-36,4,-29,2,-29,-1,-27,-9,-23,-14,-26,-24,-23,-27,-23,-29,-30,-31,-31,-36,-36,-39,-40,-44,-40,-43,-40,-48,-44,-42,-44,-43,-49,-45,-45,-52,-48,-46,-53,-45,-54,-41,-54,-40,-57,-39,-58,-36,-61,-33,-54,-32,-55,-29,-53,-32,-58,-29,-53,-26,-49,-24,-53,-20,-45,-18,-45,-17,-45,-14,-37,-13,-38,-17,-40,-13,-35,-18,-34,-16,-34,-15,-32,0,0,0,0,0,0,0,0,0,0,0,0,0,0,0,0,0,0,0,0,0,0,-7,45,-15,43,-13,45,-15,48,-17,45,-18,41,-18,48,-21,46,-21,55,-22,52,-23,55,-26,54,-31,54,-33,51,-34,50,-30,51,-35,49,-34,50,-42,50,-36,48,-35,44,-43,41,-29,40,-27,37,-26,36,-21,41,-19,40,-18,40,-20,41,-15,41,-12,39,-10,43,-8,44,-7,44,-5,41,-3,48,5,45,3,44,3,45,7,46,13,46,13,44,13,43,19,47,21,40,16,46,21,45,22,41,22,45,23,37,26,40,29,39,32,36,34,36,36,36,43,38,43,31,0,0]",1
CSI_DATA,62564,1a:00:00:00:00:00,-36,11,1,0,1,1,1,0,0,0,1,-97,0,11,2,840036028,0,44,0,384,0,"[0,0,0,0,0,0,0,0,0,0,0,0,0,-11,-1,-11,-1,-11,-1,-10,-1,-10,-1,-10,-2,-10,-1,-9,-2,-9,-2,-8,-2,-8,-2,-7,-2,-6,-3,-5,-3,-4,-4,-3,-5,-2,-6,-2,-7,-1,-9,-1,-9,-1,-10,-1,-11,-1,-12,-1,-12,-1,-12,-2,0,0,-13,-2,-13,-1,-13,-1,-14,-2,-14,-2,-15,-3,-14,-3,-14,-4,-13,-4,-13,-4,-12,-4,-12,-4,-12,-4,-11,-4,-12,-4,-11,-4,-11,-5,-10,-4,-9,-5,-8,-4,-8,-4,-7,-4,-7,-4,-7,-3,-7,-3,-7,-3,0,0,0,0,0,0,0,0,0,0,0,0,0,0,-38,37,-44,36,-38,40,-36,42,-35,44,-35,42,-34,43,-29,44,-25,38,-26,43,-27,39,-25,35,-25,34,-21,37,-19,34,-14,29,-10,29,-6,27,-1,28,3,23,16,22,19,22,28,21,26,28,26,31,39,35,38,39,39,39,45,44,45,38,41,41,42,42,40,45,52,44,49,47,48,55,47,55,41,55,40,55,34,54,32,55,34,46,32,48,34,51,30,48,29,48,28,48,29,48,22,47,19,41,19,44,9,38,15,33,12,37,17,28,15,28,14,32,0,0,0,0,0,0,0,0,0,0,0,0,0,0,0,0,0,0,0,0,0,0,30,-33,29,-35,32,-29,34,-32,35,-35,37,-31,35,-30,41,-33,39,-34,42,-37,50,-36,49,-38,53,-36,49,-35,55,-33,47,-33,53,-32,51,-28,52,-31,51,-29,54,-23,46,-21,43,-24,41,-26,35,-27,35,-28,35,-27,30,-32,30,-33,26,-32,22,-32,24,-38,22,-36,21,-41,19,-45,11,-43,11,-45,9,-42,6,-41,4,-48,1,-45,-2,-47,-3,-49,-3,-55,-5,-48,-4,-50,-4,-51,-9,-48,-14,-44,-13,-49,-15,-51,-20,-44,-24,-47,-21,-45,-27,-43,-32,-40,-35,-43,0,0]",1
CSI_DATA,62565,1a:00:00:00:00:00,-36,11,1,0,1,1,1,0,0,0,1,-97,0,11,2,840056028,0,44,0,384,0,"[0,0,0,0,0,0,0,0,0,0,0,0,4,-10,4,-10,3,-10,4,-10,3,-10,3,-10,3,-10,3,-9,2,-9,2,-8,2,-8,1,-8,1,-7,0,-6,-1,-5,-2,-5,-3,-5,-4,-5,-6,-4,-7,-5,-7,-5,-8,-6,-9,-6,-9,-7,-10,-7,-10,-7,0,0,-10,-8,-10,-7,-11,-8,-11,-8,-11,-8,-11,-9,-11,-10,-10,-10,-10,-10,-9,-10,-9,-9,-9,-9,-9,-9,-9,-9,-8,-9,-8,-9,-7,-9,-7,-9,-6,-8,-5,-8,-5,-8,-5,-7,-4,-7,-4,-6,-5,-6,-4,-6,0,0,0,0,0,0,0,0,0,0,0,0,0,0,-61,11,-52,14,-53,15,-56,9,-52,16,-52,21,-49,14,-54,16,-46,14,-46,18,-43,20,-43,17,-45,16,-34,18,-31,16,-32,18,-27,18,-21,16,-20,24,-11,20,-6,28,-4,26,2,35,8,37,9,44,5,47,9,52,7,55,11,54,8,59,8,54,12,64,14,58,15,62,9,64,12,67,15,66,4,67,10,64,2,72,-2,57,0,61,4,64,0,58,2,56,-4,53,-4,55,-5,53,-8,52,-12,47,-11,47,-11,43,-10,38,-5,34,-9,37,-3,32,-6,35,0,0,0,0,0,0,0,0,0,0,0,0,0,0,0,0,0,0,0,0,0,0,41,-10,41,-6,49,-4,44,-2,44,-9,45,-3,47,-6,46,-8,54,-3,55,-10,57,-4,57,0,61,-1,61,-1,64,5,57,3,64,8,58,4,59,6,60,11,56,9,53,7,47,8,45,3,43,1,45,-3,45,-5,47,-10,40,-9,36,-13,37,-12,42,-16,31,-18,36,-21,34,-23,36,-29,32,-27,31,-30,27,-32,27,-37,24,-37,25,-43,24,-44,26,-46,21,-47,16,-45,18,-46,21,-47,12,-49,12,-46,8,-46,7,-51,5,-56,2,-50,0,-54,-4,-55,3,-56,0,0]",1
CSI_DATA,62566,1a:00:00:00:00:00,-37,11,1,0,1,1,1,0,0,0,1,-97,0,11,2,840066022,0,44,0,384,0,"[0,0,0,0,0,0,0,0,0,0,0,0,-7,8,-7,8,-6,8,-6,8,-6,8,-6,8,-6,7,-6,7,-6,7,-5,6,-5,6,-4,6,-3,5,-2,5,-2,4,0,4,1,4,2,4,3,4,4,5,5,6,5,6,5,7,6,7,6,8,6,8,0,0,7,9,7,8,7,9,7,9,7,10,7,10,6,10,6,10,5,10,5,10,5,10,5,9,5,9,5,9,4,9,4,9,3,9,3,8,2,8,2,8,1,7,1,7,2,6,2,6,2,6,2,6,0,0,0,0,0,0,0,0,0,0,0,0,0,0,62,-5,56,-6,51,-6,58,-12,57,-11,52,-6,46,-16,50,-19,54,-15,50,-13,46,-14,47,-17,44,-22,40,-16,40,-15,35,-15,30,-14,28,-21,24,-20,17,-21,11,-25,6,-33,4,-37,-3,-39,0,-41,-3,-44,-1,-52,-5,-51,4,-52,-1,-55,-1,-59,5,-67,2,-63,2,-62,1,-68,3,-68,4,-67,11,-66,13,-68,17,-67,15,-62,15,-60,16,-61,12,-64,16,-59,16,-58,19,-57,16,-54,21,-47,21,-45,20,-42,21,-35,15,-35,18,-34,14,-34,14,-32,15,-30,0,0,0,0,0,0,0,0,0,0,0,0,0,0,0,0,0,0,0,0,0,0,-39,23,-42,19,-44,21,-48,15,-44,15,-43,14,-43,13,-48,16,-49,20,-53,23,-60,17,-58,15,-61,13,-62,15,-62,11,-64,9,-64,12,-66,5,-65,3,-63,-1,-64,1,-59,-1,-54,-1,-50,0,-48,4,-46,7,-48,11,-44,9,-43,17,-40,20,-40,16,-39,19,-36,21,-37,25,-38,30,-37,32,-30,28,-30,31,-30,31,-26,37,-23,39,-21,42,-22,44,-22,44,-22,49,-19,53,-17,44,-20,47,-14,51,-15,50,-13,52,-11,55,-6,58,-7,51,-4,55,-2,57,5,56,0,0]",1
CSI_DATA,62567,1a:00:00:00:00:00,-36,11,1,0,1,1,1,0,0,0,1,-97,0,11,2,840086019,0,44,0,384,0,"[0,0,0,0,0,0,0,0,0,0,0,0,-11,2,-11,2,-10,2,-10,2,-10,2,-10,2,-10,2,-10,2,-9,2,-9,2,-8,2,-7,2,-6,1,-6,2,-5,2,-4,3,-3,3,-2,4,-1,5,-1,6,-1,7,-1,8,-1,9,-1,9,-1,10,-1,10,0,0,-2,10,-2,11,-2,11,-2,11,-2,11,-3,12,-3,11,-4,11,-4,11,-4,10,-4,10,-4,10,-4,9,-4,9,-4,9,-4,9,-5,9,-5,8,-5,7,-5,7,-5,6,-4,6,-4,6,-4,5,-4,5,-4,5,0,0,0,0,0,0,0,0,0,0,0,0,0,0,54,35,53,34,46,31,48,31,54,28,53,28,50,26,50,26,57,23,51,20,46,20,45,24,46,17,39,16,39,15,39,13,33,13,31,7,26,-1,22,-4,23,-6,26,-18,17,-22,28,-26,22,-27,28,-35,35,-39,35,-39,37,-39,35,-44,38,-42,43,-46,39,-45,39,-43,44,-47,46,-46,48,-41,57,-41,56,-36,54,-39,51,-37,49,-33,50,-34,49,-34,51,-31,47,-30,49,-30,49,-25,46,-25,42,-18,43,-19,37,-14,34,-18,35,-12,33,-16,33,-17,34,-12,0,0,0,0,0,0,0,0,0,0,0,0,0,0,0,0,0,0,0,0,0,0,-51,-8,-50,-10,-46,-11,-44,-15,-50,-16,-45,-18,-49,-12,-50,-14,-54,-14,-53,-17,-56,-25,-50,-25,-56,-25,-56,-28,-50,-31,-55,-29,-51,-27,-55,-33,-53,-31,-53,-33,-46,-31,-49,-33,-40,-38,-40,-28,-38,-25,-38,-20,-39,-22,-42,-19,-42,-17,-41,-13,-44,-9,-43,-7,-39,-3,-44,-2,-46,-1,-44,-1,-42,7,-44,5,-45,10,-40,14,-40,16,-38,22,-47,22,-47,25,-41,24,-48,22,-46,20,-41,26,-44,31,-43,28,-37,30,-36,38,-37,36,-38,37,-35,46,-29,43,-35,49,0,0]",1
CSI_DATA,62568,1a:00:00:00:00:00,-37,11,1,0,1,1,1,0,0,0,1,-97,0,11,2,840096029,0,44,0,384,0,"[0,0,0,0,0,0,0,0,0,0,0,0,11,-1,10,-2,10,-2,10,-2,10,-2,10,-2,10,-2,9,-2,9,-2,8,-2,8,-2,7,-2,6,-2,5,-2,4,-3,3,-4,3,-4,2,-5,1,-6,1,-7,1,-8,1,-9,1,-10,1,-10,2,-10,2,-11,0,0,2,-12,2,-12,2,-12,2,-12,3,-12,3,-13,4,-13,4,-12,5,-12,5,-11,4,-11,4,-10,4,-10,4,-10,4,-10,4,-10,5,-9,5,-9,5,-8,5,-7,5,-7,4,-7,4,-7,3,-6,3,-6,4,-6,0,0,0,0,0,0,0,0,0,0,0,0,0,0,-43,-53,-39,-44,-42,-43,-41,-43,-35,-36,-42,-39,-40,-40,-41,-41,-41,-38,-41,-38,-42,-29,-39,-34,-37,-33,-37,-27,-35,-29,-33,-28,-28,-19,-30,-14,-31,-12,-24,-4,-25,3,-30,6,-34,13,-32,15,-35,20,-36,22,-42,23,-46,26,-49,26,-47,28,-48,33,-54,28,-49,27,-55,33,-53,31,-60,32,-62,25,-65,21,-64,26,-62,20,-59,20,-62,19,-61,16,-58,20,-58,15,-51,12,-58,13,-57,11,-52,6,-46,1,-44,8,-41,1,-40,5,-41,4,-35,2,-36,4,-38,2,0,0,0,0,0,0,0,0,0,0,0,0,0,0,0,0,0,0,0,0,0,0,39,16,43,21,41,19,43,25,41,24,42,25,43,26,41,25,48,28,45,32,45,34,45,39,44,39,48,40,47,44,41,37,43,42,45,43,43,46,39,45,34,41,37,43,28,43,28,33,32,33,31,29,30,26,35,28,32,21,36,19,35,18,37,16,35,14,40,13,44,8,41,8,38,8,41,2,45,2,42,-4,44,-7,43,-7,50,-10,46,-12,45,-11,54,-12,49,-9,50,-16,45,-13,46,-13,48,-17,40,-26,40,-25,37,-28,42,-28,38,-35,40,-35,0,0]",1
CSI_DATA,62569,1a:00:00:00:00:00,-37,11,1,0,1,1,1,0,0,0,1,-97,0,11,2,840106028,0,44,0,384,0,"[0,0,0,0,0,0,0,0,0,0,0,0,-11,-2,-11,-2,-11,-1,-11,-1,-11,-1,-11,-1,-11,-1,-11,-1,-10,-1,-9,-1,-9,-1,-8,-1,-7,0,-6,0,-6,1,-5,2,-4,2,-4,4,-3,5,-3,6,-3,7,-4,7,-4,8,-4,9,-4,9,-5,10,0,0,-5,10,-5,10,-5,11,-5,11,-6,11,-7,11,-7,11,-7,10,-8,10,-8,9,-7,9,-7,8,-7,8,-7,8,-7,8,-7,7,-7,7,-7,6,-7,6,-7,5,-6,5,-6,5,-5,4,-5,5,-5,5,-5,4,0,0,0,0,0,0,0,0,0,0,0,0,0,0,25,54,19,54,23,51,23,50,27,52,20,49,29,51,30,49,29,46,24,46,23,41,29,41,25,42,27,38,23,35,15,32,20,27,24,18,21,15,23,10,28,6,28,-1,29,-7,34,-7,42,-14,44,-15,46,-9,47,-14,53,-11,53,-12,54,-12,60,-13,58,-15,57,-16,62,-10,62,-11,67,-12,67,-4,68,1,67,2,63,2,61,-1,60,3,59,1,49,3,54,5,53,6,55,4,48,7,45,8,44,7,38,6,37,7,40,10,35,3,36,8,37,5,0,0,0,0,0,0,0,0,0,0,0,0,0,0,0,0,0,0,0,0,0,0,-37,-33,-35,-36,-31,-41,-32,-41,-28,-42,-32,-40,-32,-40,-30,-45,-35,-47,-32,-53,-32,-56,-27,-55,-24,-54,-23,-55,-20,-56,-28,-52,-21,-55,-27,-58,-20,-56,-17,-58,-18,-54,-13,-51,-14,-56,-17,-46,-15,-44,-20,-40,-20,-38,-21,-38,-29,-37,-27,-35,-29,-28,-30,-32,-31,-28,-32,-32,-30,-23,-38,-24,-40,-25,-42,-19,-40,-17,-41,-18,-43,-14,-46,-12,-44,-10,-51,-7,-51,-5,-53,-10,-57,-12,-48,-5,-53,-5,-55,-2,-48,1,-51,7,-49,4,-50,10,-51,12,-50,16,-48,16,0,0]",1
CSI_DATA,62570,1a:00:00:00:00:00,-37,11,1,0,1,1,1,0,0,0,1,-97,0,11,2,840126021,0,44,0,384,0,"[0,0,0,0,0,0,0,0,0,0,0,0,-9,-7,-9,-6,-9,-6,-9,-6,-9,-5,-9,-5,-9,-5,-8,-5,-8,-5,-7,-4,-7,-4,-7,-3,-6,-3,-5,-2,-5,-1,-5,0,-4,2,-4,3,-4,4,-4,5,-5,6,-5,7,-6,7,-6,8,-6,8,-7,9,0,0,-7,9,-8,10,-8,10,-8,10,-8,10,-9,10,-10,10,-10,9,-10,8,-10,8,-9,8,-9,7,-9,7,-8,6,-9,6,-8,6,-8,5,-8,5,-8,5,-7,4,-7,4,-6,3,-6,3,-5,3,-6,3,-5,3,0,0,0,0,0,0,0,0,0,0,0,0,0,0,1,60,2,55,7,52,4,51,5,50,9,53,9,50,8,56,13,46,14,48,12,46,14,43,11,46,13,40,13,37,16,33,18,30,19,21,18,17,20,12,22,1,26,5,28,-3,37,-6,40,-11,46,-11,48,-12,55,-10,55,-12,60,-15,57,-11,60,-17,58,-11,65,-16,63,-12,73,-11,71,-8,71,-2,70,0,68,2,65,-1,63,3,61,3,60,-1,59,1,53,4,55,9,49,5,49,6,44,7,41,6,40,5,34,10,35,6,33,5,34,3,35,1,0,0,0,0,0,0,0,0,0,0,0,0,0,0,0,0,0,0,0,0,0,0,-4,-47,0,-52,4,-48,7,-50,7,-53,5,-53,3,-52,5,-54,5,-54,7,-54,11,-56,10,-63,14,-61,16,-59,15,-60,20,-59,14,-62,16,-59,16,-62,19,-58,22,-57,14,-53,18,-45,8,-44,7,-47,5,-46,-1,-46,0,-45,-6,-42,-7,-43,-8,-43,-11,-45,-15,-40,-17,-42,-21,-40,-22,-44,-21,-40,-22,-40,-28,-36,-29,-36,-35,-35,-33,-31,-38,-32,-39,-29,-40,-28,-36,-29,-44,-29,-45,-26,-40,-27,-44,-23,-41,-18,-47,-15,-48,-15,-49,-8,-49,-11,-53,-6,-57,-5,0,0]",1
CSI_DATA,62571,1a:00:00:00:00:00,-37,11,1,0,1,1,1,0,0,0,1,-97,0,11,2,840136038,0,44,0,384,0,"[0,0,0,0,0,0,0,0,0,0,0,0,6,8,6,7,6,7,6,7,6,7,6,6,6,6,6,6,5,6,5,5,5,4,4,4,4,3,4,2,3,1,3,0,3,-1,3,-2,4,-4,4,-5,5,-5,5,-6,6,-7,6,-8,7,-8,7,-8,0,0,8,-9,8,-9,8,-9,9,-9,9,-9,10,-9,11,-8,11,-8,10,-7,10,-7,10,-7,10,-6,9,-6,9,-6,9,-5,9,-5,8,-5,8,-5,8,-4,7,-4,7,-3,6,-3,6,-3,5,-3,5,-4,5,-3,0,0,0,0,0,0,0,0,0,0,0,0,0,0,11,-59,15,-51,12,-54,10,-53,10,-57,11,-48,3,-50,3,-53,3,-55,3,-50,-1,-49,1,-47,6,-46,-1,-38,-2,-41,1,-33,-7,-30,-8,-25,-12,-24,-16,-17,-17,-11,-27,-8,-29,-4,-33,-3,-37,-2,-41,1,-49,3,-53,1,-57,0,-54,1,-61,3,-61,-1,-62,0,-66,4,-72,-2,-72,0,-70,-8,-67,-12,-69,-13,-70,-15,-60,-15,-62,-14,-60,-18,-60,-13,-59,-17,-59,-18,-53,-14,-52,-14,-45,-17,-44,-16,-42,-18,-41,-15,-35,-17,-35,-14,-37,-11,-33,-7,-33,-11,0,0,0,0,0,0,0,0,0,0,0,0,0,0,0,0,0,0,0,0,0,0,-20,44,-28,44,-24,45,-30,41,-26,42,-26,41,-28,42,-29,46,-32,46,-34,45,-35,49,-35,44,-43,52,-40,46,-38,45,-41,46,-42,47,-45,46,-41,47,-47,39,-45,42,-42,40,-38,34,-29,28,-30,32,-18,33,-21,35,-19,39,-15,39,-10,39,-8,44,-8,40,-5,40,-3,43,0,44,3,44,2,46,9,46,11,45,11,45,16,42,20,43,26,40,25,43,26,45,23,36,26,44,31,39,24,39,30,37,34,30,38,32,39,26,38,26,44,26,43,14,47,17,0,0]",1
CSI_DATA,62572,1a:00:00:00:00:00,-37,11,1,0,1,1,1,0,0,0,1,-97,0,11,2,840146046,0,44,0,384,0,"[0,0,0,0,0,0,0,0,0,0,0,0,-5,-10,-5,-10,-5,-10,-5,-10,-5,-9,-5,-9,-5,-9,-5,-9,-4,-8,-5,-7,-4,-7,-4,-6,-4,-5,-4,-4,-4,-3,-4,-2,-4,-1,-4,0,-5,1,-6,2,-6,3,-7,4,-8,4,-8,5,-9,5,-9,5,0,0,-10,6,-10,6,-11,6,-11,6,-12,6,-13,6,-13,5,-13,5,-13,4,-12,4,-12,4,-11,3,-11,3,-11,3,-11,3,-10,3,-10,2,-10,2,-9,2,-9,1,-8,1,-8,1,-7,1,-7,1,-7,1,-7,1,0,0,0,0,0,0,0,0,0,0,0,0,0,0,-30,47,-31,46,-24,52,-28,42,-25,50,-25,51,-20,48,-19,48,-20,46,-20,47,-20,45,-18,46,-16,43,-12,37,-9,39,-12,35,-5,35,-3,25,0,26,6,17,13,19,16,16,23,9,26,11,30,13,38,10,43,11,39,11,48,9,54,13,54,14,62,16,56,16,59,17,64,17,67,22,63,24,63,28,65,32,63,34,54,29,53,28,54,33,51,26,56,29,49,28,47,32,45,28,43,30,36,26,35,24,32,23,31,23,30,22,32,22,28,23,33,21,0,0,0,0,0,0,0,0,0,0,0,0,0,0,0,0,0,0,0,0,0,0,33,-38,37,-39,39,-34,40,-39,39,-31,41,-35,38,-33,40,-37,45,-36,45,-36,48,-41,54,-40,52,-40,51,-36,60,-39,50,-34,59,-38,56,-34,60,-33,58,-28,53,-24,50,-23,42,-22,42,-21,37,-27,35,-27,31,-28,29,-30,25,-30,24,-34,22,-34,20,-37,18,-39,15,-42,8,-46,10,-46,9,-46,8,-48,4,-45,-1,-54,-1,-52,-9,-48,-8,-46,-10,-51,-11,-55,-11,-46,-14,-48,-13,-48,-14,-44,-15,-44,-18,-37,-25,-36,-23,-38,-24,-29,-33,-33,-38,-30,-39,-33,0,0]",1
CSI_DATA,62573,1a:00:00:00:00:00,-37,11,1,0,1,1,1,0,0,0,1,-97,0,11,2,840166012,0,44,0,384,0,"[0,0,0,0,0,0,0,0,0,0,0,0,-1,-10,-1,-10,-2,-10,-1,-10,-2,-10,-2,-10,-1,-10,-1,-10,-1,-9,-1,-9,-1,-8,-2,-8,-2,-7,-2,-6,-2,-5,-3,-4,-4,-3,-5,-3,-5,-2,-6,-2,-7,-2,-8,-2,-9,-2,-10,-1,-10,-2,-10,-1,0,0,-11,-2,-12,-2,-12,-2,-13,-2,-13,-2,-13,-3,-13,-4,-13,-5,-12,-5,-11,-5,-11,-4,-11,-5,-11,-4,-10,-4,-10,-5,-9,-5,-9,-5,-8,-5,-7,-5,-7,-5,-7,-5,-6,-4,-6,-3,-6,-3,-6,-3,-6,-3,0,0,0,0,0,0,0,0,0,0,0,0,0,0,-49,27,-43,33,-42,37,-38,35,-39,46,-39,36,-37,37,-45,35,-37,39,-35,38,-39,34,-35,36,-30,34,-31,29,-27,33,-26,30,-21,31,-14,25,-14,28,-7,28,-2,22,10,25,12,24,13,27,19,31,24,35,26,40,28,37,31,45,35,43,33,43,37,48,35,52,37,52,38,55,33,58,39,63,30,62,30,61,28,62,20,61,20,59,21,54,19,55,18,53,18,52,12,53,13,50,11,50,10,42,5,46,11,35,5,40,8,33,10,32,10,29,10,33,0,0,0,0,0,0,0,0,0,0,0,0,0,0,0,0,0,0,0,0,0,0,35,-35,38,-33,40,-25,44,-28,44,-31,44,-30,42,-29,48,-30,51,-34,47,-31,58,-28,55,-33,60,-27,62,-28,64,-28,59,-27,61,-22,64,-22,63,-23,61,-19,64,-16,63,-19,53,-10,51,-14,47,-14,44,-18,37,-22,40,-26,37,-27,35,-26,31,-28,31,-30,27,-32,27,-38,27,-33,25,-43,25,-38,22,-43,21,-43,19,-43,16,-48,8,-48,11,-47,8,-54,7,-49,4,-55,9,-47,6,-48,3,-52,2,-43,-6,-39,-8,-45,-13,-45,-17,-46,-19,-44,-24,-41,-26,-39,0,0]",1
CSI_DATA,62574,1a:00:00:00:00:00,-37,11,1,0,1,1,1,0,0,0,1,-97,0,11,2,840176036,0,44,0,384,0,"[0,0,0,0,0,0,0,0,0,0,0,0,-3,9,-3,9,-3,9,-3,9,-2,9,-2,9,-2,9,-2,9,-2,8,-2,8,-2,7,-1,6,-1,6,0,5,0,4,2,4,3,3,4,3,4,3,5,3,6,3,7,3,8,4,8,3,9,4,9,4,0,0,10,4,11,4,11,4,11,5,11,5,12,6,11,7,10,7,10,7,9,7,9,7,9,7,8,6,8,6,7,7,7,6,7,7,6,6,5,6,5,5,4,5,4,5,4,4,4,4,4,4,4,3,0,0,0,0,0,0,0,0,0,0,0,0,0,0,49,-17,51,-18,47,-22,46,-19,40,-27,44,-33,45,-28,45,-27,42,-28,41,-28,38,-24,36,-25,40,-25,33,-25,28,-25,26,-24,23,-24,21,-22,13,-24,5,-20,-1,-29,-4,-29,-6,-31,-6,-34,-9,-37,-14,-43,-21,-43,-20,-42,-21,-45,-20,-49,-23,-50,-23,-54,-20,-56,-28,-58,-28,-59,-23,-69,-20,-67,-17,-68,-14,-66,-12,-71,-9,-63,-11,-60,-6,-59,-11,-60,-6,-59,-9,-55,-2,-54,-1,-55,-5,-44,-1,-45,-1,-40,3,-40,3,-39,-3,-35,-6,-34,-4,-32,-3,-32,0,0,0,0,0,0,0,0,0,0,0,0,0,0,0,0,0,0,0,0,0,0,-42,20,-47,17,-42,19,-52,13,-48,12,-48,13,-50,17,-48,10,-55,17,-55,13,-60,13,-57,11,-61,13,-62,7,-60,6,-64,5,-64,8,-61,4,-66,7,-63,-4,-63,-4,-60,-6,-51,-2,-46,3,-47,0,-42,9,-40,11,-46,14,-40,14,-39,17,-38,15,-37,19,-35,18,-33,26,-36,26,-30,29,-32,30,-29,33,-25,36,-24,39,-21,38,-19,36,-22,44,-18,45,-23,43,-19,51,-19,46,-15,43,-12,43,-15,43,-7,40,1,41,0,42,3,43,8,39,11,50,13,45,0,0]",1
CSI_DATA,62575,1a:00:00:00:00:00,-38,11,1,0,1,1,1,0,0,0,1,-97,0,11,2,840186046,0,44,0,384,0,"[0,0,0,0,0,0,0,0,0,0,0,0,5,-9,4,-9,4,-9,4,-9,3,-9,3,-9,3,-9,3,-9,3,-8,3,-8,3,-7,2,-7,1,-6,1,-6,0,-5,-2,-5,-2,-5,-4,-5,-5,-5,-5,-5,-7,-5,-7,-6,-7,-6,-8,-7,-8,-7,-9,-7,0,0,-9,-8,-10,-8,-10,-8,-10,-9,-10,-9,-10,-10,-10,-11,-9,-11,-8,-11,-7,-11,-7,-10,-7,-10,-7,-10,-7,-10,-6,-9,-6,-9,-5,-9,-5,-9,-4,-8,-4,-8,-3,-7,-3,-7,-4,-6,-4,-6,-4,-6,-4,-6,0,0,0,0,0,0,0,0,0,0,0,0,0,0,-57,6,-59,5,-56,8,-55,10,-57,13,-54,14,-47,13,-52,12,-54,15,-48,16,-47,14,-51,16,-46,14,-41,15,-38,13,-33,13,-29,18,-20,18,-17,21,-8,19,-6,26,-6,25,-4,33,-4,37,3,38,3,44,6,50,2,53,0,55,-2,53,2,66,2,61,5,60,7,65,1,65,-2,68,-2,68,-7,74,-8,70,-10,70,-11,67,-16,63,-14,59,-14,62,-13,56,-11,57,-15,56,-15,55,-17,47,-17,45,-16,44,-16,37,-15,31,-12,37,-11,37,-9,32,-9,35,0,0,0,0,0,0,0,0,0,0,0,0,0,0,0,0,0,0,0,0,0,0,47,-15,50,-13,50,-10,56,-8,55,-10,53,-4,52,-4,54,-3,60,-7,64,-4,66,-7,64,3,62,0,63,4,59,4,62,6,61,4,64,3,66,11,60,9,61,8,60,16,54,9,47,9,50,8,45,0,48,-2,45,-9,41,-6,43,-10,38,-15,42,-17,40,-17,39,-22,36,-24,39,-22,36,-25,36,-28,35,-31,36,-32,30,-37,27,-35,28,-40,30,-41,25,-40,31,-48,26,-44,24,-42,26,-41,20,-37,15,-38,6,-46,8,-50,2,-45,-2,-51,2,-50,-1,-48,0,0]",1
CSI_DATA,62576,1a:00:00:00:00:00,-38,11,1,0,1,1,1,0,0,0,1,-97,0,11,2,840216021,0,44,0,384,0,"[0,0,0,0,0,0,0,0,0,0,0,0,-11,3,-10,3,-10,3,-10,3,-9,3,-9,3,-9,3,-9,3,-9,3,-8,3,-7,3,-6,3,-6,2,-4,3,-4,3,-2,3,-1,3,-1,4,0,5,1,6,1,7,2,7,2,8,2,8,2,9,2,9,0,0,2,10,2,10,2,11,2,11,2,11,1,12,0,12,0,12,-1,12,-1,11,0,11,0,10,0,10,0,10,-1,10,-1,9,-1,9,-1,8,-2,8,-2,7,-2,7,-2,6,-1,6,-1,6,-1,6,-1,6,0,0,0,0,0,0,0,0,0,0,0,0,0,0,50,35,48,33,44,36,45,36,43,31,43,32,45,27,46,30,40,24,42,24,38,24,43,20,44,21,34,16,34,17,33,14,29,10,23,0,20,-3,16,-2,20,-12,20,-19,22,-20,20,-24,28,-27,29,-35,29,-36,28,-41,35,-42,35,-45,36,-41,42,-47,38,-47,38,-47,43,-51,45,-51,52,-45,48,-47,49,-42,53,-39,47,-36,49,-35,50,-33,45,-34,49,-38,43,-34,46,-27,44,-29,45,-23,44,-19,42,-22,35,-15,33,-18,33,-18,32,-13,31,-19,30,-18,0,0,0,0,0,0,0,0,0,0,0,0,0,0,0,0,0,0,0,0,0,0,-47,-17,-47,-28,-49,-23,-49,-30,-51,-32,-48,-30,-46,-28,-46,-35,-46,-31,-50,-36,-50,-38,-50,-44,-50,-46,-47,-46,-48,-48,-46,-43,-45,-46,-45,-42,-45,-53,-43,-52,-45,-50,-35,-51,-32,-40,-38,-41,-37,-34,-37,-27,-34,-30,-39,-34,-35,-27,-42,-26,-34,-20,-43,-21,-38,-16,-40,-16,-42,-12,-38,-10,-42,-8,-44,-3,-42,-5,-42,1,-44,9,-40,4,-46,9,-42,12,-52,13,-42,5,-42,11,-49,16,-41,18,-40,19,-36,24,-34,24,-29,31,-28,29,-34,38,-32,44,-31,44,0,0]",1
CSI_DATA,62577,1a:00:00:00:00:00,-38,11,1,0,1,1,1,0,0,0,1,-97,0,11,2,840226016,0,44,0,384,0,"[0,0,0,0,0,0,0,0,0,0,0,0,10,-2,9,-2,10,-2,9,-2,9,-2,8,-2,8,-3,8,-2,8,-2,7,-2,6,-2,6,-2,4,-2,3,-3,2,-3,2,-4,1,-4,0,-5,-1,-6,-1,-7,-2,-8,-2,-8,-2,-10,-2,-10,-2,-10,-2,-11,0,0,-1,-12,-2,-12,-2,-12,-1,-13,-1,-13,-1,-13,0,-13,1,-13,1,-13,1,-12,1,-12,1,-11,1,-11,1,-11,1,-11,1,-10,2,-10,2,-9,2,-9,2,-8,2,-8,2,-7,1,-7,1,-7,1,-7,1,-6,0,0,0,0,0,0,0,0,0,0,0,0,0,0,-43,-50,-43,-42,-41,-39,-38,-44,-39,-43,-38,-43,-41,-42,-38,-40,-40,-38,-39,-35,-36,-30,-33,-32,-31,-30,-29,-24,-32,-22,-29,-22,-24,-14,-23,-10,-21,-7,-23,4,-21,9,-24,12,-21,22,-25,24,-27,27,-34,29,-38,38,-38,40,-43,38,-34,38,-43,43,-48,43,-44,44,-45,42,-46,46,-49,47,-48,43,-57,34,-57,35,-60,37,-55,30,-57,29,-54,31,-50,31,-49,28,-48,27,-46,25,-51,27,-44,18,-45,17,-42,15,-42,12,-38,12,-37,13,-35,13,-32,14,-36,11,0,0,0,0,0,0,0,0,0,0,0,0,0,0,0,0,0,0,0,0,0,0,40,33,33,36,34,41,30,45,31,41,32,39,29,41,32,44,30,47,33,50,36,52,30,58,34,59,32,55,35,55,24,58,31,57,33,58,29,56,25,60,19,57,28,53,17,54,20,46,20,43,25,37,30,39,28,34,28,33,30,33,31,36,32,29,37,28,38,29,39,22,34,21,40,14,37,17,37,15,41,7,41,5,40,1,46,4,46,3,47,1,39,-8,44,-2,45,-6,43,-11,41,-10,42,-16,36,-20,42,-20,34,-27,39,-27,37,-32,43,-36,0,0]",1
CSI_DATA,62578,1a:00:00:00:00:00,-38,11,1,0,1,1,1,0,0,0,1,-97,0,11,2,840236030,0,44,0,384,0,"[0,0,0,0,0,0,0,0,0,0,0,0,-12,-1,-11,-1,-11,0,-11,0,-10,0,-10,0,-10,0,-9,0,-9,0,-8,0,-8,0,-7,0,-6,0,-4,1,-4,1,-3,2,-2,3,-1,4,-1,5,0,6,0,7,0,8,0,9,0,9,0,10,0,10,0,0,0,11,0,11,0,11,0,12,0,12,-1,12,-1,13,-2,12,-2,12,-2,11,-2,11,-2,10,-2,10,-2,10,-2,10,-2,10,-3,9,-3,8,-3,8,-3,7,-3,7,-2,6,-2,6,-2,6,-2,6,-1,6,0,0,0,0,0,0,0,0,0,0,0,0,0,0,40,40,42,38,43,41,45,44,42,42,46,41,43,38,36,34,40,35,39,33,37,29,35,33,35,28,32,20,26,20,24,15,26,13,18,7,22,0,19,-4,20,-4,18,-14,22,-25,21,-26,28,-29,27,-35,28,-40,36,-38,34,-44,34,-44,34,-47,42,-47,37,-47,38,-53,47,-46,45,-47,50,-49,54,-49,55,-44,51,-38,53,-39,47,-37,45,-42,42,-39,50,-34,41,-33,46,-31,41,-28,45,-26,40,-24,37,-20,38,-17,33,-19,34,-19,28,-23,31,-22,29,-20,0,0,0,0,0,0,0,0,0,0,0,0,0,0,0,0,0,0,0,0,0,0,-40,-29,-33,-40,-35,-40,-35,-43,-33,-43,-32,-42,-30,-43,-31,-49,-36,-47,-31,-51,-33,-56,-31,-55,-36,-57,-34,-56,-27,-56,-29,-57,-31,-58,-28,-61,-25,-58,-23,-56,-21,-56,-23,-50,-17,-50,-16,-41,-22,-34,-23,-36,-31,-29,-29,-35,-33,-36,-34,-28,-35,-25,-40,-28,-37,-26,-39,-23,-41,-25,-42,-20,-41,-12,-45,-16,-43,-13,-43,-9,-43,-7,-43,-3,-44,-6,-44,-2,-45,-2,-40,4,-45,0,-44,4,-44,8,-43,8,-42,14,-40,17,-38,23,-36,23,-33,27,-39,35,-33,41,0,0]",1
CSI_DATA,62579,1a:00:00:00:00:00,-38,11,1,0,1,1,1,0,0,0,1,-97,0,11,2,840246025,0,44,0,384,0,"[0,0,0,0,0,0,0,0,0,0,0,0,10,1,10,1,10,1,10,1,9,1,9,0,9,1,8,1,8,1,8,0,7,0,6,0,5,0,4,-1,3,-2,2,[0;31mE (840353) task_wdt: Task watchdog got triggered. The following tasks/users did not reset the watchdog in time:[0m,1
CSI_DATA,62580,1a:00:00:00:00:00,-38,11,1,0,1,1,1,0,0,0,1,-97,0,11,2,840256026,0,44,0,384,0,"[0,0,0,0,0,0,0,0,0,0,0,0,-11,-4,-11,-4,-10,-4,-11,-4,-10,-4,-10,-3,-10,-3,-9,-3,-9,-3,-8,-3,-8,-2,-7,-2,-6,-1,-5,-1,-4,0,-3,1,-3,2,-2,3,-2,5,-2,5,-2,6,-2,8,-2,8,-2,9,-3,9,-2,10,0,0,-3,11,-3,11,-3,12,-3,12,-4,12,-4,12,-5,12,-5,11,-5,11,-5,10,-5,10,-5,9,-5,9,-5,9,-5,8,-5,9,-5,8,-5,8,-5,7,-5,6,-4,6,-4,5,-3,5,-3,5,-3,6,-3,6,0,0,0,0,0,0,0,0,0,0,0,0,0,0,16,61,17,51,24,55,18,56,22,55,22,54,21,49,23,59,24,47,20,46,15,45,19,42,19,41,15,35,20,35,16,26,18,26,15,17,19,12,14,3,20,-1,18,-7,19,-13,28,-15,32,-18,38,-22,45,-21,40,-30,41,-25,45,-29,49,-34,57,-30,52,-31,60,-32,57,-31,64,-29,62,-27,68,-24,63,-22,66,-20,56,-16,57,-20,54,-21,55,-19,56,-17,48,-17,56,-13,48,-12,53,-12,43,-7,43,-7,37,-7,37,-11,32,-13,31,-11,35,-12,39,-8,0,0,0,0,0,0,0,0,0,0,0,0,0,0,0,0,0,0,0,0,0,0,-13,-48,-8,-52,0,-52,-1,-56,0,-53,2,-55,0,-53,5,-55,4,-65,6,-59,8,-63,8,-65,9,-65,11,-65,16,-64,15,-62,16,-68,12,-63,16,-67,19,-58,16,-54,19,-52,14,-53,12,-46,0,-45,-1,-39,-8,-40,-8,-42,-11,-40,-18,-41,-15,-34,-21,-45,-19,-42,-18,-44,-26,-40,-27,-45,-31,-38,-27,-38,-34,-42,-39,-37,-31,-32,-35,-26,-41,-30,-39,-29,-42,-27,-47,-25,-46,-21,-43,-24,-36,-17,-39,-13,-42,-8,-46,-7,-44,-4,-44,-1,-43,4,-54,17,-47,12,0,0]",1
CSI_DATA,62581,1a:00:00:00:00:00,-38,11,1,0,1,1,1,0,0,0,1,-97,0,11,2,840266035,0,44,0,384,0,"[0,0,0,0,0,0,0,0,0,0,0,0,8,5,8,4,8,4,8,4,8,4,8,4,8,4,7,4,7,3,6,3,6,3,5,2,5,2,4,1,4,0,3,-1,3,-3,2,-4,2,-5,3,-6,3,-7,3,-7,4,-8,4,-8,4,-9,4,-9,0,0,5,-10,5,-11,5,-11,6,-11,6,-11,7,-11,8,-10,8,-10,7,-9,7,-9,7,-8,7,-8,6,-8,6,-8,6,-8,6,-7,6,-7,6,-7,5,-6,5,-5,5,-5,4,-5,4,-5,4,-5,3,-5,4,-5,0,0,0,0,0,0,0,0,0,0,0,0,0,0,-8,-57,-7,-55,-14,-58,-17,-52,-19,-61,-17,-53,-18,-46,-23,-51,-25,-50,-14,-50,-18,-44,-21,-45,-20,-47,-15,-37,-15,-39,-17,-32,-18,-23,-12,-23,-17,-13,-17,-9,-22,-6,-25,2,-28,5,-30,9,-35,10,-43,15,-49,14,-47,18,-50,16,-52,20,-54,15,-66,21,-62,18,-61,20,-65,20,-68,18,-64,16,-67,12,-68,13,-67,9,-65,2,-63,6,-57,5,-56,5,-58,3,-49,5,-54,1,-50,3,-49,-2,-44,0,-40,1,-40,1,-37,2,-37,0,-34,3,-36,1,-39,4,0,0,0,0,0,0,0,0,0,0,0,0,0,0,0,0,0,0,0,0,0,0,10,52,6,51,2,50,-3,55,-1,54,4,52,0,50,3,57,-4,62,-7,63,-7,63,-10,65,-10,66,-16,67,-13,63,-19,58,-14,64,-19,61,-13,61,-17,56,-15,53,-24,52,-16,47,-11,41,-8,41,-4,40,3,42,3,38,9,41,8,36,19,42,17,42,19,40,17,42,25,39,30,37,24,38,29,41,29,31,33,27,36,33,34,32,42,29,42,25,44,28,41,27,44,23,42,23,43,21,40,16,35,10,40,7,43,1,41,6,48,-2,48,-6,49,-8,0,0]",1
CSI_DATA,62582,1a:00:00:00:00:00,-38,11,1,0,1,1,1,0,0,0,1,-97,0,11,2,840286021,0,44,0,384,0,"[0,0,0,0,0,0,0,0,0,0,0,0,4,8,4,8,4,8,4,8,4,7,4,7,4,7,4,6,4,6,4,5,4,5,4,4,3,4,3,2,4,2,4,0,4,-1,5,-2,5,-3,6,-3,7,-3,7,-4,8,-4,9,-4,9,-4,9,-5,0,0,10,-5,10,-5,11,-5,12,-5,12,-5,13,-4,13,-3,12,-2,11,-2,11,-2,11,-2,10,-2,10,-2,10,-1,9,-1,9,-1,9,-1,8,-1,8,0,7,0,7,0,6,0,6,-1,6,-1,6,-1,6,-1,0,0,0,0,0,0,0,0,0,0,0,0,0,0,32,-55,26,-49,28,-51,27,-47,17,-49,19,-49,17,-45,13,-50,6,-48,10,-52,12,-47,11,-44,9,-45,6,-37,3,-37,3,-36,-1,-29,-4,-24,-7,-26,-15,-21,-17,-20,-23,-16,-29,-14,-36,-15,-35,-22,-41,-22,-42,-19,-47,-14,-45,-19,-55,-24,-53,-26,-57,-31,-61,-27,-58,-25,-65,-28,-63,-38,-61,-36,-59,-41,-53,-46,-50,-49,-49,-39,-50,-43,-45,-43,-50,-37,-45,-38,-42,-35,-38,-35,-38,-36,-32,-36,-30,-38,-30,-31,-25,-29,-29,-28,-23,-27,-23,-22,-26,-19,-30,-25,0,0,0,0,0,0,0,0,0,0,0,0,0,0,0,0,0,0,0,0,0,0,-11,48,-16,49,-16,50,-21,49,-21,51,-23,48,-23,48,-24,50,-28,51,-26,51,-34,51,-34,55,-40,54,-36,54,-43,43,-34,50,-39,49,-38,55,-37,46,-44,43,-44,44,-43,36,-34,35,-35,35,-29,33,-22,37,-19,37,-23,37,-14,34,-12,36,-8,41,-7,37,-7,37,-5,38,-2,43,2,41,3,40,11,42,9,44,13,37,14,42,19,43,19,47,20,43,21,43,19,44,19,41,25,39,22,40,26,33,31,33,32,28,33,24,37,25,48,26,45,23,47,27,0,0]",1
CSI_DATA,62583,1a:00:00:00:00:00,-38,11,1,0,1,1,1,0,0,0,1,-97,0,11,2,840296042,0,44,0,384,0,"[0,0,0,0,0,0,0,0,0,0,0,0,-2,-11,-2,-10,-2,-10,-2,-10,-3,-10,-3,-9,-3,-9,-3,-8,-3,-8,-3,-7,-3,-7,-3,-6,-3,-5,-4,-4,-4,-3,-5,-2,-5,-1,-6,-1,-7,0,-8,0,-9,1,-10,1,-10,1,-11,1,-11,1,-12,1,0,0,-12,1,-13,1,-13,1,-14,1,-14,1,-15,0,-15,-1,-14,-2,-13,-2,-12,-2,-12,-2,-12,-2,-12,-2,-11,-2,-11,-2,-11,-2,-10,-2,-10,-2,-9,-3,-8,-3,-8,-3,-7,-2,-7,-2,-7,-1,-7,-1,-7,-1,0,0,0,0,0,0,0,0,0,0,0,0,0,0,-42,40,-47,38,-41,37,-37,37,-38,41,-33,36,-26,33,-32,42,-24,38,-26,38,-22,40,-23,38,-21,38,-13,32,-16,31,-10,30,-7,29,0,26,3,23,10,19,14,25,20,22,25,26,29,24,31,25,36,31,36,33,42,30,41,32,46,41,49,37,51,41,47,35,53,42,47,38,51,51,46,52,41,53,40,57,39,55,34,54,39,46,34,50,35,48,30,48,31,44,27,47,26,45,23,42,24,38,19,38,15,36,19,35,19,31,16,28,17,29,24,28,0,0,0,0,0,0,0,0,0,0,0,0,0,0,0,0,0,0,0,0,0,0,25,-44,31,-43,32,-38,37,-42,37,-37,36,-34,35,-35,41,-38,42,-42,47,-39,45,-42,50,-39,53,-35,50,-34,56,-37,49,-34,51,-38,49,-32,50,-33,54,-32,53,-26,47,-24,46,-26,38,-21,37,-26,33,-27,29,-25,30,-34,27,-30,28,-32,22,-32,20,-40,17,-35,16,-38,14,-37,13,-44,8,-40,4,-42,8,-43,0,-44,-4,-47,-7,-42,-7,-47,-4,-43,-12,-48,-5,-45,-7,-49,-11,-46,-13,-45,-15,-42,-22,-41,-21,-39,-28,-41,-31,-39,-35,-39,-42,-42,-36,-39,0,0]",1
CSI_DATA,62584,1a:00:00:00:00:00,-38,11,1,0,1,1,1,0,0,0,1,-97,0,11,2,840306029,0,44,0,384,0,"[0,0,0,0,0,0,0,0,0,0,0,0,-1,9,-1,9,-1,9,-1,9,-1,8,-1,8,-1,8,0,7,0,7,0,6,1,6,1,5,1,4,2,3,2,3,3,2,4,1,5,1,6,0,7,0,8,0,9,0,9,0,10,0,11,0,11,0,0,0,11,1,12,1,12,1,12,1,13,1,13,2,13,3,12,4,12,4,11,4,11,3,10,3,10,3,10,3,9,4,9,4,9,4,8,4,7,4,7,4,6,4,6,3,6,3,6,2,6,2,6,2,0,0,0,0,0,0,0,0,0,0,0,0,0,0,51,-35,53,-26,48,-31,50,-35,47,-28,45,-28,38,-26,37,-26,40,-29,35,-29,27,-26,33,-25,26,-26,24,-26,19,-24,13,-24,9,-25,5,-27,1,-23,-2,-27,-11,-30,-12,-27,-18,-30,-19,-28,-25,-37,-27,-44,-28,-43,-29,-49,-27,-50,-32,-48,-35,-50,-34,-56,-31,-51,-34,-60,-34,-55,-37,-65,-29,-66,-26,-69,-21,-68,-26,-69,-18,-61,-20,-59,-12,-58,-23,-57,-16,-54,-15,-55,-10,-55,-12,-51,-13,-51,-6,-51,-8,-47,-3,-44,-3,-40,-8,-41,-7,-41,-6,-36,-7,-36,0,0,0,0,0,0,0,0,0,0,0,0,0,0,0,0,0,0,0,0,0,0,-35,41,-38,35,-41,34,-48,37,-46,33,-46,31,-47,32,-46,31,-48,35,-53,33,-55,30,-61,32,-61,23,-62,26,-60,24,-54,25,-59,24,-59,27,-59,19,-60,22,-65,16,-56,16,-50,13,-51,12,-41,18,-45,18,-37,21,-38,25,-35,21,-32,24,-32,27,-30,32,-29,31,-26,33,-26,39,-22,38,-22,40,-22,37,-17,43,-18,41,-11,40,-6,43,-3,44,-4,47,-6,48,-6,46,-2,45,1,41,2,50,3,43,6,43,12,38,11,43,17,45,21,43,29,47,24,48,0,0]",1
CSI_DATA,62585,1a:00:00:00:00:00,-38,11,1,0,1,1,1,0,0,0,1,-97,0,11,2,840316034,0,44,0,384,0,"[0,0,0,0,0,0,0,0,0,0,0,0,2,-10,3,-10,2,-10,2,-10,2,-9,2,-9,2,-9,1,-8,1,-8,0,-7,0,-7,0,-6,-1,-5,-2,-4,-2,-4,-3,-3,-4,-3,-5,-2,-7,-2,-8,-2,-8,-2,-9,-3,-10,-3,-11,-3,-11,-3,-11,-3,0,0,-12,-4,-12,-4,-13,-4,-13,-4,-13,-5,-13,-6,-13,-6,-12,-7,-11,-7,-11,-7,-11,-6,-11,-6,-10,-6,-10,-6,-9,-6,-9,-6,-9,-6,-9,-6,-8,-6,-7,-6,-7,-6,-6,-5,-6,-5,-6,-4,-6,-4,-6,-4,0,0,0,0,0,0,0,0,0,0,0,0,0,0,-60,16,-58,20,-59,20,-56,18,-52,19,-54,27,-45,18,-48,21,-44,22,-42,25,-43,25,-36,14,-33,22,-29,24,-25,18,-23,20,-14,21,-10,24,-10,19,2,22,-1,29,9,23,14,31,13,34,15,39,20,45,17,42,20,50,22,52,23,50,27,48,27,62,23,56,28,58,29,61,26,65,22,66,17,71,14,72,16,63,13,57,15,61,12,55,15,59,8,56,14,52,7,59,4,54,7,55,0,46,-1,45,-5,42,1,38,0,35,5,34,2,38,3,33,0,0,0,0,0,0,0,0,0,0,0,0,0,0,0,0,0,0,0,0,0,0,46,-33,44,-27,46,-26,52,-26,47,-25,51,-22,45,-21,51,-20,56,-21,55,-19,62,-25,61,-19,65,-15,63,-14,61,-11,60,-11,66,-18,60,-16,65,-13,59,-9,64,-1,61,0,49,-4,53,-1,46,-9,46,-13,42,-15,40,-18,37,-17,40,-21,31,-29,36,-27,36,-29,30,-28,32,-35,32,-34,27,-34,22,-35,22,-40,22,-39,20,-45,16,-40,13,-46,15,-43,14,-50,12,-46,11,-45,10,-43,7,-45,0,-45,-3,-47,-6,-41,-9,-49,-16,-42,-19,-53,-18,-51,-23,-53,0,0]",1
CSI_DATA,62586,1a:00:00:00:00:00,-38,11,1,0,1,1,1,0,0,0,1,-97,0,11,2,840326039,0,44,0,384,0,"[0,0,0,0,0,0,0,0,0,0,0,0,-6,9,-5,9,-5,8,-5,8,-5,8,-4,8,-4,7,-4,7,-4,6,-3,6,-3,5,-2,5,-2,4,-1,4,0,3,1,3,3,2,3,2,5,2,5,2,6,2,7,3,7,3,8,3,9,4,9,4,0,0,9,4,10,4,10,5,10,5,10,5,10,6,10,6,10,6,9,7,8,7,8,6,8,6,8,6,8,6,7,6,7,6,7,6,6,6,6,5,5,5,5,5,5,5,5,4,5,4,4,4,4,4,0,0,0,0,0,0,0,0,0,0,0,0,0,0,64,-15,59,-10,65,-15,60,-14,58,-15,55,-13,51,-20,57,-15,53,-16,46,-16,41,-15,42,-13,34,-14,34,-12,28,-12,26,-19,21,-16,16,-16,13,-17,4,-15,1,-23,-4,-25,-7,-27,-13,-38,-15,-37,-21,-41,-18,-47,-16,-47,-20,-54,-23,-53,-23,-58,-21,-58,-19,-58,-28,-59,-19,-65,-17,-63,-20,-66,-18,-65,-14,-71,-11,-71,-10,-64,-10,-57,-8,-63,-7,-59,-5,-56,-8,-55,-7,-55,-5,-52,-8,-54,-2,-47,0,-47,0,-43,-5,-40,1,-39,-5,-41,-9,-37,1,-42,0,0,0,0,0,0,0,0,0,0,0,0,0,0,0,0,0,0,0,0,0,0,-49,17,-52,12,-52,9,-56,9,-52,5,-56,9,-55,4,-57,3,-63,5,-61,8,-62,0,-68,1,-64,-2,-65,-3,-66,-2,-62,-7,-65,-2,-64,-7,-63,-7,-59,-11,-57,-11,-58,-8,-53,-5,-49,-7,-44,-2,-45,0,-41,9,-42,9,-40,9,-43,16,-42,21,-43,20,-40,23,-41,22,-38,27,-35,30,-40,28,-35,29,-32,33,-30,35,-27,39,-21,43,-26,40,-22,43,-27,44,-15,43,-17,47,-19,45,-17,46,-11,46,-5,50,0,50,3,49,2,46,13,53,9,59,12,58,0,0]",1
CSI_DATA,62587,1a:00:00:00:00:00,-38,11,1,0,1,1,1,0,0,0,1,-97,0,11,2,840336027,0,44,0,384,0,"[0,0,0,0,0,0,0,0,0,0,0,0,7,-8,7,-8,7,-8,7,-8,6,-8,6,-8,6,-7,5,-7,5,-7,4,-6,4,-6,3,-5,2,-5,1,-5,0,-4,-1,-4,-2,-4,-3,-4,-4,-4,-5,-5,-6,-6,-7,-6,-7,-7,-7,-7,-7,-8,-8,-8,0,0,-8,-9,-8,-9,-8,-9,-9,-9,-9,-10,-9,-10,-8,-11,-7,-11,-7,-11,-6,-10,-6,-10,-6,-10,-6,-9,-6,-9,-5,-9,-5,-9,-5,-9,-4,-9,-4,-8,-4,-8,-3,-8,-3,-7,-4,-7,-4,-6,-4,-6,-3,-6,0,0,0,0,0,0,0,0,0,0,0,0,0,0,-64,-11,-69,-13,-63,-8,-59,-9,-59,-6,-56,-5,-54,-4,-54,-6,-59,-2,-53,-2,-48,-7,-48,-3,-44,2,-37,1,-40,-2,-34,3,-26,4,-22,8,-18,10,-15,17,-8,23,-5,22,-6,30,-6,31,-2,41,-7,44,-8,50,-11,51,-12,49,-10,59,-13,59,-13,59,-9,59,-15,59,-15,63,-15,64,-18,62,-20,65,-20,65,-21,64,-28,59,-23,52,-22,53,-19,55,-24,55,-17,51,-24,50,-20,46,-21,45,-25,39,-25,39,-23,34,-20,34,-22,33,-21,32,-18,27,-15,33,0,0,0,0,0,0,0,0,0,0,0,0,0,0,0,0,0,0,0,0,0,0,50,-6,50,-11,50,-1,51,1,53,-3,52,3,53,1,55,2,58,2,57,6,64,7,64,9,63,13,61,14,62,14,55,17,59,14,58,16,58,16,57,20,56,17,56,14,48,13,45,11,41,7,47,1,46,2,42,-6,42,-3,45,-6,40,-10,48,-15,39,-13,45,-13,43,-19,46,-19,42,-21,41,-17,43,-21,41,-25,38,-33,35,-32,31,-34,37,-33,35,-38,26,-43,27,-41,25,-35,26,-40,22,-41,23,-40,16,-42,13,-48,15,-49,14,-54,6,-53,8,-63,0,0]",1
CSI_DATA,62588,1a:00:00:00:00:00,-38,11,1,0,1,1,1,0,0,0,1,-97,0,11,2,840356039,0,44,0,384,0,"[0,0,0,0,0,0,0,0,0,0,0,0,10,-4,10,-4,9,-4,10,-4,9,-4,9,-4,8,-4,8,-3,8,-3,7,-3,6,-3,5,-3,4,-3,3,-3,2,-3,1,-4,0,-4,-1,-5,-2,-6,-2,-7,-3,-8,-3,-9,-3,-9,-3,-10,-3,-10,-3,-10,0,0,-3,-11,-4,-11,-4,-11,-4,-12,-3,-12,-3,-12,-2,-12,-2,-12,-1,-12,-1,-11,-2,-11,-1,-11,-2,-10,-2,-10,-1,-10,-1,-10,-1,-10,-1,-9,0,-9,0,-8,0,-8,0,-8,-1,-7,-1,-7,-1,-7,-1,-7,0,0,0,0,0,0,0,0,0,0,0,0,0,0,-49,-41,-44,-37,-50,-33,-52,-31,-52,-36,-48,-35,-48,-32,-54,-35,-45,-28,-44,-23,-43,-27,-43,-23,-38,-28,-33,-24,-29,-18,-30,-18,-26,-9,-26,-3,-29,0,-19,6,-19,11,-24,18,-23,23,-28,29,-27,31,-29,37,-29,41,-32,40,-37,41,-33,44,-34,43,-43,48,-39,46,-40,44,-42,47,-43,49,-46,42,-49,45,-46,39,-49,40,-42,39,-47,34,-47,35,-44,36,-44,32,-46,34,-43,32,-39,29,-42,23,-43,19,-38,23,-37,17,-36,15,-31,20,-30,15,-27,18,-32,19,0,0,0,0,0,0,0,0,0,0,0,0,0,0,0,0,0,0,0,0,0,0,47,11,48,15,46,17,46,23,48,19,43,24,48,22,48,21,51,27,48,27,51,32,50,34,54,35,47,39,45,39,41,37,44,38,42,36,47,35,41,37,40,38,39,37,31,29,33,29,36,20,36,18,38,14,39,13,36,12,46,10,45,7,46,4,44,3,45,2,43,-2,48,-2,45,-5,49,-3,48,-5,48,-9,50,-10,49,-16,47,-17,52,-15,50,-18,46,-21,45,-19,39,-15,46,-25,36,-24,40,-26,34,-33,33,-37,37,-31,32,-40,40,-51,34,-42,0,0]",1
CSI_DATA,62589,1a:00:00:00:00:00,-38,11,1,0,1,1,1,0,0,0,1,-97,0,11,2,840376023,0,44,0,384,0,"[0,0,0,0,0,0,0,0,0,0,0,0,10,1,9,1,9,1,9,1,9,0,9,0,8,0,8,0,8,0,7,0,6,0,6,0,5,-1,4,-2,3,-2,2,-3,2,-4,1,-5,1,-6,1,-7,1,-8,1,-9,2,-10,2,-10,2,-10,2,-10,0,0,2,-11,2,-11,2,-12,2,-12,3,-12,3,-12,4,-12,4,-12,5,-11,4,-11,4,-11,4,-10,4,-10,4,-9,4,-10,4,-9,4,-9,4,-8,4,-8,4,-7,4,-7,3,-6,2,-6,2,-6,2,-6,2,-6,0,0,0,0,0,0,0,0,0,0,0,0,0,0,-25,-52,-31,-49,-27,-50,-32,-54,-30,-43,-32,-46,-31,-47,-29,-46,-30,-41,-31,-42,-32,-36,-25,-36,-27,-34,-30,-30,-23,-27,-23,-24,-19,-16,-24,-12,-19,-8,-20,-2,-26,6,-29,15,-32,19,-33,22,-33,22,-40,25,-43,25,-46,29,-46,29,-49,25,-47,28,-51,32,-51,28,-51,36,-54,31,-52,31,-57,33,-58,29,-61,24,-59,23,-61,23,-54,23,-53,21,-48,22,-51,22,-52,18,-52,14,-51,16,-46,15,-45,12,-38,8,-38,6,-37,12,-30,10,-32,9,-34,12,-36,11,0,0,0,0,0,0,0,0,0,0,0,0,0,0,0,0,0,0,0,0,0,0,31,36,29,41,23,44,24,46,23,42,27,44,23,47,23,51,26,50,23,55,18,57,19,58,18,60,20,58,14,64,15,58,15,59,14,58,14,60,16,57,8,56,9,49,7,48,9,44,14,39,20,36,22,35,24,31,23,35,28,31,25,27,28,31,34,27,33,30,41,24,36,24,37,24,42,18,43,21,42,16,46,13,49,10,50,13,48,7,48,11,51,15,50,13,45,6,47,7,45,-2,47,-2,41,-9,45,-7,40,-14,41,-22,44,-20,45,-20,0,0]",1
CSI_DATA,62590,1a:00:00:00:00:00,-38,11,1,0,1,1,1,0,0,0,1,-97,0,11,2,840386032,0,44,0,384,0,"[0,0,0,0,0,0,0,0,0,0,0,0,-9,-5,-10,-5,-9,-5,-9,-5,-9,-4,-9,-4,-9,-4,-8,-4,-8,-4,-7,-3,-7,-3,-6,-2,-5,-2,-5,0,-5,0,-4,2,-4,3,-4,4,-4,5,-4,6,-5,6,-5,7,-6,7,-6,8,-6,8,-6,9,0,0,-7,9,-7,9,-7,9,-7,10,-8,10,-9,9,-9,9,-9,8,-9,8,-9,8,-8,8,-9,7,-8,7,-8,7,-8,6,-8,6,-8,6,-8,5,-8,5,-7,4,-7,4,-6,3,-6,4,-5,4,-6,4,-6,4,0,0,0,0,0,0,0,0,0,0,0,0,0,0,8,59,9,49,8,51,14,54,13,51,11,55,16,47,15,46,18,48,15,44,15,43,18,39,13,39,16,35,17,32,16,29,13,22,17,20,20,13,22,6,25,3,30,2,33,-7,40,-8,45,-9,49,-12,50,-5,46,-11,50,-6,53,-8,55,-11,58,-15,59,-12,63,-12,62,-12,68,-9,66,-10,68,-2,68,-1,62,3,61,3,58,0,59,4,60,-3,59,0,55,2,59,8,49,4,47,11,44,8,42,4,38,8,40,6,33,7,30,5,32,2,35,3,0,0,0,0,0,0,0,0,0,0,0,0,0,0,0,0,0,0,0,0,0,0,-25,-47,-21,-47,-14,-52,-16,-55,-14,-50,-16,-54,-8,-53,-10,-53,-8,-58,-12,-59,-6,-61,-6,-63,-9,-61,-4,-65,3,-64,3,-62,-2,-62,1,-63,1,-64,3,-60,7,-62,5,-56,5,-48,3,-46,-1,-42,-8,-38,-9,-41,-16,-39,-20,-39,-21,-40,-18,-39,-23,-41,-22,-41,-26,-37,-28,-35,-30,-34,-36,-37,-33,-33,-33,-37,-34,-26,-39,-27,-41,-21,-45,-26,-47,-29,-49,-23,-43,-28,-43,-23,-45,-21,-41,-19,-49,-16,-45,-13,-44,-10,-48,-7,-43,0,-51,-1,-54,4,-50,2,0,0]",1
CSI_DATA,62591,1a:00:00:00:00:00,-38,11,1,0,1,1,1,0,0,0,1,-97,0,11,2,840396028,0,44,0,384,0,"[0,0,0,0,0,0,0,0,0,0,0,0,7,6,7,5,7,5,7,5,7,5,7,4,7,4,6,4,6,4,6,3,5,3,5,2,5,1,4,0,3,-1,3,-2,4,-3,3,-4,4,-5,4,-6,5,-6,6,-7,6,-8,6,-8,6,-8,7,-8,0,0,7,-9,7,-9,7,-10,8,-10,8,-10,9,-9,10,-8,10,-8,10,-8,9,-7,9,-7,9,-7,8,-7,8,-6,8,-6,8,-6,8,-5,8,-5,7,-4,6,-4,6,-4,6,-4,5,-4,5,-4,5,-4,5,-4,0,0,0,0,0,0,0,0,0,0,0,0,0,0,5,-55,7,-51,0,-53,1,-53,-4,-52,-3,-53,-6,-52,-3,-52,-8,-49,-9,-48,-8,-48,-8,-42,-11,-45,-7,-34,-9,-30,-11,-32,-11,-25,-13,-21,-21,-18,-19,-10,-24,-10,-25,-6,-34,-2,-36,-2,-43,-1,-44,-1,-52,0,-51,-1,-53,-1,-55,-4,-58,-5,-64,-6,-62,-7,-66,1,-67,-2,-65,-6,-66,-9,-67,-9,-63,-13,-64,-21,-60,-14,-56,-14,-60,-15,-58,-12,-57,-22,-50,-19,-55,-16,-51,-19,-46,-22,-41,-18,-41,-16,-37,-18,-34,-12,-33,-17,-38,-15,-37,-10,-39,-13,0,0,0,0,0,0,0,0,0,0,0,0,0,0,0,0,0,0,0,0,0,0,14,50,5,52,4,51,-2,52,6,52,1,49,-2,53,0,54,2,59,-2,61,-2,64,-8,64,-6,64,-6,61,-10,62,-9,55,-8,60,-10,64,-14,61,-13,59,-17,57,-18,54,-18,47,-13,49,-11,43,-2,43,-3,45,4,42,4,40,9,45,13,39,16,44,10,46,14,39,21,43,21,47,23,39,25,38,26,42,28,39,30,39,35,32,37,36,37,34,43,35,35,34,38,27,37,26,40,32,39,22,40,15,43,14,46,14,42,7,47,11,47,11,56,9,0,0]",1
CSI_DATA,62592,1a:00:00:00:00:00,-38,11,1,0,1,1,1,0,0,0,1,-97,0,11,2,840416115,0,44,0,384,0,"[0,0,0,0,0,0,0,0,0,0,0,0,-1,10,0,9,0,9,0,9,0,9,0,9,0,8,0,8,0,8,0,7,0,6,0,6,1,5,1,4,1,3,2,2,3,1,4,1,5,0,6,0,7,0,8,0,8,0,9,0,9,0,9,0,0,0,10,0,10,0,11,0,11,0,12,1,12,2,12,2,11,3,11,3,10,3,10,3,10,3,9,3,9,3,8,3,8,3,8,3,7,3,7,3,6,3,6,3,6,2,5,2,5,2,6,2,5,1,0,0,0,0,0,0,0,0,0,0,0,0,0,0,53,-36,45,-33,46,-32,43,-38,43,-37,40,-36,35,-42,36,-38,37,-38,31,-34,31,-38,32,-33,25,-35,21,-29,25,-35,16,-31,15,-26,11,-26,3,-22,-1,-18,-11,-23,-10,-21,-17,-22,-22,-22,-27,-31,-30,-34,-32,-36,-35,-40,-35,-40,-40,-39,-42,-39,-44,-41,-40,-40,-50,-42,-44,-45,-41,-48,-39,-56,-37,-57,-36,-58,-38,-53,-31,-59,-32,-55,-30,-54,-33,-53,-27,-52,-27,-48,-20,-45,-19,-46,-18,-50,-14,-42,-14,-40,-13,-36,-12,-36,-13,-31,-17,-25,-18,-31,-16,-35,0,0,0,0,0,0,0,0,0,0,0,0,0,0,0,0,0,0,0,0,0,0,-27,38,-30,38,-32,39,-38,38,-36,32,-38,33,-37,34,-39,39,-39,35,-42,39,-49,40,-50,36,-49,41,-51,37,-52,33,-48,35,-50,38,-49,38,-49,33,-53,30,-53,26,-55,29,-44,25,-44,25,-39,23,-39,28,-28,26,-35,29,-27,37,-24,35,-22,41,-23,40,-19,40,-18,43,-18,44,-16,46,-9,50,-11,45,-13,41,-5,46,-2,48,1,46,0,47,0,52,5,49,6,47,5,50,7,53,12,47,9,47,14,47,21,46,24,43,22,42,27,40,33,48,38,47,0,0]",1
CSI_DATA,62593,1a:00:00:00:00:00,-38,11,1,0,1,1,1,0,0,0,1,-97,0,11,2,840426025,0,44,0,384,0,"[0,0,0,0,0,0,0,0,0,0,0,0,2,-11,2,-11,2,-10,1,-10,1,-10,1,-10,1,-9,1,-9,1,-9,1,-8,1,-7,0,-7,0,-6,-1,-5,-2,-4,-3,-3,-3,-3,-5,-3,-6,-2,-6,-3,-7,-2,-8,-3,-9,-3,-10,-3,-10,-3,-10,-3,0,0,-10,-4,-11,-4,-11,-4,-11,-4,-12,-4,-12,-6,-12,-6,-11,-7,-11,-7,-10,-7,-10,-6,-9,-6,-9,-6,-9,-6,-8,-6,-8,-6,-8,-6,-7,-6,-6,-6,-6,-6,-6,-6,-5,-5,-6,-4,-6,-4,-6,-4,-6,-4,0,0,0,0,0,0,0,0,0,0,0,0,0,0,-66,25,-58,17,-57,22,-49,19,-51,22,-57,27,-53,22,-54,28,-44,21,-42,31,-50,21,-41,21,-37,27,-37,22,-30,24,-26,21,-21,20,-18,17,-11,22,-3,15,0,19,3,26,8,29,12,32,15,36,16,42,21,43,25,45,20,50,25,55,25,52,23,59,25,52,24,57,26,52,26,63,23,64,17,68,12,67,12,67,12,60,8,62,9,62,9,58,7,61,5,54,3,51,1,53,2,48,-2,42,-3,43,2,36,-2,35,-2,35,6,33,6,36,5,38,0,0,0,0,0,0,0,0,0,0,0,0,0,0,0,0,0,0,0,0,0,0,34,-42,38,-43,42,-32,47,-32,42,-30,43,-34,45,-32,49,-30,54,-33,52,-32,59,-32,60,-31,58,-31,60,-30,61,-30,50,-25,60,-27,56,-22,60,-26,59,-21,55,-19,55,-19,50,-19,51,-11,44,-16,40,-20,38,-20,38,-23,33,-20,31,-32,24,-37,29,-38,27,-35,28,-38,25,-42,24,-43,25,-41,23,-45,23,-48,17,-49,13,-49,5,-49,12,-52,9,-53,11,-57,4,-50,1,-49,2,-55,2,-52,1,-50,-2,-52,-10,-55,-12,-52,-16,-46,-16,-49,-20,-57,-22,-59,0,0]",1
CSI_DATA,62594,1a:00:00:00:00:00,-38,11,1,0,1,1,1,0,0,0,1,-97,0,11,2,840436043,0,44,0,384,0,"[0,0,0,0,0,0,0,0,0,0,0,0,-6,9,-6,8,-6,9,-5,8,-5,8,-5,8,-5,8,-5,7,-5,7,-4,7,-4,6,-3,5,-2,5,-2,4,-1,3,1,3,2,3,2,3,4,3,4,3,5,4,6,4,7,5,7,5,7,5,7,5,0,0,8,6,8,6,8,5,9,6,9,6,9,7,9,8,8,8,8,8,7,8,7,8,7,8,6,8,6,7,6,7,5,7,5,7,4,7,4,7,3,6,3,6,3,5,3,5,3,4,3,4,3,4,0,0,0,0,0,0,0,0,0,0,0,0,0,0,57,-14,54,-20,57,-18,50,-23,50,-19,50,-19,49,-17,51,-20,43,-20,45,-17,41,-19,45,-18,41,-18,38,-13,31,-14,25,-15,24,-18,17,-17,17,-15,7,-22,5,-23,-2,-26,-10,-27,-6,-35,-12,-42,-16,-41,-13,-45,-15,-50,-13,-50,-13,-51,-17,-47,-16,-50,-18,-62,-18,-54,-17,-58,-17,-65,-20,-60,-13,-64,-12,-74,-10,-63,-2,-64,-6,-55,0,-58,-5,-62,-7,-59,-4,-58,-5,-53,3,-52,3,-51,3,-45,3,-45,4,-35,2,-37,5,-36,-7,-38,-2,-35,-3,-33,0,0,0,0,0,0,0,0,0,0,0,0,0,0,0,0,0,0,0,0,0,0,-42,32,-51,28,-48,24,-55,20,-49,19,-52,18,-47,18,-49,19,-56,24,-55,17,-59,17,-64,12,-59,15,-62,14,-68,12,-55,10,-61,14,-64,14,-60,10,-58,7,-59,6,-56,7,-55,7,-54,3,-47,7,-43,16,-43,10,-39,14,-40,15,-36,23,-35,23,-32,25,-31,28,-30,29,-34,31,-32,33,-28,33,-27,39,-28,34,-24,38,-18,42,-16,40,-18,41,-17,46,-17,47,-12,46,-10,50,-10,49,-11,46,-10,50,-2,52,-1,49,1,42,3,54,14,53,14,60,16,58,0,0]",1
CSI_DATA,62595,1a:00:00:00:00:00,-38,11,1,0,1,1,1,0,0,0,1,-97,0,11,2,840456026,0,44,0,384,0,"[0,0,0,0,0,0,0,0,0,0,0,0,-10,4,-9,4,-9,4,-9,4,-8,4,-8,5,-8,5,-8,4,-8,4,-7,4,-7,3,-6,3,-5,3,-4,3,-3,3,-2,3,-1,4,0,4,1,5,2,6,2,7,2,7,2,8,3,8,2,9,3,9,0,0,3,9,3,10,3,10,3,10,3,10,3,11,2,11,2,11,2,11,1,11,1,10,1,10,1,10,1,10,0,10,0,10,0,9,0,9,-1,9,-1,8,-1,7,-1,7,-1,7,0,6,0,6,-1,6,0,0,0,0,0,0,0,0,0,0,0,0,0,0,56,27,45,22,51,19,49,17,48,16,49,16,48,11,54,6,50,11,46,9,40,12,41,12,44,5,41,7,33,3,32,0,26,-1,30,-5,23,-9,17,-14,17,-18,20,-24,17,-27,14,-31,13,-36,19,-37,22,-43,20,-40,21,-49,23,-51,26,-46,28,-49,25,-52,23,-51,25,-56,30,-53,32,-61,32,-51,36,-55,36,-50,37,-45,34,-51,40,-46,34,-45,37,-48,35,-37,39,-40,33,-37,37,-32,34,-32,31,-27,30,-28,29,-25,30,-20,32,-22,26,-25,28,-26,0,0,0,0,0,0,0,0,0,0,0,0,0,0,0,0,0,0,0,0,0,0,-48,11,-57,9,-52,1,-56,4,-59,3,-54,0,-56,-1,-56,0,-58,-5,-61,-8,-61,-7,-63,-10,-65,-10,-67,-11,-63,-14,-56,-17,-61,-15,-59,-16,-64,-18,-61,-18,-60,-25,-55,-18,-55,-19,-50,-21,-46,-15,-47,-12,-43,-8,-48,-8,-42,-5,-46,2,-45,4,-43,1,-43,9,-44,12,-47,15,-43,14,-42,14,-43,18,-40,20,-37,24,-39,24,-40,27,-41,27,-35,33,-38,31,-40,33,-36,32,-32,31,-37,30,-27,37,-29,39,-26,35,-26,41,-22,40,-22,48,-24,52,-14,53,0,0]",1
CSI_DATA,62596,1a:00:00:00:00:00,-38,11,1,0,1,1,1,0,0,0,1,-97,0,11,2,840466022,0,44,0,384,0,"[0,0,0,0,0,0,0,0,0,0,0,0,9,-1,9,-1,9,-1,9,-1,9,-2,8,-2,8,-2,8,-2,7,-2,7,-2,6,-2,5,-2,5,-2,4,-2,3,-3,2,-4,2,-5,1,-5,1,-6,1,-7,1,-8,1,-9,2,-9,2,-10,2,-10,2,-10,0,0,2,-10,2,-11,2,-11,2,-11,2,-11,3,-12,3,-11,4,-11,4,-11,4,-10,4,-10,4,-10,4,-9,4,-10,4,-9,4,-9,5,-8,5,-8,5,-8,5,-7,5,-7,4,-6,4,-6,4,-6,4,-6,4,-5,0,0,0,0,0,0,0,0,0,0,0,0,0,0,-40,-42,-40,-40,-40,-42,-47,-38,-40,-36,-37,-32,-43,-29,-37,-30,-43,-28,-39,-27,-41,-28,-36,-27,-43,-21,-36,-20,-29,-19,-28,-17,-26,-11,-24,-8,-22,0,-25,7,-18,5,-23,16,-28,17,-32,24,-34,29,-36,28,-37,27,-42,29,-42,28,-47,30,-38,34,-47,35,-44,37,-45,36,-45,30,-49,38,-52,39,-53,34,-54,28,-57,31,-51,24,-51,26,-54,24,-48,28,-48,23,-49,22,-50,20,-52,18,-47,14,-43,10,-42,14,-45,8,-44,4,-38,6,-31,3,-36,12,-36,7,0,0,0,0,0,0,0,0,0,0,0,0,0,0,0,0,0,0,0,0,0,0,50,4,55,9,47,16,52,18,51,20,45,20,48,17,55,20,53,18,55,23,56,26,59,32,56,32,50,33,54,34,51,35,58,32,51,33,51,37,49,36,51,38,48,38,41,37,43,36,41,31,39,28,38,26,45,19,40,20,47,17,40,13,43,10,47,9,46,8,46,4,50,2,43,4,52,0,49,4,47,0,48,-6,44,-10,48,-13,51,-17,47,-17,49,-13,48,-14,46,-18,47,-21,47,-21,41,-19,42,-31,40,-33,38,-32,40,-33,40,-33,42,-34,0,0]",1
CSI_DATA,62597,1a:00:00:00:00:00,-38,11,1,0,1,1,1,0,0,0,1,-97,0,11,2,840476039,0,44,0,384,0,"[0,0,0,0,0,0,0,0,0,0,0,0,-11,-3,-11,-2,-11,-2,-10,-2,-10,-2,-10,-1,-9,-1,-9,-2,-9,-1,-8,-1,-7,-1,-7,-1,-6,0,-5,1,-5,1,-4,2,-4,3,-3,4,-3,5,-3,6,-3,7,-4,8,-4,8,-4,9,-5,9,-5,9,0,0,-5,10,-5,10,-5,10,-6,11,-6,10,-6,10,-7,10,-7,9,-7,9,-7,9,-7,8,-7,8,-7,8,-7,8,-7,7,-7,7,-7,7,-7,6,-7,6,-7,5,-7,5,-6,4,-6,5,-5,4,-6,5,-6,4,0,0,0,0,0,0,0,0,0,0,0,0,0,0,31,50,34,55,30,45,28,45,28,45,33,44,28,42,24,42,29,39,30,37,30,35,29,34,28,32,24,28,23,24,23,23,21,17,23,10,23,4,24,2,25,-4,26,-13,31,-12,31,-16,37,-19,43,-16,42,-18,46,-21,50,-20,55,-23,51,-22,54,-23,56,-21,53,-27,57,-25,57,-22,59,-20,60,-20,61,-17,57,-12,57,-12,58,-13,57,-11,53,-13,54,-7,51,-7,49,-6,53,-9,51,-7,45,-2,43,0,39,1,40,0,36,1,32,-2,38,-5,43,-1,0,0,0,0,0,0,0,0,0,0,0,0,0,0,0,0,0,0,0,0,0,0,-49,-15,-48,-23,-47,-23,-48,-28,-48,-29,-43,-29,-41,-27,-47,-34,-47,-34,-50,-34,-49,-37,-50,-39,-46,-46,-48,-42,-45,-43,-39,-45,-41,-45,-44,-45,-44,-40,-41,-46,-41,-47,-37,-47,-39,-41,-35,-40,-33,-37,-38,-35,-37,-30,-38,-26,-39,-24,-39,-21,-43,-23,-45,-21,-48,-14,-45,-19,-47,-18,-49,-15,-43,-16,-48,-11,-50,-16,-53,-7,-49,-4,-50,-1,-54,-4,-53,10,-55,0,-58,-1,-57,0,-49,8,-51,10,-52,7,-48,15,-47,17,-45,19,-45,17,-46,33,-53,23,-49,26,0,0]",1
CSI_DATA,62598,1a:00:00:00:00:00,-37,11,1,0,1,1,1,0,0,0,1,-97,0,11,2,840496030,0,44,0,384,0,"[0,0,0,0,0,0,0,0,0,0,0,0,-10,-6,-10,-6,-9,-6,-9,-6,-9,-6,-9,-5,-8,-5,-8,-5,-8,-5,-7,-4,-7,-4,-6,-3,-5,-3,-5,-2,-5,-1,-4,1,-4,1,-4,3,-4,3,-5,5,-5,5,-6,6,-6,6,-6,7,-7,7,-7,7,0,0,-7,8,-7,8,-8,8,-8,9,-8,8,-9,8,-9,8,-10,7,-10,7,-10,6,-9,7,-9,6,-9,6,-9,5,-9,5,-8,5,-8,4,-8,4,-8,4,-7,3,-7,3,-6,3,-6,3,-6,3,-6,3,-6,3,0,0,0,0,0,0,0,0,0,0,0,0,0,0,1,68,2,60,9,59,5,60,8,56,10,56,8,57,7,55,6,54,7,50,11,51,9,46,6,41,13,39,12,35,11,32,6,25,17,21,16,18,18,9,22,7,30,3,34,4,35,0,43,-3,46,2,51,-4,50,0,51,-4,50,-5,51,0,63,0,53,-3,60,-3,64,2,67,3,59,8,65,7,69,6,64,7,59,14,54,14,59,11,56,12,55,15,49,16,50,17,50,16,44,15,40,16,43,17,37,15,35,12,34,12,30,9,33,9,36,13,0,0,0,0,0,0,0,0,0,0,0,0,0,0,0,0,0,0,0,0,0,0,-31,-41,-26,-45,-29,-44,-23,-45,-20,-46,-16,-48,-20,-47,-21,-52,-21,-52,-22,-53,-21,-60,-20,-61,-16,-58,-17,-57,-8,-58,-14,-55,-15,-58,-16,-60,-14,-55,-12,-54,-7,-54,-13,-53,-7,-51,-10,-51,-12,-42,-16,-42,-20,-41,-17,-43,-24,-38,-24,-37,-28,-35,-28,-34,-31,-39,-31,-34,-36,-37,-39,-35,-38,-38,-38,-33,-38,-29,-43,-29,-41,-26,-42,-21,-44,-24,-48,-22,-49,-23,-41,-19,-48,-14,-49,-16,-43,-15,-49,-12,-46,-10,-50,-4,-57,-1,-52,1,-54,10,-54,-2,-58,6,0,0]",1
CSI_DATA,62599,1a:00:00:00:00:00,-37,11,1,0,1,1,1,0,0,0,1,-97,0,11,2,840506035,0,44,0,384,0,"[0,0,0,0,0,0,0,0,0,0,0,0,7,8,7,8,6,8,6,8,6,7,6,7,5,7,5,7,5,6,5,6,5,5,4,4,4,4,4,3,3,2,3,0,4,-1,4,-2,5,-3,5,-3,6,-4,7,-4,7,-4,8,-5,8,-5,8,-5,0,0,9,-5,9,-5,10,-6,10,-6,11,-6,11,-5,11,-5,11,-4,11,-4,10,-4,10,-4,10,-3,10,-3,10,-3,9,-2,10,-2,9,-2,9,-2,8,-1,7,-1,7,-1,7,-1,6,-1,6,-2,6,-2,7,-2,0,0,0,0,0,0,0,0,0,0,0,0,0,0,21,-60,15,-54,22,-58,14,-57,13,-65,14,-57,12,-53,11,-55,14,-54,7,-56,10,-51,10,-47,7,-46,8,-43,6,-37,4,-39,0,-31,-2,-26,-6,-20,-12,-19,-16,-18,-25,-17,-27,-16,-34,-12,-39,-15,-40,-16,-46,-21,-50,-17,-49,-19,-49,-17,-53,-18,-60,-19,-55,-15,-57,-16,-60,-18,-63,-22,-64,-27,-55,-27,-56,-31,-55,-33,-51,-34,-52,-27,-53,-32,-53,-26,-50,-32,-42,-32,-42,-32,-46,-31,-34,-36,-32,-31,-31,-28,-32,-29,-32,-27,-31,-23,-30,-23,-33,-21,-30,-20,0,0,0,0,0,0,0,0,0,0,0,0,0,0,0,0,0,0,0,0,0,0,-3,55,0,56,-7,52,-10,54,-10,50,-12,51,-15,51,-11,52,-15,53,-13,58,-15,57,-16,58,-20,60,-21,58,-20,58,-23,55,-21,55,-23,54,-22,52,-25,51,-23,47,-26,52,-24,42,-16,42,-14,43,-15,44,-11,44,-6,41,-6,41,1,46,2,42,2,42,8,42,6,44,11,49,9,45,17,48,13,46,16,43,21,41,23,41,24,39,29,36,27,38,34,38,26,35,30,34,37,34,33,30,36,26,37,24,47,23,44,22,46,24,51,17,51,20,58,16,0,0]",1
CSI_DATA,62600,1a:00:00:00:00:00,-38,11,1,0,1,1,1,0,0,0,1,-97,0,11,2,840516015,0,44,0,384,0,"[0,0,0,0,0,0,0,0,0,0,0,0,-4,-12,-4,-11,-4,-11,-4,-11,-4,-11,-4,-10,-4,-10,-4,-10,-3,-9,-3,-9,-3,-8,-3,-7,-3,-6,-3,-5,-3,-4,-4,-3,-4,-2,-5,-1,-6,0,-7,0,-8,0,-9,1,-9,0,-10,1,-10,1,-10,1,0,0,-11,1,-11,1,-11,1,-12,1,-12,1,-13,0,-13,0,-13,0,-12,-1,-12,-1,-12,-1,-11,-1,-11,-1,-11,-1,-11,-2,-10,-2,-10,-2,-9,-2,-9,-2,-8,-2,-8,-2,-7,-2,-7,-2,-7,-1,-8,-1,-8,-1,0,0,0,0,0,0,0,0,0,0,0,0,0,0,-37,54,-31,51,-29,48,-30,52,-34,55,-30,54,-30,52,-27,49,-26,48,-29,50,-23,45,-23,45,-20,45,-20,36,-19,32,-18,35,-14,29,-6,24,-5,25,5,21,6,21,10,20,23,18,23,24,24,25,34,30,37,31,36,31,36,32,43,33,38,31,43,33,46,30,50,33,53,38,49,37,45,39,45,45,40,48,40,46,34,47,40,42,38,46,37,39,31,46,34,45,30,42,27,43,23,38,23,41,23,34,17,35,22,32,19,29,18,29,22,28,20,32,0,0,0,0,0,0,0,0,0,0,0,0,0,0,0,0,0,0,0,0,0,0,4,-54,7,-56,14,-54,18,-53,19,-55,19,-48,18,-52,21,-54,23,-57,21,-59,26,-60,30,-58,31,-59,34,-55,36,-56,33,-58,30,-50,28,-56,35,-53,36,-53,32,-46,36,-49,34,-48,33,-41,23,-40,18,-42,18,-39,19,-45,14,-40,11,-45,9,-41,7,-44,3,-43,-1,-46,3,-45,3,-47,2,-47,-5,-49,-8,-45,-4,-47,-13,-43,-12,-43,-15,-44,-17,-48,-18,-44,-25,-38,-21,-44,-20,-41,-24,-39,-25,-34,-29,-34,-37,-31,-35,-33,-41,-30,-44,-28,-46,-26,-49,-37,0,0]",1
CSI_DATA,62601,1a:00:00:00:00:00,-38,11,1,0,1,1,1,0,0,0,1,-97,0,11,2,840536041,0,44,0,384,0,"[0,0,0,0,0,0,0,0,0,0,0,0,5,-10,5,-10,5,-9,5,-9,5,-9,5,-9,5,-9,5,-9,5,-8,4,-8,4,-7,3,-7,3,-6,2,-6,1,-5,0,-5,-1,-5,-2,-5,-3,-5,-4,-6,-5,-6,-5,-7,-6,-7,-6,-8,-6,-8,-7,-8,0,0,-7,-9,-7,-9,-7,-9,-7,-10,-7,-10,-7,-11,-6,-11,-6,-11,-5,-11,-5,-10,-5,-10,-5,-10,-5,-9,-4,-9,-4,-9,-3,-9,-3,-9,-3,-9,-2,-8,-2,-8,-2,-7,-2,-7,-2,-7,-2,-6,-2,-6,-2,-6,0,0,0,0,0,0,0,0,0,0,0,0,0,0,-61,4,-63,5,-63,-2,-57,5,-59,0,-56,-2,-51,-3,-55,5,-51,3,-54,9,-49,9,-49,3,-45,5,-44,7,-43,3,-39,9,-34,5,-28,11,-27,10,-21,12,-16,21,-14,19,-10,28,-9,33,-9,37,-8,40,-14,39,-9,49,-11,48,-14,51,-15,52,-13,54,-16,52,-15,58,-16,52,-17,55,-21,58,-21,58,-27,58,-23,53,-22,53,-24,48,-25,47,-28,51,-24,51,-21,49,-25,44,-24,44,-26,39,-25,35,-27,30,-26,30,-21,25,-19,26,-15,31,-15,29,-21,28,0,0,0,0,0,0,0,0,0,0,0,0,0,0,0,0,0,0,0,0,0,0,40,-35,47,-33,48,-26,52,-23,51,-23,54,-23,45,-26,50,-20,56,-22,57,-27,62,-22,59,-17,69,-18,63,-16,63,-10,59,-10,63,-11,64,-10,64,-12,67,-7,67,-4,63,-2,57,-4,51,-9,52,-7,51,-11,50,-11,44,-12,42,-12,43,-17,39,-20,40,-24,43,-27,44,-24,37,-30,42,-31,34,-31,37,-36,34,-31,32,-39,34,-36,27,-37,32,-42,29,-43,30,-45,27,-43,27,-42,23,-43,22,-42,16,-40,14,-41,10,-49,7,-46,2,-47,5,-52,-4,-54,-3,-60,0,0]",1
CSI_DATA,62602,1a:00:00:00:00:00,-37,11,1,0,1,1,1,0,0,0,1,-97,0,11,2,840546019,0,44,0,384,0,"[0,0,0,0,0,0,0,0,0,0,0,0,-9,6,-9,6,-9,6,-9,6,-8,6,-8,6,-8,6,-8,6,-7,5,-7,5,-6,5,-6,5,-5,4,-4,4,-3,4,-2,4,-1,4,0,4,1,4,2,5,2,6,2,7,2,7,3,8,3,8,3,8,0,0,3,9,4,9,4,10,4,10,3,11,3,11,2,11,2,11,1,11,1,10,1,10,1,10,1,9,1,9,0,9,0,9,0,9,0,8,-1,8,-1,7,-1,7,-1,6,-1,6,-1,6,-1,5,-1,5,0,0,0,0,0,0,0,0,0,0,0,0,0,0,59,2,63,12,54,6,56,2,60,10,59,9,53,9,58,6,53,7,51,0,55,3,47,2,51,2,44,-4,41,-2,37,-4,33,-4,27,-6,23,-8,20,-11,20,-15,16,-20,16,-26,14,-31,13,-36,14,-38,14,-43,16,-40,21,-47,14,-51,14,-47,18,-58,20,-54,14,-58,20,-57,22,-54,27,-56,29,-55,33,-55,35,-52,36,-47,32,-48,33,-48,29,-50,32,-38,32,-40,34,-45,35,-37,33,-37,30,-28,32,-31,32,-25,25,-22,20,-23,21,-25,17,-20,22,-22,0,0,0,0,0,0,0,0,0,0,0,0,0,0,0,0,0,0,0,0,0,0,-48,24,-49,27,-44,23,-50,19,-50,19,-53,17,-51,16,-50,14,-55,16,-60,19,-61,14,-66,13,-67,14,-68,9,-65,6,-65,7,-69,5,-62,6,-66,5,-68,4,-64,5,-61,0,-57,0,-52,-1,-57,1,-54,8,-51,9,-49,4,-47,11,-47,13,-44,17,-45,17,-42,21,-46,23,-44,27,-43,30,-42,28,-37,31,-43,32,-44,32,-36,40,-34,37,-37,39,-34,40,-39,44,-36,45,-30,43,-28,39,-28,40,-24,39,-23,41,-21,45,-15,47,-11,47,-11,58,-7,60,-13,53,0,0]",1
CSI_DATA,62603,1a:00:00:00:00:00,-37,11,1,0,1,1,1,0,0,0,1,-97,0,11,2,840556021,0,44,0,384,0,"[0,0,0,0,0,0,0,0,0,0,0,0,10,-2,10,-2,10,-2,9,-2,9,-2,9,-2,8,-2,8,-2,8,-2,7,-2,7,-2,6,-3,6,-2,5,-3,4,-3,3,-4,2,-4,2,-5,1,-6,1,-6,1,-7,0,-8,1,-8,1,-9,0,-9,0,-10,0,0,0,-10,0,-11,0,-11,0,-11,1,-12,2,-13,2,-12,3,-12,3,-12,3,-11,3,-11,3,-10,3,-10,3,-10,3,-9,3,-9,3,-9,3,-9,4,-8,4,-7,4,-7,3,-7,3,-6,3,-6,3,-6,3,-6,0,0,0,0,0,0,0,0,0,0,0,0,0,0,-43,-49,-46,-51,-39,-42,-40,-44,-42,-39,-43,-41,-36,-41,-40,-41,-39,-34,-38,-31,-41,-33,-41,-30,-37,-31,-38,-27,-30,-24,-32,-22,-33,-21,-25,-13,-29,-9,-29,-2,-25,5,-26,5,-29,13,-32,15,-34,17,-34,19,-35,25,-43,26,-43,29,-40,29,-44,33,-46,33,-47,29,-49,34,-48,37,-55,37,-52,30,-56,30,-60,29,-58,29,-60,23,-53,26,-58,22,-53,20,-56,17,-50,22,-50,16,-50,14,-51,17,-46,7,-44,9,-39,8,-39,8,-34,4,-30,8,-34,9,-41,5,0,0,0,0,0,0,0,0,0,0,0,0,0,0,0,0,0,0,0,0,0,0,48,10,49,9,43,20,49,23,46,22,46,20,48,28,46,23,51,24,50,21,53,27,56,33,53,35,51,36,52,41,47,39,49,37,48,37,47,34,47,39,45,39,43,41,40,34,42,30,38,28,39,29,42,25,44,23,41,19,44,18,43,15,44,14,43,14,48,8,47,6,52,4,49,7,52,2,50,0,48,-6,50,-4,50,-9,53,-12,54,-12,52,-11,56,-16,54,-16,46,-15,49,-17,48,-15,44,-19,44,-26,44,-29,44,-28,44,-35,42,-36,41,-43,0,0]",1
CSI_DATA,62604,1a:00:00:00:00:00,-37,11,1,0,1,1,1,0,0,0,1,-97,0,11,2,840576029,0,44,0,384,0,"[0,0,0,0,0,0,0,0,0,0,0,0,9,6,8,5,9,5,8,5,8,5,8,4,7,4,7,4,7,3,7,3,7,2,6,2,6,1,5,1,5,0,5,-1,5,-2,4,-3,5,-4,5,-5,6,-5,6,-6,6,-6,6,-6,7,-7,6,-7,0,0,7,-7,7,-8,7,-8,8,-9,8,-9,9,-9,10,-8,10,-8,10,-7,9,-7,9,-7,9,-7,9,-6,9,-6,9,-6,9,-5,9,-5,8,-5,8,-4,8,-4,8,-3,7,-3,7,-3,7,-3,7,-3,7,-3,0,0,0,0,0,0,0,0,0,0,0,0,0,0,-18,-64,-6,-64,-18,-62,-9,-56,-15,-59,-12,-56,-14,-55,-17,-54,-14,-57,-13,-49,-17,-44,-16,-42,-20,-40,-18,-41,-19,-36,-20,-33,-21,-33,-23,-26,-20,-23,-18,-14,-27,-17,-29,-6,-33,-7,-36,-6,-40,-5,-48,-4,-45,1,-50,-8,-45,-1,-53,0,-51,3,-52,2,-51,5,-56,3,-57,3,-64,1,-65,-1,-68,-10,-71,-9,-65,-11,-62,-13,-62,-8,-62,-10,-59,-9,-58,-12,-58,-12,-53,-18,-49,-15,-48,-17,-43,-24,-45,-17,-42,-18,-42,-20,-37,-18,-37,-16,-37,-13,-39,-18,0,0,0,0,0,0,0,0,0,0,0,0,0,0,0,0,0,0,0,0,0,0,41,33,37,36,37,36,37,42,33,40,35,40,35,40,36,46,33,50,36,47,38,51,38,52,36,56,31,60,31,60,29,56,28,60,28,59,23,63,24,61,18,64,13,58,17,59,20,51,21,47,22,44,21,43,25,44,27,36,31,35,30,33,32,43,34,35,36,36,38,30,37,33,43,27,40,25,39,25,43,23,42,22,46,17,49,18,48,17,45,17,50,22,51,9,47,12,52,11,49,1,50,1,57,-2,52,3,52,-8,59,-10,53,-9,58,-7,0,0]",1
CSI_DATA,62605,1a:00:00:00:00:00,-37,11,1,0,1,1,1,0,0,0,1,-97,0,11,2,840586023,0,44,0,384,0,"[0,0,0,0,0,0,0,0,0,0,0,0,-7,-9,-7,-9,-7,-8,-7,-8,-7,-8,-7,-7,-7,-7,-7,-7,-6,-6,-6,-6,-6,-5,-6,-5,-5,-4,-5,-3,-5,-2,-5,-1,-6,0,-6,0,-6,1,-7,2,-8,2,-8,2,-9,2,-9,3,-9,2,-9,3,0,0,-10,3,-10,3,-10,4,-10,4,-11,3,-11,3,-12,3,-12,2,-12,2,-11,2,-11,2,-11,1,-11,1,-11,1,-11,1,-11,1,-10,0,-10,0,-9,0,-9,0,-9,-1,-8,-1,-8,0,-8,0,-8,-1,-8,-1,0,0,0,0,0,0,0,0,0,0,0,0,0,0,-28,60,-19,64,-16,57,-15,56,-13,61,-16,51,-13,55,-10,51,-9,52,-10,42,-7,47,-5,46,-4,44,-4,39,-4,38,-1,38,7,31,4,31,7,26,11,21,20,22,22,20,24,19,31,20,33,19,41,23,43,25,40,27,42,23,41,27,41,27,41,26,48,28,46,27,53,26,48,33,49,31,49,37,54,35,46,36,46,37,44,37,45,38,45,38,40,37,40,40,34,34,37,42,28,38,27,33,25,33,21,34,23,33,22,35,23,29,21,31,25,32,0,0,0,0,0,0,0,0,0,0,0,0,0,0,0,0,0,0,0,0,0,0,-32,-41,-30,-43,-24,-44,-22,-51,-23,-49,-22,-48,-18,-46,-17,-51,-25,-58,-16,-58,-13,-60,-14,-64,-12,-65,-13,-65,-6,-64,-9,-67,-8,-67,-3,-69,-3,-62,-1,-66,3,-65,4,-62,5,-60,2,-54,1,-54,0,-49,-4,-50,-5,-46,-9,-46,-7,-43,-14,-45,-16,-42,-19,-43,-17,-44,-21,-46,-21,-42,-21,-45,-25,-47,-28,-41,-33,-41,-29,-33,-35,-35,-32,-33,-40,-34,-34,-30,-37,-37,-37,-31,-37,-26,-43,-29,-47,-25,-49,-22,-45,-21,-47,-19,-53,-20,-51,-18,-54,-19,-52,-19,0,0]",1
CSI_DATA,62606,1a:00:00:00:00:00,-37,11,1,0,1,1,1,0,0,0,1,-97,0,11,2,840596046,0,44,0,384,0,"[0,0,0,0,0,0,0,0,0,0,0,0,1,10,1,10,1,9,1,9,1,9,1,9,1,8,1,8,1,8,1,7,1,7,2,6,2,5,2,4,2,4,3,3,3,2,4,2,5,1,6,1,7,1,8,1,8,2,8,2,9,2,9,2,0,0,9,2,9,2,9,2,10,2,10,2,10,3,10,3,10,4,9,4,9,4,9,4,9,4,8,4,8,4,8,4,8,5,7,4,7,5,6,5,6,5,5,5,5,4,5,4,5,3,5,4,5,4,0,0,0,0,0,0,0,0,0,0,0,0,0,0,44,-45,47,-48,39,-49,34,-45,29,-46,33,-45,31,-47,33,-46,32,-39,27,-43,25,-37,22,-36,27,-43,21,-33,14,-35,14,-36,11,-30,4,-28,7,-25,2,-27,-6,-25,-11,-30,-16,-28,-19,-30,-25,-36,-25,-36,-25,-40,-27,-43,-24,-45,-26,-42,-24,-45,-25,-47,-25,-45,-27,-48,-30,-44,-28,-52,-28,-54,-26,-56,-27,-57,-24,-51,-18,-54,-24,-53,-17,-54,-21,-55,-20,-52,-11,-51,-10,-47,-13,-49,-5,-46,-4,-41,-7,-42,-2,-35,-3,-39,-2,-35,-7,-34,-11,-33,-5,-34,0,0,0,0,0,0,0,0,0,0,0,0,0,0,0,0,0,0,0,0,0,0,20,44,15,44,12,49,6,52,8,51,3,49,5,51,3,53,3,54,2,57,0,63,-10,61,-7,66,-6,64,-8,61,-13,62,-8,61,-10,63,-16,62,-19,61,-20,58,-22,58,-17,48,-15,51,-16,49,-10,49,-9,47,-7,48,-5,48,0,46,-3,45,4,45,3,45,1,48,2,49,10,46,8,49,16,49,12,50,17,45,16,44,19,44,22,47,24,45,22,45,21,47,29,44,29,42,31,38,30,38,30,40,40,34,42,38,36,33,46,34,43,39,45,38,0,0]",1
CSI_DATA,62607,1a:00:00:00:00:00,-36,11,1,0,1,1,1,0,0,0,1,-97,0,11,2,840626030,0,44,0,384,0,"[0,0,0,0,0,0,0,0,0,0,0,0,9,-5,9,-5,8,-5,9,-5,8,-5,8,-5,8,-5,7,-5,7,-4,6,-4,6,-5,5,-5,5,-4,4,-4,4,-5,2,-6,2,-6,1,-6,1,-7,1,-8,1,-8,1,-9,1,-9,1,-10,1,-10,1,-10,0,0,1,-10,1,-10,1,-11,1,-11,1,-12,2,-12,3,-12,3,-11,3,-11,3,-10,3,-10,3,-10,3,-10,4,-10,4,-9,4,-9,4,-8,4,-8,5,-8,4,-7,4,-6,4,-6,4,-6,4,-6,4,-6,4,-6,0,0,0,0,0,0,0,0,0,0,0,0,0,0,-63,-24,-59,-25,-55,-23,-58,-24,-53,-20,-54,-23,-54,-22,-54,-22,-49,-19,-54,-16,-48,-15,-50,-16,-47,-16,-42,-11,-44,-9,-40,-7,-37,-4,-33,0,-33,2,-30,6,-34,12,-30,18,-31,19,-36,22,-35,24,-37,28,-38,28,-42,29,-39,29,-43,33,-41,32,-44,36,-41,35,-42,41,-44,38,-45,34,-51,32,-54,37,-54,29,-53,31,-50,25,-54,29,-56,23,-50,28,-49,23,-50,18,-49,17,-49,17,-50,15,-48,11,-46,7,-40,11,-35,8,-34,6,-40,4,-37,6,-36,3,0,0,0,0,0,0,0,0,0,0,0,0,0,0,0,0,0,0,0,0,0,0,36,-32,42,-28,37,-26,43,-22,42,-21,43,-20,46,-20,51,-22,53,-26,52,-25,58,-21,57,-17,61,-18,60,-18,62,-16,59,-11,62,-12,60,-8,61,-11,60,-9,58,-5,58,-3,52,0,49,-7,47,-8,49,-9,44,-9,49,-14,41,-9,44,-14,42,-17,44,-17,41,-25,46,-23,42,-26,42,-26,41,-26,41,-30,43,-31,40,-38,39,-35,36,-39,39,-37,40,-44,37,-40,37,-36,34,-40,36,-39,34,-40,33,-41,27,-41,25,-50,25,-50,22,-49,22,-57,20,-56,25,-57,0,0]",1
CSI_DATA,62608,1a:00:00:00:00:00,-36,11,1,0,1,1,1,0,0,0,1,-97,0,11,2,840636024,0,44,0,384,0,"[0,0,0,0,0,0,0,0,0,0,0,0,-11,0,-11,1,-11,1,-11,1,-10,1,-10,1,-10,1,-9,1,-9,1,-8,1,-8,2,-7,1,-7,2,-6,2,-5,3,-5,4,-4,4,-4,5,-4,6,-4,7,-4,7,-5,8,-5,8,-5,8,-5,8,-5,8,0,0,-5,9,-5,9,-5,9,-5,10,-5,10,-6,10,-7,10,-7,9,-7,9,-7,9,-7,8,-7,8,-7,8,-7,8,-7,7,-7,7,-7,7,-7,6,-7,5,-7,5,-7,4,-7,4,-6,4,-6,4,-6,4,-7,4,0,0,0,0,0,0,0,0,0,0,0,0,0,0,34,48,34,50,35,51,34,43,36,46,36,46,35,41,31,41,29,36,37,39,34,34,31,34,33,30,33,28,27,26,29,24,29,18,29,14,31,11,32,8,34,0,35,-1,38,-4,41,-7,45,-6,46,-7,50,-8,53,-4,51,-6,55,-5,53,-7,53,-12,53,-11,55,-11,55,-8,60,-11,59,-11,61,-7,62,-2,63,-1,60,0,57,0,57,6,55,0,55,4,51,1,52,8,52,10,47,3,42,8,42,11,41,13,39,8,39,13,35,8,38,9,35,12,0,0,0,0,0,0,0,0,0,0,0,0,0,0,0,0,0,0,0,0,0,0,-47,5,-50,-1,-49,-6,-47,-7,-48,-8,-46,-6,-46,-6,-51,-8,-55,-10,-57,-9,-60,-15,-60,-20,-61,-20,-59,-27,-55,-26,-56,-25,-59,-26,-56,-29,-51,-29,-48,-31,-47,-28,-45,-32,-43,-27,-42,-25,-41,-24,-41,-20,-41,-22,-43,-17,-41,-14,-44,-15,-46,-8,-49,-4,-47,-4,-50,-5,-50,1,-54,-1,-50,0,-51,0,-52,6,-50,4,-52,7,-51,9,-54,10,-55,11,-56,14,-46,17,-55,13,-50,17,-53,19,-47,20,-53,22,-48,25,-47,25,-44,30,-51,29,-48,32,-53,30,0,0]",1
CSI_DATA,62609,1a:00:00:00:00:00,-36,11,1,0,1,1,1,0,0,0,1,-97,0,11,2,840656027,0,44,0,384,0,"[0,0,0,0,0,0,0,0,0,0,0,0,-7,-10,-7,-10,-7,-9,-6,-9,-6,-9,-6,-8,-6,-8,-5,-8,-5,-7,-6,-6,-6,-6,-5,-5,-5,-4,-5,-3,-5,-2,-6,-1,-6,0,-6,1,-7,1,-8,2,-9,2,-10,2,-10,2,-10,2,-11,2,-11,2,0,0,-11,2,-11,2,-12,3,-12,3,-12,3,-13,2,-13,1,-13,1,-12,0,-12,0,-12,1,-11,1,-11,1,-11,0,-11,0,-11,0,-11,0,-10,-1,-10,-2,-9,-2,-9,-2,-8,-2,-8,-1,-8,-1,-8,-1,-8,-2,0,0,0,0,0,0,0,0,0,0,0,0,0,0,-9,69,-13,60,-15,65,-7,63,-10,59,-6,61,-6,60,-5,55,-7,55,-4,49,0,49,-1,47,-4,42,4,35,4,38,3,35,10,31,12,29,15,24,17,20,25,19,28,19,35,18,39,18,41,21,48,25,47,23,46,24,49,25,52,24,51,29,52,24,51,24,60,26,57,26,61,29,61,33,57,34,55,38,57,34,45,33,51,32,47,36,51,37,47,36,43,30,42,37,41,37,41,36,31,33,33,34,28,34,23,32,27,31,28,28,30,30,27,31,0,0,0,0,0,0,0,0,0,0,0,0,0,0,0,0,0,0,0,0,0,0,-25,-35,-29,-44,-25,-39,-19,-44,-22,-46,-25,-42,-15,-46,-24,-43,-22,-49,-19,-51,-16,-50,-18,-56,-18,-59,-14,-59,-14,-61,-14,-58,-17,-59,-12,-58,-14,-61,-14,-60,-7,-57,-2,-58,-11,-49,-7,-51,-14,-49,-16,-45,-15,-47,-19,-51,-19,-44,-24,-41,-25,-39,-25,-42,-28,-40,-28,-46,-29,-40,-34,-42,-31,-40,-39,-36,-34,-39,-39,-39,-42,-40,-41,-30,-44,-34,-47,-32,-43,-29,-47,-27,-49,-28,-44,-25,-51,-28,-49,-22,-54,-22,-53,-21,-49,-20,-51,-10,-53,-13,-60,-11,-54,-12,0,0]",1
CSI_DATA,62610,1a:00:00:00:00:00,-36,11,1,0,1,1,1,0,0,0,1,-97,0,11,2,840666014,0,44,0,384,0,"[0,0,0,0,0,0,0,0,0,0,0,0,1,11,1,11,1,10,1,10,1,10,1,10,1,9,1,9,1,8,1,7,1,7,2,6,2,5,2,4,3,4,4,3,4,2,5,1,6,1,7,1,8,1,9,1,9,2,10,1,10,2,10,2,0,0,10,2,11,2,11,1,12,2,12,2,12,3,12,3,12,4,11,4,11,4,10,4,10,4,10,4,9,4,9,4,9,4,9,4,8,4,7,4,7,4,6,4,6,4,6,4,6,3,6,4,6,3,0,0,0,0,0,0,0,0,0,0,0,0,0,0,42,-54,41,-53,42,-52,40,-47,37,-46,40,-47,35,-48,39,-47,31,-40,32,-40,29,-37,26,-41,23,-40,16,-34,18,-34,13,-36,10,-34,7,-32,2,-30,-1,-28,-13,-29,-13,-28,-20,-31,-22,-34,-25,-34,-31,-45,-27,-40,-30,-47,-33,-46,-34,-48,-32,-47,-35,-53,-32,-52,-36,-50,-35,-50,-37,-59,-37,-57,-31,-62,-30,-64,-25,-60,-24,-53,-28,-57,-24,-57,-23,-53,-20,-57,-22,-51,-16,-52,-18,-53,-14,-51,-9,-49,-7,-47,-7,-39,-7,-40,-8,-39,-8,-40,-9,-38,-8,-41,0,0,0,0,0,0,0,0,0,0,0,0,0,0,0,0,0,0,0,0,0,0,-1,45,-7,47,-6,46,-9,49,-9,43,-5,45,-8,45,-11,47,-12,49,-13,51,-14,52,-17,51,-21,52,-22,51,-22,53,-22,49,-22,55,-24,51,-24,54,-25,49,-23,48,-23,46,-23,44,-22,43,-20,43,-17,42,-15,43,-11,53,-9,41,-4,47,-4,48,-2,48,-1,48,-2,50,2,47,3,52,3,47,4,49,11,46,13,53,14,51,17,41,22,50,18,46,23,50,26,48,23,47,20,46,30,48,27,49,30,44,32,42,38,44,34,38,42,44,47,43,40,42,0,0]",1
CSI_DATA,62611,1a:00:00:00:00:00,-36,11,1,0,1,1,1,0,0,0,1,-97,0,11,2,840686014,0,44,0,384,0,"[0,0,0,0,0,0,0,0,0,0,0,0,-10,7,-10,6,-10,6,-9,6,-9,6,-8,6,-8,5,-8,5,-8,5,-7,5,-7,5,-6,5,-5,4,-4,4,-3,4,-2,5,-1,5,-1,6,0,6,1,7,1,7,1,8,1,9,2,9,1,9,2,9,0,0,2,10,2,11,2,10,3,11,2,11,1,12,1,12,0,12,0,12,0,12,0,11,-1,11,-1,11,-1,10,-1,10,-2,9,-2,10,-2,9,-2,8,-3,8,-2,7,-2,7,-2,7,-2,6,-2,7,-2,6,0,0,0,0,0,0,0,0,0,0,0,0,0,0,70,5,61,7,65,5,66,5,61,6,66,5,58,4,61,6,46,3,56,1,51,3,53,0,51,1,41,-3,47,-2,36,-7,31,-9,32,-7,27,-9,21,-16,25,-26,21,-27,17,-34,23,-39,22,-40,22,-46,23,-47,21,-45,22,-52,26,-52,22,-55,29,-60,25,-51,26,-58,28,-58,30,-62,28,-55,32,-58,35,-57,42,-54,40,-52,38,-49,39,-46,34,-49,43,-46,35,-43,42,-37,38,-41,37,-37,39,-29,35,-30,36,-23,31,-29,27,-22,27,-25,25,-25,30,-25,0,0,0,0,0,0,0,0,0,0,0,0,0,0,0,0,0,0,0,0,0,0,-37,24,-46,24,-40,18,-48,15,-42,15,-46,22,-45,14,-47,19,-53,17,-49,22,-56,9,-56,12,-56,10,-60,10,-59,6,-49,5,-55,5,-53,7,-57,10,-59,3,-55,4,-51,4,-45,4,-41,7,-42,9,-45,12,-41,14,-41,15,-37,17,-40,24,-37,21,-46,27,-41,26,-43,29,-40,29,-40,30,-39,29,-34,32,-36,33,-32,38,-30,39,-29,39,-30,45,-32,43,-22,46,-27,50,-25,50,-23,47,-19,44,-16,47,-13,49,-16,52,-10,58,-9,51,-4,57,-8,61,-7,54,0,0]",1
CSI_DATA,62612,1a:00:00:00:00:00,-36,11,1,0,1,1,1,0,0,0,1,-97,0,11,2,840696035,0,44,0,384,0,"[0,0,0,0,0,0,0,0,0,0,0,0,11,-1,11,-1,10,-1,11,-1,10,-1,9,-1,9,-1,9,-1,8,-1,8,-1,7,-2,6,-2,6,-2,5,-3,4,-3,4,-4,3,-5,3,-6,3,-7,3,-8,3,-8,4,-9,4,-9,4,-10,4,-10,3,-10,0,0,4,-10,4,-10,4,-11,5,-11,5,-12,6,-11,6,-11,6,-11,7,-11,7,-10,6,-10,7,-10,7,-9,7,-9,7,-8,7,-8,7,-8,7,-7,7,-6,6,-6,6,-5,6,-5,5,-5,5,-5,5,-5,5,-5,0,0,0,0,0,0,0,0,0,0,0,0,0,0,-42,-42,-48,-48,-45,-41,-50,-49,-42,-48,-43,-43,-42,-44,-44,-39,-44,-38,-39,-41,-39,-29,-34,-34,-39,-29,-39,-26,-35,-26,-33,-20,-32,-19,-31,-13,-32,-7,-37,-3,-35,2,-33,4,-40,12,-39,12,-47,9,-51,12,-48,14,-51,13,-56,12,-55,18,-57,14,-59,20,-57,15,-53,24,-57,28,-63,18,-65,20,-67,18,-67,12,-72,9,-67,7,-70,3,-62,-1,-61,0,-59,-2,-56,0,-56,-3,-56,-6,-51,-5,-48,-9,-45,-3,-40,-5,-39,-6,-40,-10,-35,-9,-42,-8,-40,-4,0,0,0,0,0,0,0,0,0,0,0,0,0,0,0,0,0,0,0,0,0,0,47,1,45,3,46,9,42,9,46,15,47,11,47,11,49,14,50,12,53,20,51,24,51,22,54,31,50,28,49,31,46,26,48,26,49,28,48,25,45,27,46,27,43,28,37,29,36,23,36,22,33,16,36,21,36,18,41,13,42,9,41,5,43,6,43,1,47,6,49,-2,48,0,48,2,41,0,47,-1,53,-8,44,-14,45,-10,44,-10,42,-17,43,-15,46,-22,45,-19,41,-21,43,-25,40,-22,40,-26,42,-31,42,-34,40,-36,39,-34,38,-40,41,-45,0,0]",1
CSI_DATA,62613,1a:00:00:00:00:00,-36,11,1,0,1,1,1,0,0,0,1,-97,0,11,2,840706012,0,44,0,384,0,"[0,0,0,0,0,0,0,0,0,0,0,0,-12,-4,-12,-4,-11,-4,-11,-4,-11,-4,-11,-4,-10,-3,-10,-3,-9,-3,-9,-2,-8,-2,-8,-2,-7,-1,-7,0,-6,1,-6,2,-6,3,-6,4,-6,5,-7,6,-7,6,-8,7,-8,7,-8,7,-9,7,-9,8,0,0,-9,8,-9,8,-9,8,-9,8,-10,8,-10,8,-11,8,-11,7,-11,7,-11,7,-10,7,-11,6,-11,6,-10,6,-10,5,-10,5,-10,4,-10,4,-9,3,-9,2,-9,2,-8,2,-8,2,-8,3,-8,2,-8,2,0,0,0,0,0,0,0,0,0,0,0,0,0,0,14,60,15,56,16,54,15,60,14,59,14,59,11,56,11,54,19,48,15,48,14,47,15,48,19,44,17,40,16,32,18,31,17,27,22,24,26,20,24,16,32,10,38,11,42,8,46,6,46,9,54,9,53,9,52,11,53,14,55,9,57,11,61,13,56,10,60,8,60,13,62,14,63,13,61,17,60,22,66,20,55,25,55,20,59,25,59,26,56,24,49,23,49,23,49,28,42,26,38,22,38,31,34,25,35,25,32,22,26,24,33,20,30,26,0,0,0,0,0,0,0,0,0,0,0,0,0,0,0,0,0,0,0,0,0,0,-38,-28,-37,-32,-35,-32,-32,-34,-33,-34,-30,-35,-31,-36,-35,-38,-35,-40,-37,-43,-32,-50,-33,-50,-29,-53,-28,-52,-24,-52,-29,-49,-21,-54,-27,-51,-21,-49,-18,-51,-14,-55,-19,-49,-14,-45,-22,-39,-22,-38,-23,-40,-26,-34,-24,-35,-27,-31,-30,-31,-35,-28,-33,-26,-33,-30,-36,-28,-35,-27,-35,-29,-33,-26,-40,-27,-36,-23,-40,-22,-43,-19,-43,-15,-46,-13,-43,-15,-48,-10,-47,-13,-44,-10,-39,-8,-48,-3,-48,-3,-48,-3,-47,12,-50,10,-46,8,-52,13,-57,17,-55,18,0,0]",1
CSI_DATA,62614,1a:00:00:00:00:00,-36,11,1,0,1,1,1,0,0,0,1,-97,0,11,2,840718921,0,44,0,384,0,"[0,0,0,0,0,0,0,0,0,0,0,0,7,-10,7,-9,7,-9,6,-9,6,-9,6,-8,5,-8,5,-8,5,-7,4,-7,4,-7,3,-7,2,-6,1,-6,0,-6,-1,-6,-3,-7,-3,-7,-4,-7,-5,-8,-5,-9,-5,-10,-6,-10,-6,-11,-5,-11,-6,-11,0,0,-6,-11,-6,-11,-7,-11,-6,-12,-6,-12,-6,-13,-5,-13,-5,-13,-4,-12,-4,-12,-4,-12,-4,-12,-4,-12,-4,-11,-4,-12,-3,-11,-3,-11,-2,-10,-2,-10,-2,-9,-2,-9,-2,-9,-2,-8,-2,-8,-2,-8,-2,-8,0,0,0,0,0,0,0,0,0,0,0,0,0,0,-62,-3,-63,5,-63,2,-65,3,-60,3,-62,5,-59,3,-61,1,-53,6,-51,6,-48,8,-42,5,-43,5,-41,10,-40,9,-36,9,-31,12,-31,14,-26,20,-20,24,-19,30,-18,36,-15,39,-10,42,-19,46,-16,51,-23,53,-24,53,-26,59,-20,57,-24,59,-25,59,-24,56,-20,59,-28,64,-26,65,-27,61,-29,63,-32,59,-33,61,-36,56,-32,51,-33,49,-31,54,-33,49,-33,48,-38,45,-35,48,-34,42,-32,34,-37,35,-32,30,-29,30,-28,29,-25,31,-25,29,-33,28,0,0,0,0,0,0,0,0,0,0,0,0,0,0,0,0,0,0,0,0,0,0,39,-20,43,-21,38,-18,44,-15,43,-16,41,-17,42,-17,48,-22,46,-14,51,-16,56,-14,59,-10,55,-7,60,-6,56,-9,51,-4,60,-6,55,-6,56,-8,50,0,48,-3,50,-3,43,3,42,-3,41,-1,38,-6,42,-13,39,-12,40,-17,35,-19,37,-18,34,-22,33,-24,35,-28,40,-27,32,-29,37,-28,33,-29,38,-30,34,-32,28,-34,26,-33,29,-36,22,-37,23,-36,21,-32,21,-38,16,-41,13,-44,11,-43,9,-40,14,-45,7,-49,5,-45,3,-55,-7,-58,0,-57,0,0]",1
CSI_DATA,62615,1a:00:00:00:00:00,-36,11,1,0,1,1,1,0,0,0,1,-97,0,11,2,840736030,0,44,0,384,0,"[0,0,0,0,0,0,0,0,0,0,0,0,-2,10,-2,10,-2,10,-2,9,-2,9,-2,9,-1,9,-1,8,-1,8,-1,8,0,7,0,7,1,6,1,5,2,5,3,5,4,5,5,5,6,5,7,5,7,6,8,6,8,7,9,7,9,7,9,7,0,0,9,8,9,8,10,8,10,9,9,9,9,10,9,11,8,10,7,10,7,10,7,9,6,9,6,9,6,9,5,9,5,9,5,9,4,8,3,8,3,7,3,7,3,7,3,7,3,6,3,7,3,7,0,0,0,0,0,0,0,0,0,0,0,0,0,0,48,-33,51,-28,53,-33,42,-32,42,-35,46,-33,45,-32,44,-34,38,-29,37,-31,37,-33,34,-30,29,-32,25,-31,26,-31,18,-35,17,-32,15,-33,13,-33,2,-35,-3,-40,-6,-42,-10,-45,-9,-43,-4,-49,-9,-57,-8,-57,-13,-59,-13,-62,-11,-63,-16,-60,-15,-72,-13,-63,-13,-71,-14,-67,-12,-72,-5,-76,-3,-73,4,-74,4,-69,5,-64,1,-68,2,-67,2,-65,5,-63,4,-60,9,-61,9,-52,9,-57,13,-51,12,-47,11,-43,8,-42,7,-43,5,-44,3,-43,12,-44,0,0,0,0,0,0,0,0,0,0,0,0,0,0,0,0,0,0,0,0,0,0,-26,37,-32,33,-31,27,-34,28,-36,30,-34,30,-33,29,-37,33,-35,29,-41,33,-39,34,-40,30,-47,31,-45,32,-49,30,-42,27,-45,31,-47,27,-48,24,-45,24,-44,21,-43,23,-40,17,-36,24,-35,23,-34,28,-29,27,-30,31,-24,27,-23,29,-21,30,-25,37,-22,36,-20,37,-20,41,-18,44,-15,38,-18,41,-14,40,-10,42,-12,43,-5,40,-10,50,-7,47,-2,45,-5,47,-8,45,2,42,4,42,7,42,8,44,12,42,17,45,22,43,25,51,26,53,25,46,0,0]",1
CSI_DATA,62616,1a:00:00:00:00:00,-36,11,1,0,1,1,1,0,0,0,1,-97,0,11,2,840746042,0,44,0,384,0,"[0,0,0,0,0,0,0,0,0,0,0,0,6,-8,6,-8,6,-8,5,-8,5,-8,5,-8,4,-8,4,-8,3,-8,3,-8,2,-7,2,-7,1,-7,0,-7,-1,-7,-2,-7,-2,-7,-3,-8,-4,-8,-5,-9,-5,-9,-5,-10,-5,-11,-5,-11,-5,-11,-6,-11,0,0,-6,-12,-6,-12,-6,-12,-6,-13,-6,-13,-6,-14,-5,-14,-4,-14,-3,-14,-3,-14,-3,-13,-3,-13,-3,-12,-2,-12,-2,-12,-1,-12,-1,-11,-1,-10,0,-10,0,-9,0,-9,0,-9,-1,-9,-1,-8,-1,-8,-1,-8,0,0,0,0,0,0,0,0,0,0,0,0,0,0,-58,-8,-60,-9,-59,1,-57,-4,-54,-3,-54,-3,-51,-2,-53,-1,-47,1,-48,2,-51,6,-45,0,-44,9,-40,8,-39,9,-41,13,-38,16,-29,16,-26,21,-27,25,-25,32,-24,34,-25,38,-23,44,-25,46,-30,49,-27,48,-29,49,-31,56,-25,56,-32,54,-35,51,-31,59,-37,59,-36,63,-41,66,-43,62,-48,62,-50,57,-50,51,-55,46,-47,48,-49,43,-45,47,-48,43,-45,43,-46,38,-44,39,-47,30,-41,29,-42,25,-38,26,-35,23,-39,22,-34,24,-36,24,-36,19,0,0,0,0,0,0,0,0,0,0,0,0,0,0,0,0,0,0,0,0,0,0,43,-23,42,-23,44,-20,44,-17,45,-16,37,-13,40,-17,40,-15,45,-13,48,-14,50,-14,51,-16,54,-13,49,-12,51,-9,46,-9,50,-8,52,-6,54,-5,51,-4,52,-1,46,-2,44,-1,41,-5,40,-9,41,-10,39,-16,37,-12,35,-14,37,-20,33,-20,36,-19,36,-23,37,-25,33,-25,31,-28,33,-28,36,-27,32,-30,32,-33,33,-40,25,-35,27,-35,28,-42,27,-40,28,-38,22,-43,22,-36,24,-42,15,-43,12,-42,12,-48,10,-48,5,-49,6,-56,10,-57,10,-58,0,0]",1
CSI_DATA,62617,1a:00:00:00:00:00,-37,11,1,0,1,1,1,0,0,0,1,-97,0,11,2,840756029,0,44,0,384,0,"[0,0,0,0,0,0,0,0,0,0,0,0,-11,3,-10,3,-10,3,-9,3,-9,3,-8,3,-8,3,-8,3,-7,3,-7,4,-6,4,-6,4,-5,4,-4,4,-3,5,-2,6,-2,6,-2,7,-1,8,-1,9,-1,9,-1,10,-1,10,-1,11,-1,11,-1,11,0,0,-2,12,-1,12,-1,12,-2,13,-2,13,-3,14,-4,13,-4,13,-5,13,-5,12,-5,12,-5,11,-5,11,-5,11,-6,10,-5,10,-6,9,-5,9,-6,8,-5,7,-6,7,-5,7,-5,7,-4,7,-5,7,-5,6,0,0,0,0,0,0,0,0,0,0,0,0,0,0,51,42,48,38,52,33,44,32,45,34,45,33,41,32,40,33,41,25,44,23,41,20,37,16,37,19,38,10,32,11,33,7,34,4,32,-5,30,-10,30,-9,34,-15,36,-25,37,-26,39,-28,44,-29,46,-29,46,-34,50,-31,51,-31,47,-39,56,-38,50,-39,50,-36,54,-38,58,-38,58,-42,63,-37,66,-36,69,-33,69,-30,67,-25,63,-24,67,-20,63,-24,61,-17,58,-21,56,-9,58,-12,55,-10,55,-8,47,-11,45,-6,45,-7,36,-7,44,-9,39,-3,44,-6,0,0,0,0,0,0,0,0,0,0,0,0,0,0,0,0,0,0,0,0,0,0,-50,-6,-49,-5,-48,-9,-49,-12,-46,-16,-47,-11,-50,-13,-48,-13,-49,-14,-53,-16,-52,-19,-52,-19,-49,-20,-58,-26,-48,-24,-47,-25,-50,-24,-49,-23,-49,-23,-46,-30,-42,-24,-40,-24,-40,-20,-38,-19,-35,-18,-39,-12,-40,-11,-42,-7,-42,-8,-39,-10,-41,-4,-40,-1,-43,-4,-46,3,-43,2,-40,7,-41,5,-45,6,-43,9,-43,13,-42,16,-41,19,-43,20,-43,21,-43,21,-37,20,-37,21,-36,28,-44,27,-38,32,-32,29,-31,37,-31,36,-30,41,-31,45,-37,45,-38,52,0,0]",1
CSI_DATA,62618,1a:00:00:00:00:00,-37,11,1,0,1,1,1,0,0,0,1,-97,0,11,2,840766014,0,44,0,384,0,"[0,0,0,0,0,0,0,0,0,0,0,0,10,1,10,1,10,1,10,1,9,1,8,0,8,0,8,0,7,0,6,-1,6,-1,6,-2,5,-2,4,-3,4,-4,3,-5,3,-6,3,-7,3,-8,3,-8,3,-9,4,-9,4,-10,4,-10,4,-10,4,-11,0,0,4,-11,4,-11,4,-12,5,-12,5,-12,5,-13,6,-13,6,-12,7,-12,7,-11,7,-11,7,-11,7,-10,7,-10,7,-9,7,-9,6,-9,6,-8,6,-7,6,-7,6,-7,6,-6,5,-6,5,-6,6,-6,6,-6,0,0,0,0,0,0,0,0,0,0,0,0,0,0,-31,-62,-32,-56,-30,-57,-28,-57,-30,-51,-28,-52,-24,-49,-27,-49,-28,-42,-26,-46,-18,-37,-24,-36,-22,-32,-29,-27,-26,-26,-25,-17,-24,-18,-29,-10,-27,-5,-33,-2,-38,-3,-39,5,-44,8,-44,8,-47,7,-55,8,-52,12,-52,11,-55,13,-57,16,-58,13,-60,9,-59,17,-61,14,-64,16,-71,19,-66,12,-73,11,-67,6,-72,2,-67,2,-69,2,-70,1,-65,3,-66,-1,-63,-5,-59,-7,-60,-8,-54,-4,-51,-13,-51,-14,-47,-12,-45,-7,-44,-8,-45,-5,-44,-10,-46,-11,0,0,0,0,0,0,0,0,0,0,0,0,0,0,0,0,0,0,0,0,0,0,38,24,36,34,38,32,34,37,32,37,33,38,34,37,35,37,34,44,32,42,32,49,32,47,26,50,31,49,27,48,26,44,29,50,25,45,26,48,21,50,18,44,20,45,16,40,23,34,20,34,24,31,25,30,30,29,25,26,30,27,30,27,35,24,36,23,36,23,34,26,36,20,36,22,37,19,36,14,40,11,37,7,40,3,42,5,42,0,46,0,37,4,41,-6,43,-1,47,-7,44,-7,42,-16,42,-17,43,-19,41,-17,45,-28,50,-30,47,-32,0,0]",1
CSI_DATA,62619,1a:00:00:00:00:00,-37,11,1,0,1,1,1,0,0,0,1,-97,0,11,2,840776032,0,44,0,384,0,"[0,0,0,0,0,0,0,0,0,0,0,0,-10,-7,-9,-7,-9,-7,-8,-7,-8,-6,-8,-6,-8,-6,-7,-5,-7,-5,-7,-4,-7,-3,-6,-3,-6,-2,-6,-1,-6,0,-6,1,-6,2,-7,3,-7,4,-8,4,-8,5,-9,5,-9,5,-9,5,-10,5,-9,6,0,0,-10,6,-10,6,-10,7,-11,7,-11,7,-12,7,-12,6,-12,6,-12,6,-12,5,-12,5,-12,5,-11,4,-11,4,-11,4,-10,3,-11,3,-10,2,-10,2,-9,2,-9,2,-9,2,-9,2,-8,2,-9,2,-9,1,0,0,0,0,0,0,0,0,0,0,0,0,0,0,-1,59,5,57,4,55,4,59,5,62,5,57,4,53,6,55,4,48,6,52,5,46,1,42,9,40,12,38,9,29,14,33,15,24,18,20,20,18,24,12,30,13,32,10,41,8,42,8,47,9,48,14,51,13,50,9,56,11,59,9,55,11,56,12,58,8,60,12,64,13,66,14,66,14,65,21,65,20,65,24,66,21,61,23,61,26,61,28,55,28,54,23,54,26,51,25,44,26,41,24,40,26,36,24,37,24,40,23,35,20,38,25,38,24,0,0,0,0,0,0,0,0,0,0,0,0,0,0,0,0,0,0,0,0,0,0,-16,-46,-16,-47,-15,-49,-14,-49,-11,-47,-14,-50,-9,-49,-9,-54,-12,-56,-10,-54,-7,-60,-5,-58,-1,-58,-1,-59,2,-58,1,-55,1,-56,4,-60,6,-61,9,-53,9,-46,4,-49,5,-46,-1,-44,-1,-40,-3,-43,-3,-40,-9,-42,-10,-41,-15,-36,-15,-41,-16,-40,-20,-37,-17,-42,-20,-36,-22,-35,-22,-36,-29,-38,-26,-36,-23,-31,-30,-24,-30,-22,-31,-25,-37,-26,-38,-21,-30,-22,-36,-25,-34,-17,-39,-12,-38,-10,-40,-8,-48,-3,-50,-8,-42,-2,-53,4,-52,6,-51,7,0,0]",1
CSI_DATA,62620,1a:00:00:00:00:00,-37,11,1,0,1,1,1,0,0,0,1,-97,0,11,2,840786637,0,44,0,384,0,"[0,0,0,0,0,0,0,0,0,0,0,0,-6,8,-6,8,-6,8,-5,8,-5,8,-5,8,-5,7,-4,7,-4,6,-3,6,-2,6,-2,5,-1,5,0,5,1,5,2,5,3,5,4,6,5,6,5,7,6,8,6,8,6,9,6,9,6,9,6,9,0,0,7,9,7,9,8,9,8,9,8,10,7,10,7,11,7,11,6,11,6,10,6,10,6,10,6,10,5,10,5,10,4,10,4,9,4,9,3,9,3,8,3,8,3,7,3,7,3,7,3,7,3,7,0,0,0,0,0,0,0,0,0,0,0,0,0,0,53,-11,58,-15,54,-19,56,-10,54,-15,53,-11,48,-17,48,-17,49,-12,42,-15,44,-14,36,-14,38,-18,36,-16,35,-18,27,-19,25,-24,18,-25,15,-25,5,-30,9,-41,6,-44,10,-47,10,-50,9,-53,5,-59,6,-58,13,-60,12,-61,2,-59,9,-64,8,-65,9,-64,9,-66,10,-72,12,-69,14,-71,16,-71,17,-74,18,-73,20,-69,22,-63,22,-62,21,-67,23,-59,23,-64,26,-59,22,-59,22,-52,27,-51,21,-47,24,-42,24,-45,21,-41,18,-45,18,-44,23,-42,0,0,0,0,0,0,0,0,0,0,0,0,0,0,0,0,0,0,0,0,0,0,-43,23,-46,20,-47,17,-48,15,-48,17,-52,14,-52,17,-51,12,-52,16,-57,14,-62,10,-58,6,-65,8,-59,6,-61,-2,-61,2,-57,3,-55,-1,-59,-1,-59,-8,-57,-8,-55,-4,-50,-4,-42,0,-43,-2,-39,3,-38,8,-37,8,-38,15,-35,14,-36,16,-36,18,-36,23,-36,25,-40,21,-39,24,-35,24,-33,27,-33,28,-28,28,-28,29,-28,35,-25,37,-26,36,-19,32,-25,33,-22,34,-17,32,-15,38,-11,33,-5,37,0,37,1,37,4,48,3,46,4,52,16,47,0,0]",1
CSI_DATA,62621,1a:00:00:00:00:00,-38,11,1,0,1,1,1,0,0,0,1,-97,0,11,2,840806043,0,44,0,384,0,"[0,0,0,0,0,0,0,0,0,0,0,0,-8,5,-8,5,-8,5,-7,5,-7,5,-6,5,-6,5,-6,4,-5,4,-4,4,-4,4,-3,4,-2,4,0,4,0,4,2,5,3,6,3,6,4,7,4,8,4,9,4,10,4,11,4,11,4,11,4,11,0,0,4,11,4,11,4,11,4,11,4,11,4,12,3,12,3,12,3,12,2,11,3,11,3,10,3,10,2,10,2,10,2,10,2,9,1,9,1,9,0,8,0,8,1,7,1,7,1,7,1,7,1,7,0,0,0,0,0,0,0,0,0,0,0,0,0,0,53,19,53,16,48,8,53,13,49,14,49,15,47,11,47,11,41,10,42,6,35,2,34,1,35,1,31,-7,29,-4,27,-6,26,-12,22,-15,20,-26,15,-24,17,-37,18,-40,17,-49,25,-53,26,-53,23,-57,32,-54,33,-56,34,-54,32,-59,34,-61,34,-59,26,-54,33,-55,39,-56,35,-63,37,-57,36,-56,40,-57,44,-58,37,-50,39,-49,38,-47,36,-52,39,-50,35,-48,36,-43,41,-44,35,-37,33,-33,32,-32,32,-31,32,-34,27,-31,28,-33,27,-29,30,-36,0,0,0,0,0,0,0,0,0,0,0,0,0,0,0,0,0,0,0,0,0,0,-50,-3,-55,-10,-53,-8,-52,-10,-51,-9,-50,-10,-50,-12,-51,-8,-57,-11,-57,-10,-53,-20,-57,-25,-63,-22,-60,-23,-55,-29,-54,-23,-51,-23,-56,-25,-56,-26,-47,-30,-49,-28,-47,-29,-47,-26,-40,-22,-41,-21,-32,-18,-35,-14,-42,-11,-39,-7,-39,-2,-39,0,-40,-2,-46,-3,-45,4,-42,8,-43,7,-39,10,-39,15,-40,12,-36,18,-38,16,-35,22,-39,24,-41,25,-37,21,-33,23,-42,24,-29,26,-35,26,-27,29,-29,30,-23,33,-22,33,-20,36,-21,50,-16,48,-19,46,0,0]",1
CSI_DATA,62622,1a:00:00:00:00:00,-38,11,1,0,1,1,1,0,0,0,1,-97,0,11,2,840816025,0,44,0,384,0,"[0,0,0,0,0,0,0,0,0,0,0,0,10,-2,10,-2,9,-1,9,-1,8,-1,8,-1,7,-1,7,-2,6,-2,5,-2,5,-2,4,-3,3,-3,2,-3,1,-4,0,-6,0,-6,-1,-8,-1,-9,-1,-10,-1,-11,0,-12,0,-12,0,-13,1,-13,1,-13,0,0,1,-13,1,-13,1,-13,1,-14,1,-13,2,-13,2,-13,3,-12,3,-12,3,-11,2,-11,2,-11,2,-11,2,-11,2,-11,2,-10,2,-10,2,-9,2,-9,2,-8,2,-8,2,-8,1,-8,1,-8,2,-8,2,-8,0,0,0,0,0,0,0,0,0,0,0,0,0,0,-40,-44,-41,-43,-49,-34,-47,-37,-40,-30,-41,-36,-41,-35,-40,-31,-39,-26,-35,-24,-35,-19,-36,-20,-30,-21,-28,-13,-30,-13,-25,-5,-23,4,-22,3,-24,11,-20,15,-20,23,-25,30,-29,34,-35,41,-37,43,-44,44,-43,40,-50,42,-49,42,-44,38,-53,41,-52,44,-49,39,-47,49,-49,47,-49,52,-52,39,-55,38,-54,38,-55,39,-51,32,-50,38,-50,34,-47,36,-46,35,-45,34,-46,29,-43,31,-48,26,-42,26,-39,25,-34,23,-34,26,-37,24,-32,24,-34,20,-36,17,0,0,0,0,0,0,0,0,0,0,0,0,0,0,0,0,0,0,0,0,0,0,41,30,39,32,38,33,35,37,33,34,34,34,33,39,41,35,39,35,41,43,36,46,39,52,36,50,33,50,33,51,32,47,36,49,34,51,33,51,30,46,32,52,30,48,24,41,23,41,29,37,29,37,26,28,26,28,36,21,36,23,34,14,36,20,40,14,45,15,40,14,43,11,45,11,43,14,41,6,47,4,47,-1,43,-4,49,-6,52,-6,56,-9,43,-11,42,-11,46,-6,43,-11,44,-14,41,-15,33,-23,34,-27,32,-30,40,-32,36,-38,37,-38,0,0]",1
CSI_DATA,62623,1a:00:00:00:00:00,-38,11,1,0,1,1,1,0,0,0,1,-97,0,11,2,840826020,0,44,0,384,0,"[0,0,0,0,0,0,0,0,0,0,0,0,-9,-5,-9,-6,-9,-5,-9,-5,-8,-5,-8,-4,-8,-4,-7,-4,-7,-3,-6,-3,-6,-2,-5,-1,-5,-1,-4,0,-4,2,-4,3,-4,4,-4,5,-4,6,-5,7,-5,8,-6,8,-7,9,-7,9,-8,9,-8,9,0,0,-8,9,-8,9,-8,10,-8,10,-9,10,-10,9,-10,9,-10,8,-10,7,-9,7,-9,7,-8,7,-8,6,-8,6,-8,6,-8,6,-8,5,-7,5,-7,5,-7,5,-6,4,-6,4,-6,5,-5,5,-6,5,-6,5,0,0,0,0,0,0,0,0,0,0,0,0,0,0,4,55,15,42,21,49,12,47,16,50,18,52,16,44,16,47,13,43,14,41,14,43,14,34,14,34,13,30,19,27,14,17,23,12,18,4,22,4,26,-1,28,-5,35,-13,38,-13,41,-15,52,-13,50,-18,58,-17,64,-13,60,-10,63,-11,62,-20,65,-15,64,-16,70,-15,65,-12,72,-13,68,-12,68,-4,70,-6,65,-4,62,-2,63,-3,59,-1,55,-2,53,-4,53,-3,53,1,48,0,49,2,43,2,39,0,38,2,39,-3,39,-3,41,-3,37,-4,40,-1,0,0,0,0,0,0,0,0,0,0,0,0,0,0,0,0,0,0,0,0,0,0,-17,-42,-14,-51,-11,-50,-6,-50,-9,-46,-11,-50,-12,-52,-9,-55,-7,-58,-10,-54,-7,-59,-3,-63,-3,-58,-3,-58,0,-62,0,-57,-4,-58,-2,-57,-1,-61,-2,-57,6,-58,2,-56,1,-50,-3,-50,-3,-48,-6,-47,-9,-42,-9,-46,-15,-38,-17,-41,-18,-38,-23,-37,-25,-35,-25,-38,-29,-38,-29,-39,-32,-33,-28,-30,-33,-36,-35,-25,-40,-22,-39,-25,-47,-26,-45,-25,-45,-25,-47,-17,-49,-25,-41,-20,-42,-19,-41,-13,-41,-6,-49,-7,-45,-2,-44,5,-50,3,-54,11,-59,8,0,0]",1
CSI_DATA,62624,1a:00:00:00:00:00,-39,11,1,0,1,1,1,0,0,0,1,-97,0,11,2,840846066,0,44,0,384,0,"[0,0,0,0,0,0,0,0,0,0,0,0,4,-10,3,-10,3,-9,3,-9,3,-8,2,-8,2,-8,1,-7,1,-7,1,-6,1,-6,0,-5,-1,-4,-2,-3,-3,-3,-3,-1,-5,-1,-6,-1,-7,-1,-8,-1,-9,-1,-10,-2,-10,-2,-11,-2,-11,-2,-11,-2,0,0,-12,-2,-12,-2,-13,-2,-13,-1,-13,-2,-14,-3,-14,-4,-13,-4,-13,-4,-12,-5,-12,-4,-12,-4,-12,-4,-11,-4,-10,-4,-10,-4,-10,-4,-9,-4,-8,-4,-8,-4,-7,-3,-7,-3,-7,-2,-7,-2,-8,-2,-8,-2,0,0,0,0,0,0,0,0,0,0,0,0,0,0,-55,5,-55,6,-55,15,-51,11,-55,14,-47,12,-48,14,-46,11,-46,11,-40,13,-43,20,-35,18,-35,18,-32,14,-23,17,-20,11,-14,16,-10,14,0,14,12,18,7,20,16,25,18,29,22,31,23,42,23,35,28,48,28,47,24,47,31,48,29,49,31,50,30,56,35,53,35,59,35,58,32,63,31,65,28,70,24,61,23,65,23,60,21,65,19,60,19,54,19,60,14,54,13,55,12,47,10,45,11,42,10,30,11,40,14,35,15,38,18,35,15,36,0,0,0,0,0,0,0,0,0,0,0,0,0,0,0,0,0,0,0,0,0,0,48,-11,48,-9,44,-6,51,-4,53,-7,50,-7,54,-3,54,-2,59,-4,58,-5,63,-5,60,2,64,6,62,2,59,7,64,6,60,-1,61,2,60,5,60,4,57,8,51,8,52,6,50,-1,42,3,40,-7,38,-10,46,-10,42,-15,40,-15,39,-16,38,-16,37,-22,35,-27,39,-29,36,-29,31,-30,30,-36,29,-34,20,-35,23,-42,17,-46,16,-48,18,-53,18,-51,11,-60,16,-57,17,-53,12,-57,14,-53,14,-49,3,-50,4,-49,-3,-51,-10,-59,-10,-59,-8,-63,0,0]",1
CSI_DATA,62625,1a:00:00:00:00:00,-39,11,1,0,1,1,1,0,0,0,1,-97,0,11,2,840856044,0,44,0,384,0,"[0,0,0,0,0,0,0,0,0,0,0,0,-10,4,-9,5,-9,5,-9,4,-8,4,-7,4,-7,4,-7,4,-6,4,-5,4,-5,3,-4,3,-3,3,-2,2,-1,2,1,2,2,2,3,3,4,3,6,4,6,5,6,6,7,6,7,7,7,7,7,7,0,0,8,7,8,7,9,7,9,7,9,8,9,8,9,9,9,9,8,9,8,9,8,9,7,9,8,9,7,8,6,9,6,8,6,8,5,8,4,7,4,7,4,6,4,6,4,5,4,5,5,5,4,5,0,0,0,0,0,0,0,0,0,0,0,0,0,0,59,24,62,30,58,24,48,20,52,20,48,20,50,15,47,17,45,11,41,10,38,8,33,3,40,4,31,10,29,-2,26,0,19,-2,17,-10,11,-10,5,-16,1,-25,-4,-30,-5,-36,-3,-39,-3,-43,-1,-50,2,-53,0,-52,-4,-56,-3,-60,-5,-61,-6,-59,-5,-63,-7,-61,-10,-68,-7,-70,-4,-66,-2,-72,0,-76,0,-69,4,-67,7,-71,3,-66,1,-67,2,-64,2,-61,13,-64,10,-63,10,-56,10,-51,11,-46,9,-44,6,-40,6,-39,1,-40,1,-40,1,-41,0,0,0,0,0,0,0,0,0,0,0,0,0,0,0,0,0,0,0,0,0,0,-44,-25,-40,-31,-43,-28,-40,-32,-41,-32,-41,-34,-43,-31,-44,-32,-47,-34,-50,-34,-48,-40,-50,-42,-52,-47,-43,-45,-39,-49,-44,-44,-42,-46,-47,-47,-47,-47,-44,-46,-39,-44,-40,-41,-34,-35,-38,-33,-34,-27,-41,-22,-34,-20,-43,-20,-41,-18,-39,-8,-39,-10,-44,-12,-44,-8,-39,-3,-45,-1,-43,1,-41,4,-41,2,-39,15,-41,16,-36,22,-39,22,-42,26,-41,31,-43,31,-45,41,-41,38,-39,36,-47,38,-39,40,-38,44,-36,44,-29,49,-24,48,-29,51,-35,55,-26,59,0,0]",1
CSI_DATA,62626,1a:00:00:00:00:00,-39,11,1,0,1,1,1,0,0,0,1,-97,0,11,2,840866027,0,44,0,384,0,"[0,0,0,0,0,0,0,0,0,0,0,0,11,1,10,1,10,1,10,1,9,1,8,0,8,0,7,0,7,0,6,-1,6,-1,5,-2,4,-2,3,-2,2,-3,1,-4,0,-5,-1,-6,-1,-7,-1,-9,-1,-10,-1,-10,-1,-11,-1,-11,-1,-12,-1,-12,0,0,-1,-12,-1,-12,-1,-13,-2,-13,-2,-13,-1,-14,-1,-14,0,-14,0,-14,0,-14,-1,-13,0,-13,0,-13,0,-13,1,-13,1,-13,1,-12,2,-11,2,-11,2,-10,2,-9,1,-8,1,-8,0,-8,0,-9,1,-9,0,0,0,0,0,0,0,0,0,0,0,0,0,0,-28,-64,-23,-63,-20,-59,-23,-56,-24,-58,-23,-56,-22,-48,-24,-52,-23,-44,-18,-41,-23,-39,-19,-36,-24,-27,-24,-30,-23,-25,-19,-22,-16,-19,-15,-8,-21,-5,-21,2,-23,14,-27,17,-29,19,-30,26,-38,27,-43,29,-47,32,-49,36,-44,32,-51,35,-51,34,-45,35,-51,39,-46,40,-47,44,-54,49,-57,47,-56,45,-58,43,-58,41,-57,37,-60,38,-61,31,-58,38,-56,36,-59,34,-58,28,-58,28,-57,28,-46,18,-49,16,-44,17,-38,22,-45,16,-38,17,-35,20,-45,18,0,0,0,0,0,0,0,0,0,0,0,0,0,0,0,0,0,0,0,0,0,0,14,46,7,55,7,52,4,50,1,51,8,48,2,49,4,52,6,50,6,59,6,63,1,65,2,61,-1,60,-3,62,-1,61,-3,63,-6,66,0,57,-4,62,-3,60,-3,57,-8,52,-3,48,2,45,2,46,7,42,12,40,17,39,20,36,20,36,21,38,20,35,26,35,27,32,25,31,27,27,28,26,32,21,32,15,35,12,40,15,40,10,47,8,44,8,51,1,50,0,46,2,52,-3,52,-6,52,-4,58,-6,51,-10,54,-13,51,-16,57,-22,61,-25,0,0]",1
CSI_DATA,62627,1a:00:00:00:00:00,-40,11,1,0,1,1,1,0,0,0,1,-97,0,11,2,840896020,0,44,0,384,0,"[0,0,0,0,0,0,0,0,0,0,0,0,6,-9,6,-9,6,-9,5,-8,5,-8,5,-8,4,-7,4,-7,4,-6,3,-6,2,-5,1,-5,0,-4,-1,-3,-3,-3,-4,-3,-5,-3,-6,-3,-7,-3,-8,-4,-9,-4,-10,-5,-10,-6,-11,-6,-11,-6,-11,-6,0,0,-11,-6,-12,-6,-12,-6,-13,-6,-12,-7,-13,-7,-12,-8,-11,-8,-11,-8,-10,-8,-11,-7,-10,-7,-10,-7,-10,-6,-10,-7,-9,-7,-9,-7,-9,-6,-8,-6,-7,-6,-7,-5,-7,-5,-7,-5,-7,-4,-7,-4,-8,-4,0,0,0,0,0,0,0,0,0,0,0,0,0,0,-48,-10,-57,-7,-51,1,-54,0,-61,2,-53,2,-56,-3,-60,-8,-54,6,-45,3,-41,6,-44,3,-39,-3,-32,5,-30,2,-21,9,-22,8,-15,13,-9,18,-2,18,0,32,3,33,-2,41,8,43,5,51,7,58,0,58,6,64,-1,60,1,61,5,67,0,72,8,64,8,67,5,74,3,72,2,71,2,73,-9,76,-2,66,-1,66,0,63,-2,63,-5,66,-6,64,-2,61,-2,54,-9,60,-6,52,-4,51,-10,44,-7,44,-8,40,-3,40,-1,44,-1,39,-3,44,0,0,0,0,0,0,0,0,0,0,0,0,0,0,0,0,0,0,0,0,0,0,51,22,49,28,47,33,44,30,39,30,39,28,41,34,45,27,44,29,47,34,48,33,49,31,51,39,50,38,49,39,40,37,48,36,44,36,51,37,44,36,49,41,40,38,38,34,38,31,40,27,40,23,41,14,44,12,43,11,44,8,49,7,44,7,45,1,41,7,45,-1,51,-5,47,0,44,-3,43,-10,42,-12,41,-15,40,-12,41,-17,39,-20,32,-19,40,-18,33,-28,26,-28,32,-34,23,-24,24,-30,25,-32,13,-33,8,-36,15,-40,4,-43,6,-41,0,0]",1
CSI_DATA,62628,1a:00:00:00:00:00,-40,11,1,0,1,1,1,0,0,0,1,-97,0,11,2,840906026,0,44,0,384,0,"[0,0,0,0,0,0,0,0,0,0,0,0,-10,1,-10,1,-10,1,-10,1,-9,1,-9,1,-9,1,-8,0,-8,0,-6,1,-6,0,-5,1,-4,1,-2,1,-1,1,0,2,1,3,2,4,3,5,4,6,4,7,4,8,4,9,4,9,4,9,4,9,0,0,5,10,5,10,6,10,6,10,6,11,5,11,5,12,4,11,3,11,3,11,4,10,4,10,3,9,3,9,3,9,3,9,3,8,3,8,2,8,2,7,2,7,2,6,3,5,3,5,3,5,3,6,0,0,0,0,0,0,0,0,0,0,0,0,0,0,32,35,37,39,42,38,37,36,42,37,38,47,37,35,34,39,27,31,38,30,29,28,28,21,27,25,21,16,21,10,17,12,18,5,13,0,9,-7,10,-13,5,-13,9,-24,8,-39,13,-37,13,-42,20,-50,22,-51,20,-52,24,-53,22,-51,22,-50,23,-50,23,-57,24,-59,19,-59,27,-58,29,-65,39,-63,33,-60,38,-54,29,-59,28,-43,30,-51,28,-47,25,-50,25,-45,28,-48,25,-49,23,-46,21,-40,25,-40,23,-36,14,-34,14,-29,11,-36,10,-35,15,-38,0,0,0,0,0,0,0,0,0,0,0,0,0,0,0,0,0,0,0,0,0,0,-5,-57,6,-55,0,-57,10,-57,5,-52,7,-52,7,-54,5,-59,7,-58,-1,-59,3,-65,9,-62,4,-66,6,-60,5,-69,12,-60,7,-58,4,-58,0,-61,4,-62,9,-58,9,-57,4,-49,7,-48,-2,-45,-8,-47,-9,-42,-14,-42,-17,-42,-19,-37,-19,-37,-29,-40,-29,-33,-32,-40,-32,-33,-38,-37,-36,-30,-36,-30,-41,-27,-42,-24,-40,-17,-41,-18,-48,-19,-48,-20,-44,-12,-55,-15,-48,-16,-41,-8,-48,-12,-41,0,-50,-1,-40,-4,-42,5,-42,8,-36,9,-42,19,-45,18,0,0]",1
CSI_DATA,62629,1a:00:00:00:00:00,-39,11,1,0,1,1,1,0,0,0,1,-97,0,11,2,840936024,0,44,0,384,0,"[0,0,0,0,0,0,0,0,0,0,0,0,-3,10,-2,10,-2,9,-3,9,-2,8,-2,8,-2,7,-1,7,-1,6,-1,5,-1,5,-1,4,0,3,0,2,1,1,1,0,2,-1,3,-2,4,-3,5,-4,6,-4,7,-4,8,-3,8,-4,9,-4,9,-4,0,0,9,-5,9,-5,9,-6,10,-6,11,-6,11,-6,11,-5,11,-5,11,-4,11,-4,11,-4,10,-4,10,-3,10,-4,9,-3,9,-3,9,-3,8,-3,7,-3,7,-2,6,-2,6,-3,5,-3,5,-3,5,-4,5,-4,0,0,0,0,0,0,0,0,0,0,0,0,0,0,50,-29,49,-25,46,-34,48,-33,52,-29,47,-29,42,-28,53,-27,40,-24,36,-23,30,-21,31,-25,28,-24,25,-20,23,-18,14,-18,11,-14,9,-18,2,-8,-11,-12,-21,-10,-22,-11,-30,-11,-31,-13,-36,-17,-40,-23,-43,-19,-48,-23,-44,-24,-52,-22,-51,-27,-53,-27,-51,-23,-58,-22,-61,-26,-62,-27,-65,-34,-63,-39,-63,-39,-61,-34,-60,-32,-59,-35,-52,-37,-53,-33,-51,-34,-50,-30,-47,-32,-46,-33,-45,-31,-35,-29,-38,-31,-32,-24,-32,-19,-37,-19,-35,-12,-30,-10,-39,-16,0,0,0,0,0,0,0,0,0,0,0,0,0,0,0,0,0,0,0,0,0,0,-51,-6,-57,-5,-57,-7,-56,-14,-52,-13,-55,-10,-54,-13,-61,-14,-61,-14,-64,-14,-66,-16,-65,-23,-65,-21,-64,-26,-67,-18,-60,-17,-62,-16,-68,-15,-67,-19,-60,-25,-63,-24,-65,-21,-58,-17,-54,-19,-47,-8,-46,-7,-47,-1,-46,1,-45,2,-45,9,-37,11,-41,13,-34,18,-44,17,-44,17,-41,26,-36,23,-37,28,-31,31,-23,36,-25,36,-24,43,-24,49,-15,42,-16,44,-20,45,-18,45,-12,45,-12,42,-9,44,-4,40,4,46,10,47,13,48,15,50,11,54,15,49,0,0]",1
CSI_DATA,62630,1a:00:00:00:00:00,-39,11,1,0,1,1,1,0,0,0,1,-97,0,11,2,840946020,0,44,0,384,0,"[0,0,0,0,0,0,0,0,0,0,0,0,6,-9,6,-9,5,-9,5,-8,5,-8,4,-7,4,-7,4,-7,3,-6,3,-6,3,-5,2,-5,1,-4,0,-3,-1,-2,-2,-1,-3,-1,-4,-1,-6,-1,-7,-1,-8,-1,-9,-1,-9,-1,-10,-2,-10,-2,-10,-1,0,0,-11,-2,-11,-1,-12,-1,-12,-1,-13,-1,-13,-2,-13,-2,-13,-3,-13,-3,-12,-3,-12,-3,-12,-3,-11,-3,-11,-3,-10,-3,-10,-3,-10,-3,-9,-3,-8,-3,-8,-3,-7,-3,-7,-2,-7,-1,-7,-1,-7,-1,-7,0,0,0,0,0,0,0,0,0,0,0,0,0,0,0,-52,0,-55,2,-58,5,-53,8,-58,9,-56,-1,-56,3,-53,6,-50,5,-49,2,-44,4,-35,6,-34,3,-37,8,-26,8,-26,5,-17,8,-13,9,-6,13,1,14,8,14,15,19,19,23,21,22,22,28,27,35,26,36,30,45,31,47,33,41,33,44,35,44,34,43,33,50,44,46,37,52,41,53,43,59,39,55,38,57,33,59,33,58,26,57,28,54,28,52,25,48,26,50,20,48,21,43,18,42,17,41,17,35,20,30,20,29,21,26,22,29,24,27,0,0,0,0,0,0,0,0,0,0,0,0,0,0,0,0,0,0,0,0,0,0,41,26,42,31,42,30,38,36,41,37,39,34,41,33,42,36,46,36,44,42,44,45,49,43,46,41,47,43,43,42,43,42,45,43,47,40,49,42,46,39,47,43,44,43,42,36,36,36,37,32,35,26,40,23,48,20,45,18,40,16,41,14,44,7,43,2,42,0,44,0,47,-4,43,-6,37,-8,43,-10,39,-14,41,-18,36,-25,33,-30,34,-32,38,-31,41,-34,35,-31,32,-36,33,-35,30,-41,29,-39,26,-35,18,-41,14,-45,4,-46,7,-46,4,-51,0,0]",1
CSI_DATA,62631,1a:00:00:00:00:00,-39,11,1,0,1,1,1,0,0,0,1,-97,0,11,2,840966230,0,44,0,384,0,"[0,0,0,0,0,0,0,0,0,0,0,0,9,5,9,5,8,5,8,5,8,5,8,5,7,4,7,4,7,4,6,3,5,3,5,3,4,2,3,1,2,0,1,-1,1,-3,0,-4,0,-5,0,-6,0,-8,0,-9,1,-9,1,-10,2,-10,2,-10,0,0,2,-11,1,-12,1,-12,1,-12,1,-13,2,-13,2,-13,3,-13,3,-13,3,-12,3,-12,3,-12,3,-11,3,-11,3,-11,3,-10,3,-10,3,-10,3,-9,3,-8,2,-8,2,-7,1,-7,1,-7,0,-7,0,-7,0,0,0,0,0,0,0,0,0,0,0,0,0,0,4,-59,-8,-56,-8,-55,-7,-61,-11,-52,-14,-67,-14,-57,-9,-58,-14,-50,-17,-49,-5,-52,-6,-47,-13,-43,-11,-38,-7,-35,-9,-34,-13,-24,-7,-14,-9,-13,-8,-6,-16,2,-13,5,-24,15,-27,20,-31,20,-41,21,-40,25,-44,27,-49,33,-47,31,-43,33,-53,34,-53,34,-50,41,-50,36,-50,41,-52,39,-56,34,-61,38,-68,34,-61,33,-61,35,-61,27,-50,31,-55,27,-54,27,-51,25,-52,20,-49,19,-51,16,-42,18,-38,14,-39,15,-34,18,-28,18,-27,19,-31,19,0,0,0,0,0,0,0,0,0,0,0,0,0,0,0,0,0,0,0,0,0,0,-28,40,-35,33,-30,34,-34,35,-31,34,-34,35,-33,39,-31,41,-36,43,-35,50,-39,46,-43,45,-39,47,-42,43,-43,44,-39,48,-44,48,-40,45,-37,48,-36,44,-43,43,-38,41,-35,43,-32,39,-26,39,-25,42,-19,40,-16,42,-12,43,-8,44,-8,46,-11,47,-7,40,-4,49,2,44,0,49,8,45,14,44,13,40,19,35,17,41,27,38,22,40,30,38,32,35,27,44,34,37,37,37,39,30,34,30,39,22,41,22,38,16,33,18,39,6,42,4,48,5,0,0]",1
CSI_DATA,62632,1a:00:00:00:00:00,-39,11,1,0,1,1,1,0,0,0,1,-97,0,11,2,840976031,0,44,0,384,0,"[0,0,0,0,0,0,0,0,0,0,0,0,-7,-10,-7,-10,-7,-9,-7,-9,-6,-9,-7,-9,-6,-8,-6,-8,-6,-8,-5,-7,-5,-7,-5,-6,-4,-5,-4,-4,-3,-3,-3,-1,-3,0,-3,1,-3,3,-4,4,-5,5,-5,6,-6,6,-6,7,-7,7,-7,7,0,0,-7,8,-7,8,-7,9,-7,9,-8,9,-8,9,-9,9,-9,9,-9,8,-9,8,-9,8,-9,7,-8,7,-8,7,-8,7,-8,7,-8,6,-8,6,-8,5,-7,5,-7,4,-6,4,-6,4,-5,4,-5,4,-5,4,0,0,0,0,0,0,0,0,0,0,0,0,0,0,-21,57,-20,50,-12,54,-18,59,-8,59,-16,55,-13,60,-18,51,-10,55,-13,51,-7,52,-9,49,-6,45,-10,43,-5,40,0,32,-5,33,4,26,1,17,8,13,13,7,22,3,22,-1,31,-4,36,-5,42,-9,44,-3,47,-4,51,-6,59,-3,54,-5,61,-8,55,-6,59,-11,60,-13,63,-4,66,-6,65,-3,67,-5,66,-2,65,-3,62,1,63,2,63,-4,58,0,53,0,57,4,52,1,50,0,47,6,48,10,41,1,39,2,37,0,34,2,31,1,33,0,0,0,0,0,0,0,0,0,0,0,0,0,0,0,0,0,0,0,0,0,0,0,38,-33,43,-27,46,-25,49,-24,42,-29,43,-22,42,-28,43,-29,47,-33,46,-32,51,-34,54,-32,55,-31,56,-32,54,-33,51,-30,50,-32,49,-32,53,-34,52,-32,50,-29,49,-28,50,-31,46,-29,40,-26,33,-33,31,-36,31,-40,30,-41,24,-42,21,-42,24,-42,14,-43,17,-52,13,-45,10,-47,9,-43,5,-46,4,-42,0,-43,-2,-46,-10,-44,-12,-46,-16,-51,-15,-49,-15,-42,-17,-44,-21,-42,-27,-43,-24,-42,-21,-43,-33,-36,-30,-32,-35,-31,-38,-30,-40,-26,-42,-24,0,0]",1
CSI_DATA,62633,1a:00:00:00:00:00,-39,11,1,0,1,1,1,0,0,0,1,-97,0,11,2,840996017,0,44,0,384,0,"[0,0,0,0,0,0,0,0,0,0,0,0,8,-7,7,-7,7,-7,7,-7,7,-7,6,-6,6,-6,6,-6,5,-6,5,-6,4,-5,4,-5,3,-5,2,-4,2,-4,0,-4,-1,-4,-2,-4,-3,-4,-4,-4,-5,-5,-5,-5,-6,-6,-6,-6,-6,-6,-7,-6,0,0,-8,-7,-8,-7,-8,-7,-9,-7,-9,-8,-9,-8,-9,-9,-8,-9,-8,-9,-7,-9,-7,-9,-7,-9,-7,-8,-7,-8,-7,-8,-6,-9,-6,-9,-5,-8,-5,-8,-4,-7,-4,-7,-4,-7,-4,-7,-4,-6,-4,-6,-4,-6,0,0,0,0,0,0,0,0,0,0,0,0,0,0,-53,-21,-54,-21,-52,-13,-56,-15,-57,-14,-57,-13,-48,-15,-51,-15,-50,-10,-51,-10,-47,-13,-45,-5,-42,-8,-38,-6,-30,-5,-34,-3,-25,-2,-23,2,-20,5,-14,6,-14,13,-8,22,-6,23,-7,28,-7,31,-5,36,-8,38,-5,41,-7,42,-3,43,-2,48,-10,53,-4,50,2,55,-4,52,-4,62,-9,62,-9,63,-15,61,-14,62,-13,57,-18,54,-17,55,-12,54,-16,55,-18,53,-16,49,-19,47,-21,45,-21,37,-20,39,-20,32,-18,36,-21,34,-18,31,-15,32,-15,33,0,0,0,0,0,0,0,0,0,0,0,0,0,0,0,0,0,0,0,0,0,0,51,10,51,15,54,17,54,19,48,16,46,16,46,20,53,20,57,19,54,20,54,27,54,25,58,30,54,27,56,26,49,31,53,25,51,25,55,30,52,28,52,33,54,35,52,32,46,21,47,24,50,18,49,16,49,18,50,11,45,11,44,5,48,7,49,3,47,0,53,2,53,-3,46,2,46,-1,46,-3,45,-17,43,-17,37,-16,34,-20,37,-24,39,-29,33,-21,40,-28,37,-31,41,-34,31,-31,31,-32,32,-35,29,-40,24,-41,20,-41,23,-43,13,-38,0,0]",1
CSI_DATA,62634,1a:00:00:00:00:00,-38,11,1,0,1,1,1,0,0,0,1,-97,0,11,2,841006042,0,44,0,384,0,"[0,0,0,0,0,0,0,0,0,0,0,0,-11,-1,-11,-1,-10,-1,-10,-1,-10,-1,-10,-1,-9,-1,-9,-1,-8,-1,-8,0,-7,0,-7,0,-6,0,-5,0,-4,1,-4,2,-2,2,-2,3,-1,4,-1,5,0,5,0,6,-1,7,0,7,0,8,0,8,0,0,1,9,0,9,1,10,1,10,1,11,0,12,-1,11,-1,11,-2,11,-2,10,-2,10,-2,10,-2,10,-2,9,-2,9,-2,9,-2,9,-2,9,-2,8,-3,7,-3,7,-2,7,-2,6,-2,6,-2,6,-2,6,0,0,0,0,0,0,0,0,0,0,0,0,0,0,36,53,31,47,38,44,34,44,34,48,32,48,35,40,36,44,30,38,34,35,30,35,27,33,29,29,28,24,26,22,23,22,22,15,21,12,17,6,22,5,17,-7,16,-10,20,-12,21,-23,20,-20,25,-30,27,-28,34,-33,33,-30,33,-36,34,-31,34,-39,33,-42,37,-43,39,-42,42,-47,42,-44,50,-46,51,-43,51,-42,49,-37,49,-34,45,-30,39,-37,46,-34,47,-29,47,-28,50,-28,44,-26,41,-24,44,-19,41,-18,35,-22,31,-19,34,-20,34,-18,34,-19,0,0,0,0,0,0,0,0,0,0,0,0,0,0,0,0,0,0,0,0,0,0,-39,-41,-36,-44,-35,-44,-31,-46,-30,-43,-29,-47,-34,-44,-35,-48,-39,-52,-35,-49,-34,-54,-34,-58,-31,-58,-32,-58,-34,-59,-33,-58,-31,-58,-31,-60,-33,-59,-34,-56,-32,-57,-30,-60,-28,-55,-26,-51,-30,-53,-37,-48,-34,-45,-31,-43,-36,-36,-41,-41,-37,-34,-39,-40,-44,-30,-48,-36,-45,-32,-43,-23,-45,-27,-47,-25,-45,-25,-48,-21,-49,-15,-46,-9,-50,-12,-53,-7,-54,-2,-49,-4,-52,-6,-56,-1,-55,3,-49,3,-50,5,-52,9,-45,11,-43,12,-50,18,-49,22,-45,13,0,0]",1
CSI_DATA,62635,1a:00:00:00:00:00,-38,11,1,0,1,1,1,0,0,0,1,-97,0,11,2,841016020,0,44,0,384,0,"[0,0,0,0,0,0,0,0,0,0,0,0,8,7,8,7,7,6,7,6,7,6,6,5,6,5,6,5,5,5,5,4,5,4,5,3,4,2,4,2,3,1,3,0,3,-1,3,-2,3,-3,3,-4,3,-5,4,-6,4,-6,4,-6,5,-7,4,-7,0,0,5,-8,5,-8,5,-9,5,-10,6,-10,6,-10,7,-9,7,-9,8,-9,8,-8,7,-8,7,-7,7,-7,7,-7,7,-7,7,-7,7,-6,6,-6,6,-6,6,-5,6,-5,5,-5,5,-5,5,-5,5,-5,5,-5,0,0,0,0,0,0,0,0,0,0,0,0,0,0,-4,-51,-3,-57,-6,-57,-2,-59,-7,-58,-9,-57,-4,-55,-8,-56,-7,-47,-3,-49,-8,-49,-7,-41,-6,-42,-6,-36,-12,-35,-10,-29,-13,-33,-11,-20,-10,-18,-16,-14,-14,-13,-20,-6,-26,1,-28,4,-33,8,-35,5,-37,5,-43,10,-39,6,-38,6,-48,14,-52,12,-46,17,-50,16,-52,11,-61,13,-61,11,-62,8,-61,6,-62,7,-59,0,-60,1,-59,-1,-54,5,-55,-2,-50,0,-54,-1,-53,1,-47,-4,-48,-4,-44,-3,-40,-6,-39,-3,-40,-1,-39,1,-37,-1,-41,-4,0,0,0,0,0,0,0,0,0,0,0,0,0,0,0,0,0,0,0,0,0,0,17,48,10,50,10,50,9,51,8,50,10,56,6,54,5,57,8,62,6,63,2,62,4,64,1,71,-2,65,-3,64,-6,63,-3,66,-4,59,-2,62,-7,64,-7,66,-4,61,-5,61,-1,55,-5,52,4,50,4,54,7,54,8,53,17,52,13,45,21,50,20,48,21,46,26,46,23,45,25,43,25,44,28,40,30,36,34,34,36,28,37,30,43,28,43,28,43,26,46,32,43,28,49,25,50,23,46,22,46,17,49,19,48,15,50,8,53,7,49,3,0,0]",1
CSI_DATA,62636,1a:00:00:00:00:00,-38,11,1,0,1,1,1,0,0,0,1,-97,0,11,2,841026904,0,44,0,384,0,"[0,0,0,0,0,0,0,0,0,0,0,0,10,-4,10,-3,9,-3,9,-3,9,-3,8,-3,8,-3,8,-3,7,-3,6,-3,6,-3,5,-3,4,-3,3,-3,2,-3,1,-3,0,-3,-1,-4,-2,-5,-2,-5,-3,-6,-3,-7,-3,-8,-3,-8,-3,-8,-4,-8,0,0,-4,-9,-5,-9,-5,-9,-5,-10,-5,-10,-5,-11,-5,-12,-4,-11,-3,-12,-3,-11,-3,-11,-3,-11,-3,-11,-2,-10,-2,-10,-2,-10,-2,-9,-2,-9,-1,-9,-1,-8,-1,-8,-2,-7,-2,-7,-2,-7,-2,-7,-2,-8,0,0,0,0,0,0,0,0,0,0,0,0,0,0,-51,-32,-41,-33,-50,-27,-48,-28,-51,-34,-49,-32,-46,-30,-44,-31,-44,-28,-37,-25,-39,-25,-38,-24,-36,-25,-35,-18,-29,-17,-28,-15,-31,-8,-23,-7,-21,-3,-21,-1,-14,7,-16,17,-12,18,-16,26,-16,28,-19,29,-22,33,-20,35,-23,35,-20,38,-22,43,-23,45,-21,48,-19,47,-22,50,-22,54,-27,51,-28,57,-35,52,-36,50,-35,48,-36,47,-36,44,-38,45,-36,39,-35,40,-36,38,-34,35,-32,31,-30,29,-30,29,-28,26,-25,26,-27,28,-25,30,-22,27,-25,28,0,0,0,0,0,0,0,0,0,0,0,0,0,0,0,0,0,0,0,0,0,0,47,12,47,12,46,18,44,17,49,16,46,19,46,21,51,18,52,24,54,24,54,32,52,34,53,31,55,35,54,38,45,33,53,35,49,37,50,33,46,35,51,36,47,36,42,31,42,30,42,29,42,24,42,21,43,18,45,15,47,11,43,10,49,9,45,4,46,5,51,2,47,3,50,0,47,-2,45,-4,46,-8,44,-12,46,-14,45,-15,45,-21,45,-26,51,-22,51,-27,48,-27,46,-26,43,-33,46,-30,44,-30,37,-29,37,-36,41,-37,39,-41,34,-40,0,0]",1
CSI_DATA,62637,1a:00:00:00:00:00,-37,11,1,0,1,1,1,0,0,0,1,-97,0,11,2,841036015,0,44,0,384,0,"[0,0,0,0,0,0,0,0,0,0,0,0,-5,10,-5,10,-5,9,-5,9,-5,9,-4,8,-4,8,-4,8,-4,7,-3,7,-3,6,-2,6,-2,5,-1,4,-1,3,0,3,2,2,2,2,4,2,5,2,5,2,6,3,7,3,7,3,8,3,8,3,0,0,8,3,9,3,9,3,10,3,10,4,10,5,10,5,10,5,10,6,9,6,9,5,9,6,8,6,8,5,8,6,7,6,7,6,6,5,6,5,5,5,5,5,5,4,5,4,6,3,6,4,6,4,0,0,0,0,0,0,0,0,0,0,0,0,0,0,55,-13,57,-7,59,-13,64,-12,61,-14,57,-16,57,-14,49,-10,53,-14,49,-15,46,-13,43,-14,42,-10,34,-13,35,-16,26,-15,26,-14,22,-13,19,-16,10,-14,7,-22,-4,-23,-3,-28,-6,-33,-7,-31,-15,-36,-12,-42,-10,-45,-9,-47,-6,-45,-14,-46,-9,-53,-15,-51,-19,-53,-13,-57,-18,-57,-14,-62,-10,-63,-8,-63,-7,-63,-4,-61,-2,-58,0,-63,-1,-59,0,-55,-3,-55,0,-52,4,-50,0,-50,-1,-45,5,-44,3,-42,-2,-40,-1,-39,1,-38,-2,-39,4,-40,0,0,0,0,0,0,0,0,0,0,0,0,0,0,0,0,0,0,0,0,0,0,-43,24,-47,21,-43,20,-48,20,-51,23,-48,14,-48,16,-48,19,-53,21,-56,18,-60,15,-63,15,-62,10,-64,12,-65,8,-60,9,-60,10,-61,12,-63,10,-58,7,-63,6,-59,8,-50,6,-49,10,-47,6,-49,14,-44,16,-48,20,-44,23,-37,26,-38,24,-38,30,-38,29,-41,32,-38,29,-32,35,-37,35,-32,37,-27,36,-25,37,-23,40,-23,45,-22,48,-20,49,-15,49,-10,56,-16,50,-14,51,-16,55,-14,56,-14,54,-9,57,-6,53,-3,55,-2,61,-2,59,-2,55,0,0]",1
CSI_DATA,62638,1a:00:00:00:00:00,-37,11,1,0,1,1,1,0,0,0,1,-97,0,11,2,841046046,0,44,0,384,0,"[0,0,0,0,0,0,0,0,0,0,0,0,11,-4,10,-4,10,-4,10,-4,9,-4,9,-4,8,-4,8,-4,8,-3,7,-3,6,-3,5,-3,5,-3,4,-3,3,-4,1,-4,1,-4,0,-5,-1,-6,-2,-6,-2,-7,-3,-8,-2,-9,-3,-9,-3,-10,-3,-10,0,0,-3,-11,-3,-11,-3,-11,-3,-12,-3,-12,-3,-12,-2,-12,-2,-12,-2,-13,-1,-12,-1,-12,-1,-12,-1,-11,-1,-11,0,-11,0,-11,0,-10,0,-10,0,-9,0,-9,1,-8,0,-8,0,-8,-1,-8,0,-8,-1,-8,0,0,0,0,0,0,0,0,0,0,0,0,0,0,-52,-34,-48,-32,-56,-32,-55,-35,-54,-34,-53,-37,-48,-36,-49,-33,-45,-28,-47,-27,-39,-25,-43,-25,-39,-23,-38,-17,-31,-15,-30,-13,-29,-13,-25,-6,-24,-5,-21,3,-21,9,-16,17,-21,19,-17,22,-21,28,-21,31,-26,33,-26,36,-31,38,-30,46,-33,40,-31,42,-33,44,-33,44,-32,47,-36,47,-39,48,-39,46,-47,49,-42,45,-44,39,-45,41,-45,39,-44,39,-41,39,-44,35,-42,33,-40,33,-40,27,-38,25,-37,23,-37,23,-33,23,-37,21,-33,24,-26,25,-33,21,0,0,0,0,0,0,0,0,0,0,0,0,0,0,0,0,0,0,0,0,0,0,45,6,45,10,47,11,46,15,47,15,47,17,48,14,48,15,50,16,56,18,53,21,53,27,56,24,55,26,51,30,51,28,55,25,50,27,51,28,52,31,50,29,48,32,45,26,41,27,42,22,44,18,39,13,43,13,42,13,45,5,46,6,47,6,46,7,44,4,47,-4,43,-6,44,-2,42,-7,41,-7,42,-14,41,-16,38,-22,43,-24,42,-26,43,-29,41,-34,42,-28,44,-35,44,-30,43,-38,40,-37,43,-33,46,-41,34,-39,40,-43,43,-46,34,-43,0,0]",1
CSI_DATA,62639,1a:00:00:00:00:00,-37,11,1,0,1,1,1,0,0,0,1,-97,0,11,2,841056017,0,44,0,384,0,"[0,0,0,0,0,0,0,0,0,0,0,0,-12,-3,-12,-3,-11,-3,-11,-2,-10,-2,-10,-2,-10,-2,-9,-2,-9,-2,-8,-2,-8,-1,-7,-1,-6,-1,-5,0,-5,1,-4,1,-3,2,-3,3,-2,4,-2,5,-2,6,-2,7,-3,8,-3,8,-3,9,-3,9,0,0,-3,10,-3,10,-3,10,-4,10,-4,10,-4,11,-5,11,-5,10,-5,10,-6,10,-5,10,-6,9,-6,9,-6,8,-6,8,-6,8,-6,8,-6,7,-5,6,-5,6,-5,6,-5,5,-4,5,-4,5,-4,6,-4,6,0,0,0,0,0,0,0,0,0,0,0,0,0,0,36,54,26,52,35,47,37,59,39,50,32,52,34,45,33,49,29,43,30,41,28,37,31,41,32,38,26,31,22,30,21,24,24,18,21,16,19,6,26,5,24,-2,24,-7,24,-10,26,-19,31,-20,36,-22,41,-27,46,-27,45,-27,42,-29,45,-27,46,-31,46,-30,50,-31,50,-32,54,-30,53,-30,58,-25,58,-29,57,-20,53,-30,55,-21,55,-21,56,-19,53,-18,52,-19,52,-18,49,-14,45,-13,45,-8,43,-10,41,-9,40,-8,39,-10,35,-13,39,-14,38,-16,0,0,0,0,0,0,0,0,0,0,0,0,0,0,0,0,0,0,0,0,0,0,-38,-30,-40,-31,-35,-31,-35,-37,-37,-36,-33,-38,-35,-39,-38,-37,-45,-41,-42,-43,-41,-48,-41,-49,-40,-51,-40,-49,-30,-52,-31,-50,-37,-51,-33,-54,-34,-50,-35,-49,-31,-55,-33,-51,-27,-49,-27,-46,-26,-42,-32,-40,-28,-35,-31,-34,-33,-31,-39,-32,-39,-30,-37,-25,-43,-20,-39,-21,-39,-24,-40,-22,-39,-18,-43,-13,-40,-7,-45,-8,-40,-7,-44,3,-44,2,-48,6,-50,7,-49,15,-52,8,-53,9,-51,14,-54,11,-53,16,-48,22,-48,19,-48,20,-49,24,-54,27,-54,29,0,0]",1
CSI_DATA,62640,1a:00:00:00:00:00,-37,11,1,0,1,1,1,0,0,0,1,-97,0,11,2,841076030,0,44,0,384,0,"[0,0,0,0,0,0,0,0,0,0,0,0,0,-12,0,-12,0,-12,0,-11,0,-11,0,-11,-1,-10,0,-10,-1,-9,-1,-9,-1,-8,-1,-8,-2,-6,-2,-6,-2,-5,-3,-4,-4,-3,-5,-3,-5,-2,-6,-2,-7,-2,-8,-1,-9,-1,-9,-1,-10,-1,-10,-1,0,0,-11,-1,-12,-1,-12,-1,-13,-2,-13,-2,-13,-3,-13,-3,-12,-4,-12,-4,-12,-4,-12,-4,-11,-4,-11,-4,-10,-4,-10,-4,-10,-4,-9,-4,-9,-4,-8,-4,-8,-4,-7,-4,-7,-4,-7,-3,-7,-3,-7,-3,-7,-3,0,0,0,0,0,0,0,0,0,0,0,0,0,0,-45,41,-42,43,-45,44,-40,47,-37,46,-42,40,-40,38,-38,43,-34,39,-33,37,-26,41,-28,40,-30,32,-20,36,-23,34,-18,28,-12,26,-12,27,-1,20,3,21,4,20,7,24,16,21,19,21,27,25,29,28,28,31,30,36,38,36,37,31,37,38,40,43,42,36,45,39,44,42,48,45,43,46,41,49,36,49,33,48,34,55,33,48,31,49,31,41,30,42,26,46,24,47,25,42,20,39,16,38,16,36,14,30,15,31,17,28,17,31,18,28,17,32,0,0,0,0,0,0,0,0,0,0,0,0,0,0,0,0,0,0,0,0,0,0,24,-41,29,-40,29,-38,36,-40,26,-40,35,-40,31,-37,35,-41,35,-48,37,-45,39,-47,46,-42,43,-45,45,-44,47,-42,44,-40,45,-42,44,-37,48,-44,55,-38,48,-43,47,-40,43,-33,42,-33,39,-33,36,-32,32,-35,25,-34,27,-38,27,-42,22,-40,25,-43,24,-42,20,-39,19,-43,18,-42,16,-39,13,-43,7,-39,2,-39,-1,-44,-7,-42,-6,-42,-13,-48,-12,-47,-19,-44,-17,-47,-17,-46,-23,-43,-22,-48,-26,-47,-28,-50,-27,-42,-33,-43,-36,-41,-41,-48,-40,-39,0,0]",1
CSI_DATA,62641,1a:00:00:00:00:00,-37,11,1,0,1,1,1,0,0,0,1,-97,0,11,2,841086014,0,44,0,384,0,"[0,0,0,0,0,0,0,0,0,0,0,0,-7,9,-7,9,-7,8,-6,8,-6,8,-6,8,-6,8,-5,7,-5,7,-4,7,-4,6,-4,5,-3,5,-2,5,-2,4,0,4,0,3,1,3,3,3,4,4,4,4,5,4,5,5,6,5,6,5,7,5,0,0,7,6,8,6,8,6,9,7,9,7,8,8,8,8,7,9,7,9,6,9,6,8,6,8,5,8,5,8,5,8,4,8,4,7,4,7,3,7,3,6,3,6,3,5,3,5,3,5,3,5,3,5,0,0,0,0,0,0,0,0,0,0,0,0,0,0,63,-11,63,-7,63,-13,63,-7,63,-13,59,-12,58,-11,59,-10,56,-16,54,-11,46,-11,51,-8,42,-10,42,-16,35,-10,33,-16,30,-11,22,-11,23,-18,16,-14,9,-20,6,-18,6,-26,0,-30,-2,-32,-1,-37,-6,-40,-5,-41,-7,-45,-7,-51,-8,-55,-9,-60,-13,-59,-11,-59,-11,-63,-7,-62,-4,-60,3,-67,3,-64,4,-68,10,-62,2,-62,3,-60,4,-57,11,-58,10,-54,7,-52,11,-49,10,-49,13,-43,11,-41,10,-39,11,-34,6,-35,5,-37,5,-37,6,-37,0,0,0,0,0,0,0,0,0,0,0,0,0,0,0,0,0,0,0,0,0,0,-47,18,-48,15,-47,15,-53,12,-53,12,-49,11,-53,12,-57,14,-56,18,-56,14,-58,9,-63,11,-63,10,-65,9,-68,6,-63,5,-66,11,-59,2,-65,6,-65,0,-65,1,-64,2,-55,3,-57,7,-54,10,-54,7,-50,11,-53,13,-50,13,-50,20,-49,20,-48,23,-43,20,-46,23,-43,25,-40,26,-39,27,-34,29,-32,31,-33,27,-31,35,-18,39,-17,39,-20,41,-24,46,-12,47,-15,49,-16,47,-15,49,-12,49,-13,51,-7,52,-8,54,-7,51,1,58,3,59,0,57,0,0]",1
CSI_DATA,62642,1a:00:00:00:00:00,-37,11,1,0,1,1,1,0,0,0,1,-97,0,11,2,841096034,0,44,0,384,0,"[0,0,0,0,0,0,0,0,0,0,0,0,11,-1,11,-1,10,0,11,0,10,-1,10,-1,9,-1,9,-1,8,-1,8,-1,7,-1,7,-1,6,-1,5,-2,5,-2,3,-3,3,-4,2,-4,2,-5,1,-6,1,-7,1,-7,1,-8,1,-9,1,-9,0,-10,0,0,1,-11,0,-11,1,-12,1,-12,1,-13,2,-13,3,-13,3,-12,4,-12,4,-11,4,-11,4,-11,4,-10,4,-10,4,-9,4,-9,4,-8,4,-8,4,-8,4,-7,4,-7,3,-6,3,-6,3,-6,3,-7,3,-7,0,0,0,0,0,0,0,0,0,0,0,0,0,0,-35,-49,-34,-48,-42,-49,-39,-44,-41,-55,-41,-46,-33,-46,-37,-46,-36,-39,-37,-40,-38,-38,-30,-35,-31,-34,-30,-30,-31,-27,-32,-25,-24,-25,-27,-12,-24,-12,-26,-10,-22,-1,-27,1,-23,7,-30,13,-35,11,-36,17,-36,17,-36,22,-42,23,-42,30,-41,26,-47,28,-44,23,-48,29,-51,35,-55,29,-54,27,-61,31,-60,22,-63,25,-56,16,-58,17,-52,14,-56,11,-57,12,-50,10,-53,9,-51,8,-48,5,-46,1,-43,4,-37,3,-37,6,-32,1,-33,5,-35,3,-35,5,0,0,0,0,0,0,0,0,0,0,0,0,0,0,0,0,0,0,0,0,0,0,47,12,46,16,43,15,45,22,45,21,45,21,46,24,50,21,54,27,54,24,51,28,52,33,54,32,50,32,53,38,49,32,52,40,54,37,54,39,46,41,45,40,42,37,45,40,43,33,42,37,46,29,45,30,46,30,45,24,47,24,40,19,45,20,46,17,45,17,46,18,48,15,40,11,42,4,44,4,43,3,44,-2,43,-4,48,-8,46,-7,50,-15,49,-19,53,-19,48,-16,51,-19,48,-16,47,-20,47,-26,49,-30,40,-28,48,-33,50,-40,46,-30,0,0]",1
CSI_DATA,62643,1a:00:00:00:00:00,-36,11,1,0,1,1,1,0,0,0,1,-97,0,11,2,841116038,0,44,0,384,0,"[0,0,0,0,0,0,0,0,0,0,0,0,-1,10,-1,10,0,10,-1,10,0,9,0,10,0,9,-1,9,-1,8,0,7,0,7,0,7,0,6,1,5,1,4,2,3,3,3,4,2,4,2,5,1,6,1,6,1,7,2,8,2,8,2,8,1,0,0,9,1,9,1,10,1,10,1,11,1,11,2,11,3,11,3,11,4,10,4,10,4,10,4,9,4,9,4,9,4,9,5,8,4,7,4,7,4,6,4,6,4,6,4,6,3,6,3,6,3,6,4,0,0,0,0,0,0,0,0,0,0,0,0,0,0,52,-37,50,-35,49,-37,48,-35,42,-32,49,-39,42,-35,46,-36,41,-34,38,-34,33,-34,36,-31,36,-31,28,-29,25,-27,21,-27,15,-27,12,-25,14,-25,6,-26,-3,-24,-2,-24,-12,-29,-14,-28,-17,-29,-16,-35,-20,-37,-22,-39,-20,-41,-24,-46,-25,-45,-26,-43,-28,-44,-29,-48,-27,-45,-35,-51,-27,-52,-27,-57,-23,-59,-22,-56,-17,-57,-21,-57,-20,-58,-18,-51,-16,-57,-11,-52,-12,-52,-10,-49,-10,-49,-5,-43,-7,-43,-6,-38,-7,-41,-5,-37,-4,-37,-5,-36,-6,-40,0,0,0,0,0,0,0,0,0,0,0,0,0,0,0,0,0,0,0,0,0,0,-16,45,-23,44,-20,42,-26,42,-21,43,-23,43,-22,46,-30,43,-28,50,-29,50,-31,52,-34,49,-37,46,-36,50,-40,53,-36,46,-35,51,-35,50,-41,54,-45,49,-45,49,-45,49,-38,44,-40,43,-38,41,-36,44,-30,43,-31,43,-27,46,-28,50,-26,49,-25,50,-24,42,-27,44,-18,42,-20,46,-19,45,-10,46,-8,50,-4,44,-2,45,1,50,6,50,8,47,8,49,12,53,12,53,11,50,10,55,17,50,14,51,15,46,21,51,22,41,31,48,26,48,27,43,0,0]",1
CSI_DATA,62644,1a:00:00:00:00:00,-37,11,1,0,1,1,1,0,0,0,1,-97,0,11,2,841128532,0,44,0,384,0,"[0,0,0,0,0,0,0,0,0,0,0,0,-11,-1,-11,0,-10,0,-11,0,-10,0,-10,0,-10,0,-9,0,-9,0,-8,0,-8,0,-7,0,-6,1,-6,1,-5,2,-4,2,-3,3,-3,4,-3,5,-2,6,-2,6,-2,7,-2,7,-2,8,-3,8,-3,8,0,0,-2,9,-2,9,-2,10,-2,10,-3,11,-3,11,-3,11,-4,11,-4,11,-5,10,-4,10,-5,10,-5,9,-5,9,-5,9,-5,9,-5,8,-5,8,-5,7,-5,6,-5,6,-4,6,-4,6,-4,6,-4,6,-4,6,0,0,0,0,0,0,0,0,0,0,0,0,0,0,32,46,37,49,30,43,29,46,34,44,32,41,31,46,32,42,32,39,32,35,27,36,28,36,29,37,26,29,25,24,26,26,26,18,21,14,24,8,23,1,24,0,26,-7,28,-9,29,-12,35,-13,37,-17,41,-22,41,-21,40,-20,46,-23,43,-23,46,-23,44,-23,43,-26,50,-33,54,-30,51,-26,60,-22,57,-18,56,-23,55,-21,58,-21,51,-14,56,-19,48,-15,54,-10,54,-11,49,-10,46,-10,46,-4,43,-3,40,-4,42,-6,35,-5,37,-5,36,-6,39,-7,0,0,0,0,0,0,0,0,0,0,0,0,0,0,0,0,0,0,0,0,0,0,-44,-21,-41,-23,-44,-22,-41,-28,-41,-25,-41,-24,-40,-30,-46,-26,-46,-34,-47,-32,-46,-37,-49,-38,-46,-36,-48,-38,-46,-39,-50,-39,-47,-42,-50,-41,-49,-41,-44,-46,-46,-46,-44,-43,-43,-42,-43,-43,-44,-39,-45,-32,-46,-33,-43,-33,-43,-35,-47,-30,-42,-31,-44,-27,-42,-27,-43,-28,-45,-23,-45,-18,-47,-16,-44,-17,-44,-10,-42,-6,-42,-4,-45,1,-48,0,-52,3,-50,3,-47,4,-51,4,-51,8,-51,10,-51,12,-49,15,-53,18,-49,13,-47,21,-48,21,-44,25,-44,27,0,0]",1
CSI_DATA,62645,1a:00:00:00:00:00,-36,11,1,0,1,1,1,0,0,0,1,-97,0,11,2,841136040,0,44,0,384,0,"[0,0,0,0,0,0,0,0,0,0,0,0,-11,0,-10,0,-10,0,-10,0,-10,1,-10,1,-9,1,-9,0,-9,0,-8,0,-7,0,-7,1,-6,1,-5,1,-4,2,-4,3,-3,3,-3,4,-2,5,-2,6,-2,6,-2,7,-3,8,-3,8,-3,8,-2,8,0,0,-2,9,-2,9,-2,9,-2,10,-2,10,-3,11,-4,11,-4,10,-4,10,-5,10,-5,10,-5,9,-5,9,-5,9,-5,9,-5,8,-5,8,-5,7,-5,7,-5,6,-5,6,-4,6,-5,6,-4,6,-5,6,-4,5,0,0,0,0,0,0,0,0,0,0,0,0,0,0,50,35,43,34,47,36,43,34,42,27,42,31,41,29,46,29,43,33,44,25,44,25,40,24,35,21,35,17,37,17,34,14,28,8,30,9,23,0,23,-1,26,-8,28,-13,25,-20,24,-23,26,-24,35,-30,37,-30,37,-29,35,-31,34,-35,40,-35,46,-39,38,-34,44,-43,40,-39,46,-38,47,-42,49,-39,53,-37,50,-37,52,-33,50,-33,52,-27,50,-26,53,-27,48,-28,51,-22,47,-20,46,-19,44,-17,41,-14,39,-20,36,-14,36,-16,35,-13,37,-13,41,-10,0,0,0,0,0,0,0,0,0,0,0,0,0,0,0,0,0,0,0,0,0,0,-51,-4,-55,-8,-50,-8,-50,-11,-50,-10,-53,-7,-47,-13,-53,-10,-58,-16,-55,-17,-61,-16,-62,-20,-58,-19,-63,-17,-59,-23,-60,-24,-63,-24,-61,-20,-62,-25,-58,-25,-58,-29,-60,-29,-57,-29,-57,-25,-54,-27,-53,-20,-52,-19,-56,-16,-52,-17,-50,-15,-49,-15,-50,-13,-52,-11,-50,-9,-49,-9,-47,-8,-46,-2,-47,1,-47,0,-46,9,-43,10,-46,10,-47,15,-46,15,-45,20,-49,30,-49,27,-53,27,-52,26,-42,25,-46,29,-40,31,-44,30,-42,31,-38,34,-39,40,-39,43,0,0]",1
CSI_DATA,62646,1a:00:00:00:00:00,-37,11,1,0,1,1,1,0,0,0,1,-97,0,11,2,841166020,0,44,0,384,0,"[0,0,0,0,0,0,0,0,0,0,0,0,-7,7,-7,7,-6,7,-6,7,-6,7,-6,7,-6,7,-5,7,-6,6,-5,6,-5,6,-4,5,-4,4,-3,4,-2,4,-1,4,0,4,1,4,1,4,3,4,3,5,4,5,4,6,4,6,5,7,5,6,0,0,5,7,6,7,6,7,7,8,6,8,6,9,6,9,5,10,5,10,4,10,4,10,3,9,3,8,3,9,3,9,3,8,2,8,2,8,2,7,1,7,1,7,1,6,1,6,1,6,1,6,1,6,0,0,0,0,0,0,0,0,0,0,0,0,0,0,61,-11,59,-8,59,-16,55,-10,51,-14,57,-7,51,-16,50,-15,48,-13,47,-17,44,-14,48,-18,42,-16,39,-13,39,-15,36,-14,28,-15,24,-15,18,-14,12,-17,14,-23,8,-25,4,-28,0,-33,5,-35,-3,-44,-2,-42,-1,-47,-2,-48,-4,-50,-4,-50,-2,-54,-5,-53,-4,-57,-4,-58,-4,-65,-1,-64,4,-64,8,-66,10,-62,7,-58,14,-57,14,-58,8,-57,13,-54,13,-48,19,-51,12,-48,16,-49,13,-42,14,-40,12,-34,14,-38,16,-38,12,-33,14,-32,15,-36,0,0,0,0,0,0,0,0,0,0,0,0,0,0,0,0,0,0,0,0,0,0,-35,34,-38,35,-39,33,-40,33,-39,29,-40,32,-41,33,-43,33,-49,32,-48,33,-52,33,-56,33,-59,29,-63,33,-59,28,-55,28,-57,30,-57,25,-58,31,-60,21,-61,22,-58,23,-58,20,-54,25,-48,23,-49,22,-48,26,-49,27,-44,27,-47,26,-37,28,-43,29,-39,28,-37,26,-35,30,-32,29,-24,29,-27,32,-24,37,-20,40,-16,41,-16,42,-19,48,-12,51,-15,51,-17,57,-16,52,-11,55,-16,53,-5,53,-9,53,-8,57,-5,55,-2,48,-3,57,4,55,3,55,0,0]",1
CSI_DATA,62647,1a:00:00:00:00:00,-37,11,1,0,1,1,1,0,0,0,1,-97,0,11,2,841176018,0,44,0,384,0,"[0,0,0,0,0,0,0,0,0,0,0,0,10,-2,9,-2,9,-2,8,-3,8,-3,8,-3,8,-3,8,-3,8,-3,7,-3,7,-3,6,-3,5,-3,4,-3,4,-3,3,-3,2,-4,1,-4,0,-5,0,-6,0,-7,0,-8,-1,-8,-1,-9,-1,-9,-1,-9,0,0,-1,-10,-1,-11,-1,-11,-1,-12,-1,-12,0,-12,0,-13,1,-12,1,-12,2,-12,2,-11,2,-11,2,-11,2,-11,2,-10,2,-10,3,-10,2,-9,3,-8,2,-8,3,-8,2,-7,2,-7,2,-7,2,-7,2,-7,0,0,0,0,0,0,0,0,0,0,0,0,0,0,-44,-42,-47,-35,-43,-39,-40,-40,-41,-35,-39,-31,-42,-32,-40,-33,-36,-26,-38,-27,-39,-22,-41,-30,-37,-22,-36,-21,-33,-17,-31,-16,-33,-14,-35,-13,-28,-4,-21,0,-25,4,-24,10,-19,15,-19,19,-27,18,-32,28,-30,26,-34,28,-31,32,-36,34,-34,37,-42,38,-32,38,-38,42,-41,40,-48,47,-45,38,-48,41,-52,36,-59,39,-53,29,-51,30,-52,29,-55,31,-50,24,-48,26,-47,24,-45,21,-47,19,-43,16,-41,16,-39,14,-35,10,-36,12,-35,13,-38,12,-36,11,0,0,0,0,0,0,0,0,0,0,0,0,0,0,0,0,0,0,0,0,0,0,49,3,51,8,47,11,50,12,48,10,53,11,48,15,52,11,57,19,53,11,57,20,54,23,60,29,59,26,58,34,49,30,56,28,53,30,56,27,54,28,48,26,48,33,44,26,50,23,45,22,48,22,49,17,48,20,46,16,50,16,48,16,49,15,43,14,47,18,41,8,44,8,41,7,42,-1,41,-5,45,-13,41,-16,42,-18,47,-20,47,-25,53,-22,54,-21,46,-18,50,-24,49,-25,49,-29,49,-28,46,-34,51,-29,43,-29,42,-32,42,-35,37,-35,0,0]",1
CSI_DATA,62648,1a:00:00:00:00:00,-37,11,1,0,1,1,1,0,0,0,1,-97,0,11,2,841186019,0,44,0,384,0,"[0,0,0,0,0,0,0,0,0,0,0,0,-9,-5,-9,-5,-8,-4,-8,-4,-8,-4,-8,-4,-8,-3,-8,-3,-8,-3,-7,-3,-7,-2,-7,-2,-6,-1,-5,-1,-5,0,-4,1,-4,2,-4,2,-3,4,-4,4,-4,5,-4,6,-4,6,-4,7,-4,7,-4,7,0,0,-4,8,-5,9,-5,9,-4,10,-5,10,-6,10,-7,10,-7,10,-7,9,-7,9,-7,9,-7,9,-7,8,-7,8,-7,7,-7,7,-7,7,-7,6,-7,5,-7,5,-6,5,-6,5,-6,5,-5,5,-6,5,-6,5,0,0,0,0,0,0,0,0,0,0,0,0,0,0,8,53,7,52,12,51,10,46,16,48,9,41,15,47,18,45,15,39,16,40,18,38,17,36,22,37,19,34,19,27,11,28,17,23,18,19,14,14,20,3,26,3,24,4,25,-1,29,-8,29,-9,36,-12,40,-16,39,-11,44,-13,44,-19,48,-20,47,-21,44,-20,50,-22,51,-20,57,-19,57,-22,62,-19,56,-17,63,-11,59,-9,57,-14,63,-6,54,-9,56,-7,56,-7,51,-7,53,-4,48,-2,40,-2,43,2,43,-3,39,0,38,-1,39,-5,34,-4,39,-2,0,0,0,0,0,0,0,0,0,0,0,0,0,0,0,0,0,0,0,0,0,0,-23,-40,-23,-45,-19,-46,-14,-48,-17,-47,-18,-46,-19,-50,-17,-51,-19,-52,-19,-58,-19,-58,-15,-62,-15,-64,-14,-59,-13,-58,-12,-56,-16,-60,-11,-60,-13,-60,-12,-58,-12,-55,-10,-57,-14,-55,-16,-51,-20,-46,-22,-51,-23,-49,-22,-50,-18,-48,-20,-44,-18,-41,-30,-48,-27,-41,-25,-45,-27,-37,-28,-36,-34,-33,-29,-27,-34,-33,-36,-21,-44,-21,-43,-21,-47,-16,-51,-18,-51,-16,-56,-24,-56,-20,-53,-17,-53,-14,-55,-14,-58,-10,-55,-5,-55,-10,-50,-6,-54,-6,-58,1,-55,1,0,0]",1
CSI_DATA,62649,1a:00:00:00:00:00,-37,11,1,0,1,1,1,0,0,0,1,-97,0,11,2,841196045,0,44,0,384,0,"[0,0,0,0,0,0,0,0,0,0,0,0,2,8,2,8,3,8,3,7,3,7,3,6,3,7,3,6,3,6,3,5,3,5,3,4,3,3,3,3,3,1,3,1,4,0,4,-1,5,-2,6,-2,6,-3,7,-3,7,-3,8,-4,8,-4,8,-4,0,0,9,-4,9,-5,9,-5,10,-5,10,-5,11,-5,12,-4,12,-4,12,-3,12,-3,11,-3,11,-3,11,-2,11,-2,10,-1,10,-1,10,-1,9,0,9,0,8,0,8,0,7,0,7,-1,7,-1,7,-1,7,0,0,0,0,0,0,0,0,0,0,0,0,0,0,0,30,-46,28,-45,27,-40,23,-45,23,-45,22,-39,17,-39,17,-43,12,-43,12,-43,13,-43,12,-38,5,-40,9,-38,4,-31,6,-30,-5,-25,-2,-22,-4,-21,-12,-18,-17,-19,-20,-14,-27,-19,-27,-18,-35,-16,-38,-13,-38,-14,-45,-19,-48,-20,-42,-22,-50,-16,-49,-20,-51,-24,-55,-17,-56,-18,-61,-24,-57,-23,-59,-24,-59,-31,-60,-33,-55,-32,-56,-37,-53,-31,-49,-33,-50,-34,-45,-36,-41,-35,-40,-35,-36,-32,-33,-31,-33,-31,-30,-30,-32,-28,-28,-27,-27,-25,-31,-24,-28,-25,0,0,0,0,0,0,0,0,0,0,0,0,0,0,0,0,0,0,0,0,0,0,-5,52,-9,46,-15,51,-12,50,-15,48,-13,46,-12,48,-12,53,-13,54,-18,55,-21,54,-22,55,-25,62,-25,57,-25,58,-20,54,-21,55,-20,54,-22,63,-27,59,-28,55,-30,57,-24,48,-23,46,-20,46,-16,47,-14,45,-13,48,-13,50,-11,57,-9,46,-7,52,-6,45,-3,51,4,46,2,46,3,44,7,45,10,46,14,39,21,43,26,37,27,43,30,43,30,41,30,48,31,49,34,45,35,42,32,42,35,44,36,39,37,40,37,33,34,35,40,39,44,31,0,0]",1
CSI_DATA,62650,1a:00:00:00:00:00,-37,11,1,0,1,1,1,0,0,0,1,-97,0,11,2,841206028,0,44,0,384,0,"[0,0,0,0,0,0,0,0,0,0,0,0,2,-9,2,-9,1,-8,1,-8,0,-8,0,-8,0,-8,0,-7,0,-7,-1,-7,-1,-6,-1,-6,-1,-5,-2,-4,-2,-4,-3,-3,-4,-3,-5,-3,-6,-2,-6,-3,-7,-2,-8,-3,-8,-3,-9,-3,-9,-3,-9,-3,0,0,-10,-3,-10,-3,-10,-3,-11,-3,-11,-3,-12,-4,-12,-4,-12,-5,-12,-5,-11,-5,-11,-5,-11,-5,-11,-6,-10,-6,-9,-6,-9,-6,-9,-6,-8,-6,-7,-6,-7,-6,-6,-5,-7,-6,-7,-5,-6,-5,-6,-5,-6,-5,0,0,0,0,0,0,0,0,0,0,0,0,0,0,-48,12,-51,18,-50,14,-48,19,-49,20,-43,18,-39,19,-37,18,-33,20,-35,18,-31,24,-32,24,-29,27,-25,21,-19,20,-20,21,-17,21,-10,21,-4,22,0,21,3,25,5,26,8,28,12,32,17,35,22,40,24,42,23,42,20,46,20,43,22,46,27,47,24,49,26,45,30,51,28,52,30,56,28,57,30,57,24,58,20,62,21,62,21,61,17,57,16,61,9,57,11,55,9,58,5,47,4,52,6,44,3,41,8,41,8,40,7,37,5,38,0,44,0,0,0,0,0,0,0,0,0,0,0,0,0,0,0,0,0,0,0,0,0,0,35,-38,36,-31,41,-33,37,-32,40,-31,34,-28,39,-32,40,-33,44,-33,46,-36,49,-32,52,-29,52,-31,53,-33,55,-32,52,-29,49,-32,55,-35,55,-33,53,-31,57,-28,56,-29,50,-26,48,-27,45,-26,40,-29,42,-29,38,-29,39,-28,35,-35,36,-35,35,-34,37,-37,32,-34,29,-37,25,-37,26,-37,18,-39,19,-40,15,-41,7,-45,10,-47,6,-48,5,-53,2,-52,8,-57,1,-57,5,-61,0,-55,1,-56,0,-51,-1,-56,-2,-54,-8,-53,-12,-53,-8,-50,-11,-56,0,0]",1
CSI_DATA,62651,1a:00:00:00:00:00,-37,11,1,0,1,1,1,0,0,0,1,-97,0,11,2,841216014,0,44,0,384,0,"[0,0,0,0,0,0,0,0,0,0,0,0,-8,5,-7,5,-7,5,-6,5,-6,5,-6,5,-5,5,-5,5,-5,5,-4,5,-4,4,-3,4,-2,4,-1,4,-1,4,0,3,1,4,2,4,3,4,4,5,4,5,5,6,5,7,5,7,5,7,6,7,0,0,6,7,6,7,7,7,7,8,8,8,7,9,7,9,6,9,6,10,6,10,6,10,5,10,5,9,5,9,4,9,4,9,4,9,3,9,3,8,2,8,2,8,2,7,2,7,2,7,2,7,2,7,0,0,0,0,0,0,0,0,0,0,0,0,0,0,57,16,50,9,48,7,47,8,49,10,42,10,49,4,48,5,39,2,43,-2,36,-5,42,-7,38,-6,33,-2,30,-6,28,-10,21,-9,21,-12,18,-17,11,-18,8,-23,9,-25,2,-31,8,-38,8,-43,3,-41,6,-49,7,-45,9,-49,7,-51,4,-53,10,-57,6,-51,5,-54,1,-62,8,-62,9,-64,15,-63,20,-65,13,-64,19,-58,21,-60,22,-60,19,-59,20,-56,23,-58,24,-54,26,-51,25,-44,22,-42,22,-39,22,-38,20,-38,21,-34,16,-38,22,-35,21,-37,0,0,0,0,0,0,0,0,0,0,0,0,0,0,0,0,0,0,0,0,0,0,-50,17,-50,18,-50,14,-56,11,-51,8,-50,13,-47,13,-54,10,-52,9,-54,11,-58,7,-59,7,-61,6,-61,3,-62,1,-56,5,-62,4,-60,7,-61,3,-61,-3,-63,-1,-66,0,-56,-1,-51,2,-51,2,-48,5,-49,8,-53,10,-48,10,-46,12,-47,13,-48,10,-46,14,-45,12,-42,20,-37,17,-34,16,-34,22,-35,28,-29,30,-34,31,-28,36,-30,44,-29,44,-28,41,-35,46,-33,49,-25,47,-35,50,-26,48,-23,49,-27,49,-20,49,-25,47,-14,52,-18,51,-16,58,0,0]",1
CSI_DATA,62652,1a:00:00:00:00:00,-37,11,1,0,1,1,1,0,0,0,1,-97,0,11,2,841236565,0,44,0,384,0,"[0,0,0,0,0,0,0,0,0,0,0,0,1,-10,1,-10,0,-10,0,-10,0,-9,0,-9,-1,-9,0,-8,-1,-8,-1,-7,-1,-7,-1,-6,-1,-5,-2,-4,-3,-3,-3,-3,-4,-2,-5,-2,-6,-1,-7,-1,-7,-1,-8,-1,-9,-1,-9,-1,-9,-1,-10,-1,0,0,-10,-1,-11,-1,-11,-1,-11,-1,-12,-1,-12,-2,-12,-2,-12,-3,-12,-3,-11,-3,-11,-2,-11,-3,-11,-3,-11,-3,-10,-3,-10,-3,-10,-3,-10,-3,-9,-4,-8,-4,-8,-4,-8,-4,-8,-3,-8,-3,-8,-4,-8,-4,0,0,0,0,0,0,0,0,0,0,0,0,0,0,-57,31,-56,28,-46,33,-50,32,-51,26,-48,29,-42,28,-41,26,-41,29,-37,25,-34,26,-36,24,-31,24,-25,25,-25,20,-23,26,-13,19,-9,22,-4,19,-6,18,3,20,9,25,15,25,16,28,22,30,23,35,23,43,23,38,23,42,27,41,27,39,25,45,31,44,31,43,30,48,33,51,31,52,27,55,26,57,25,61,22,59,24,54,20,55,22,57,17,55,20,53,15,48,14,50,7,46,8,48,4,47,10,38,2,43,6,43,6,42,9,44,4,41,0,0,0,0,0,0,0,0,0,0,0,0,0,0,0,0,0,0,0,0,0,0,16,-48,18,-45,22,-48,25,-45,23,-46,27,-41,27,-45,26,-43,30,-51,27,-50,32,-52,33,-49,37,-50,37,-51,36,-45,36,-47,35,-50,40,-50,39,-45,42,-43,40,-44,41,-45,40,-43,33,-43,31,-42,32,-43,30,-48,27,-44,31,-44,23,-47,24,-43,21,-45,24,-43,20,-43,20,-43,17,-44,12,-42,6,-37,3,-41,2,-47,-3,-45,-11,-46,-7,-48,-7,-48,-12,-50,-13,-55,-11,-59,-11,-51,-13,-56,-17,-58,-20,-52,-22,-56,-20,-51,-24,-44,-28,-54,-27,-49,-28,-51,0,0]",1
CSI_DATA,62653,1a:00:00:00:00:00,-37,11,1,0,1,1,1,0,0,0,1,-97,0,11,2,841246027,0,44,0,384,0,"[0,0,0,0,0,0,0,0,0,0,0,0,-1,10,-1,9,0,9,0,9,0,9,0,8,0,7,0,7,0,7,0,7,0,6,0,5,1,4,1,3,1,2,2,1,3,1,4,0,5,-1,6,-1,6,-1,7,-1,8,-1,8,-1,9,-1,9,-1,0,0,9,-1,10,-1,10,-1,10,-1,11,-1,11,-1,11,0,11,0,11,0,10,1,10,0,10,1,10,1,10,1,10,1,9,1,9,1,8,1,8,1,8,1,8,1,7,1,7,1,7,1,7,1,7,2,0,0,0,0,0,0,0,0,0,0,0,0,0,0,42,-47,39,-41,46,-41,41,-38,40,-39,40,-38,39,-35,36,-37,32,-40,28,-40,28,-36,30,-33,24,-32,21,-29,18,-26,14,-22,14,-26,5,-23,2,-20,-5,-19,-11,-22,-13,-21,-21,-18,-23,-22,-25,-24,-35,-26,-29,-30,-36,-34,-36,-31,-37,-32,-41,-38,-43,-36,-43,-38,-44,-34,-46,-35,-48,-42,-44,-43,-46,-47,-48,-46,-41,-50,-41,-45,-39,-48,-39,-43,-40,-46,-35,-42,-36,-46,-33,-45,-30,-46,-30,-46,-31,-38,-25,-41,-23,-39,-27,-35,-21,-35,-22,-36,-22,-36,-21,-43,0,0,0,0,0,0,0,0,0,0,0,0,0,0,0,0,0,0,0,0,0,0,-18,49,-23,48,-24,47,-26,48,-31,46,-29,43,-28,50,-31,45,-32,46,-28,47,-41,51,-40,48,-43,51,-46,49,-45,50,-40,48,-40,48,-40,49,-40,51,-45,48,-42,49,-43,45,-39,42,-35,44,-32,40,-33,44,-29,44,-26,48,-25,47,-27,48,-27,45,-21,48,-22,45,-20,44,-18,45,-13,42,-15,42,-10,47,-7,45,2,46,-1,44,9,40,9,45,13,46,14,47,12,54,16,50,19,50,21,52,21,50,22,45,24,42,29,46,30,37,31,43,35,40,41,39,0,0]",1
CSI_DATA,62654,1a:00:00:00:00:00,-38,11,1,0,1,1,1,0,0,0,1,-97,0,11,2,841266012,0,44,0,384,0,"[0,0,0,0,0,0,0,0,0,0,0,0,-11,1,-11,1,-10,1,-10,1,-10,2,-10,1,-9,1,-9,1,-9,1,-8,1,-7,1,-7,1,-6,1,-5,1,-4,2,-3,2,-2,2,-1,3,0,4,1,4,1,5,2,6,1,7,2,8,1,8,2,9,0,0,2,9,2,9,2,10,2,10,2,11,2,11,1,11,1,11,0,11,0,11,0,11,0,10,0,10,0,10,-1,10,-1,10,-1,9,-1,9,-1,8,-1,8,-1,8,-1,7,0,7,0,7,-1,7,-1,7,0,0,0,0,0,0,0,0,0,0,0,0,0,0,37,42,39,43,37,43,40,40,43,42,38,41,38,35,33,36,38,32,38,32,36,30,33,30,32,22,34,28,27,23,23,21,22,14,20,5,20,4,21,-2,16,-5,16,-12,16,-17,17,-20,19,-25,24,-34,25,-38,28,-36,27,-36,30,-39,32,-35,34,-42,34,-43,33,-42,32,-49,37,-50,41,-49,45,-46,47,-49,47,-41,49,-45,43,-39,43,-39,48,-40,40,-35,39,-37,38,-30,39,-28,40,-27,35,-27,34,-27,29,-26,29,-27,31,-28,32,-28,36,-22,37,-24,0,0,0,0,0,0,0,0,0,0,0,0,0,0,0,0,0,0,0,0,0,0,-43,-35,-40,-39,-43,-42,-38,-45,-39,-46,-33,-40,-36,-43,-38,-46,-39,-50,-38,-52,-35,-55,-40,-56,-32,-63,-30,-60,-30,-59,-29,-56,-35,-56,-34,-58,-32,-59,-34,-60,-29,-56,-28,-60,-29,-55,-25,-50,-27,-51,-30,-45,-30,-42,-34,-40,-37,-41,-36,-33,-36,-39,-36,-36,-35,-34,-35,-36,-35,-28,-34,-24,-35,-23,-32,-22,-36,-20,-37,-16,-37,-8,-37,-8,-40,-6,-44,-3,-42,3,-40,2,-42,8,-47,9,-45,13,-45,17,-45,17,-44,17,-41,13,-45,25,-47,25,-42,24,-41,28,0,0]",1
CSI_DATA,62655,1a:00:00:00:00:00,-38,11,1,0,1,1,1,0,0,0,1,-97,0,11,2,841276017,0,44,0,384,0,"[0,0,0,0,0,0,0,0,0,0,0,0,7,6,8,5,8,6,8,5,7,5,7,5,7,4,7,5,7,5,6,4,6,4,5,3,4,3,4,2,3,1,3,0,2,-1,2,-2,2,-3,2,-5,3,-6,3,-7,4,-7,4,-8,5,-8,5,-8,0,0,5,-9,5,-9,5,-10,6,-10,6,-10,7,-10,7,-10,7,-10,7,-9,8,-9,8,-9,8,-8,8,-8,7,-7,7,-7,7,-7,6,-6,6,-6,6,-6,5,-6,5,-6,5,-6,5,-6,5,-6,5,-6,5,-6,0,0,0,0,0,0,0,0,0,0,0,0,0,0,-9,-51,-3,-51,-7,-61,-9,-56,-9,-52,-10,-53,-13,-50,-14,-50,-13,-50,-9,-51,-9,-52,-12,-50,-9,-45,-9,-39,-10,-39,-6,-31,-11,-32,-11,-25,-10,-20,-12,-18,-17,-9,-18,-5,-24,2,-27,4,-33,6,-36,9,-39,12,-42,10,-49,12,-48,12,-48,10,-52,12,-50,16,-55,20,-57,16,-61,14,-59,11,-62,12,-66,8,-67,6,-62,5,-63,3,-59,1,-60,4,-54,-1,-57,0,-52,-3,-51,5,-48,1,-45,-2,-43,0,-42,-2,-40,4,-40,-1,-40,7,-41,1,-44,0,0,0,0,0,0,0,0,0,0,0,0,0,0,0,0,0,0,0,0,0,0,0,5,56,1,53,0,56,-5,59,-8,56,-7,56,-8,57,-10,62,-10,62,-11,66,-15,68,-14,68,-18,64,-16,68,-19,62,-17,66,-15,65,-18,66,-22,60,-18,64,-23,61,-18,62,-23,56,-21,51,-15,53,-10,47,-9,47,-6,52,-1,51,0,51,1,49,3,50,1,46,6,44,5,44,7,41,8,42,8,38,14,35,18,34,19,30,24,29,27,29,32,23,32,22,26,24,36,24,39,21,42,19,42,19,44,19,41,7,44,12,47,9,49,3,46,-1,53,1,0,0]",1
CSI_DATA,62656,1a:00:00:00:00:00,-38,11,1,0,1,1,1,0,0,0,1,-97,0,11,2,841286017,0,44,0,384,0,"[0,0,0,0,0,0,0,0,0,0,0,0,-2,-11,-2,-10,-3,-10,-2,-10,-3,-10,-3,-10,-3,-9,-2,-9,-3,-9,-2,-8,-2,-8,-2,-7,-2,-6,-2,-5,-2,-4,-2,-3,-3,-2,-4,-1,-4,0,-5,1,-6,1,-7,2,-8,2,-9,2,-9,2,-9,2,0,0,-10,2,-11,2,-11,3,-11,3,-12,2,-13,2,-13,1,-13,1,-13,1,-12,0,-12,0,-12,0,-11,0,-11,0,-10,0,-10,-1,-10,-1,-9,0,-9,0,-8,0,-8,0,-8,0,-8,0,-8,0,-9,0,-9,0,0,0,0,0,0,0,0,0,0,0,0,0,0,0,-43,34,-36,39,-39,34,-37,44,-34,44,-36,40,-37,41,-31,41,-30,39,-27,41,-29,38,-30,39,-27,36,-27,35,-21,29,-22,32,-15,26,-14,19,-8,18,-4,16,0,13,9,16,16,12,23,10,27,12,31,14,37,17,43,20,41,23,43,22,46,27,50,24,46,25,47,29,48,30,52,31,53,31,55,41,56,37,50,40,44,38,44,39,39,41,45,34,41,43,38,35,38,33,38,34,39,30,34,32,38,28,30,24,38,25,34,24,33,21,35,23,33,25,0,0,0,0,0,0,0,0,0,0,0,0,0,0,0,0,0,0,0,0,0,0,42,-36,48,-34,48,-33,53,-30,51,-28,49,-27,50,-26,57,-32,61,-31,60,-29,62,-23,66,-19,64,-25,64,-21,65,-24,61,-21,66,-20,63,-24,66,-22,69,-21,66,-20,62,-19,58,-13,53,-16,48,-17,42,-24,46,-26,45,-22,41,-23,38,-29,40,-31,36,-30,35,-30,34,-35,29,-34,29,-32,24,-36,25,-37,20,-39,15,-41,11,-39,7,-39,4,-46,0,-39,0,-42,3,-37,-1,-43,-8,-45,-4,-46,-9,-44,-5,-40,-18,-43,-18,-36,-18,-36,-26,-40,-21,-39,-29,-42,0,0]",1
CSI_DATA,62657,1a:00:00:00:00:00,-39,11,1,0,1,1,1,0,0,0,1,-97,0,11,2,841306030,0,44,0,384,0,"[0,0,0,0,0,0,0,0,0,0,0,0,7,0,7,0,8,-1,7,-1,8,-1,7,-1,7,-1,7,-1,7,-1,7,-1,6,-1,5,-1,4,-1,3,-1,2,-2,1,-2,0,-3,0,-4,-1,-4,-2,-6,-2,-7,-2,-8,-3,-9,-3,-9,-2,-10,-3,-10,0,0,-2,-11,-3,-11,-3,-11,-3,-13,-3,-12,-2,-13,-1,-13,-1,-13,-1,-13,-1,-13,-1,-12,0,-11,-1,-11,0,-11,0,-11,0,-10,0,-10,0,-9,0,-9,0,-8,0,-8,-1,-8,-1,-8,-1,-8,-1,-8,-1,-8,0,0,0,0,0,0,0,0,0,0,0,0,0,0,-19,-45,-24,-34,-24,-37,-25,-37,-29,-30,-29,-31,-28,-29,-33,-31,-37,-28,-37,-25,-29,-27,-31,-26,-33,-24,-31,-23,-27,-22,-20,-21,-20,-14,-17,-9,-14,1,-14,-3,-16,7,-15,8,-13,19,-10,27,-17,27,-21,37,-19,36,-19,39,-22,47,-24,44,-27,48,-33,50,-27,47,-29,52,-27,55,-36,56,-39,54,-42,52,-46,51,-45,49,-36,47,-42,51,-40,48,-36,49,-40,45,-38,44,-41,37,-38,37,-33,36,-28,34,-31,28,-25,29,-28,31,-23,29,-20,33,-24,36,-31,36,0,0,0,0,0,0,0,0,0,0,0,0,0,0,0,0,0,0,0,0,0,0,16,54,5,55,6,57,5,59,2,64,0,59,5,55,3,62,5,65,9,65,1,64,0,68,-1,69,2,71,1,67,1,66,2,68,2,71,1,72,-5,73,-7,72,-7,67,-6,60,-3,61,-2,53,1,50,5,50,7,48,10,47,11,46,12,41,21,41,16,39,17,41,22,38,23,37,26,35,28,32,29,30,31,27,33,23,37,20,36,19,41,12,44,11,37,16,45,13,43,9,40,11,42,7,40,5,45,-5,40,-4,38,-11,46,-9,38,-15,40,-14,0,0]",1
CSI_DATA,62658,1a:00:00:00:00:00,-38,11,1,0,1,1,1,0,0,0,1,-97,0,11,2,841316017,0,44,0,384,0,"[0,0,0,0,0,0,0,0,0,0,0,0,-6,-5,-6,-5,-7,-5,-7,-5,-7,-5,-7,-5,-7,-4,-7,-4,-7,-4,-6,-4,-6,-4,-5,-3,-5,-3,-4,-2,-4,-1,-3,0,-3,2,-3,3,-3,4,-3,5,-4,6,-4,7,-5,8,-5,8,-5,8,-5,9,0,0,-6,10,-6,10,-6,11,-6,11,-7,11,-8,11,-9,11,-9,10,-9,10,-9,9,-8,9,-8,9,-8,8,-8,8,-8,7,-8,7,-8,7,-7,6,-6,6,-6,5,-6,5,-5,5,-5,5,-5,5,-5,6,-5,6,0,0,0,0,0,0,0,0,0,0,0,0,0,0,-12,38,-20,42,-7,34,-4,45,-6,39,-3,37,3,41,0,42,6,45,4,37,0,41,5,39,4,34,7,39,2,29,3,28,6,27,11,23,12,15,11,10,23,7,23,6,25,-2,36,-8,34,-9,44,-14,47,-9,49,-6,57,-8,58,-10,58,-9,64,-10,65,-12,67,-15,71,-9,66,-5,72,-9,71,0,69,0,73,2,73,1,67,2,68,6,67,0,59,1,65,5,59,12,54,3,52,5,49,5,49,5,41,3,42,2,36,3,37,0,41,-3,41,1,0,0,0,0,0,0,0,0,0,0,0,0,0,0,0,0,0,0,0,0,0,0,32,-42,37,-42,38,-46,39,-37,40,-42,34,-41,36,-40,42,-40,39,-46,42,-46,48,-47,51,-46,46,-48,51,-45,50,-41,49,-47,46,-45,53,-48,47,-46,51,-45,58,-42,55,-44,56,-37,46,-38,38,-36,38,-35,36,-40,35,-36,32,-39,24,-36,24,-42,24,-39,19,-38,14,-43,14,-39,11,-40,5,-42,6,-40,1,-39,-2,-37,-6,-39,-12,-39,-11,-37,-15,-41,-14,-37,-12,-34,-22,-39,-26,-41,-20,-42,-28,-37,-28,-28,-27,-30,-28,-30,-28,-25,-32,-19,-35,-22,-35,-17,0,0]",1
CSI_DATA,62659,1a:00:00:00:00:00,-38,11,1,0,1,1,1,0,0,0,1,-97,0,11,2,841326668,0,44,0,384,0,"[0,0,0,0,0,0,0,0,0,0,0,0,-7,3,-7,4,-6,4,-6,4,-6,5,-6,5,-6,5,-6,4,-5,4,-5,4,-5,4,-4,4,-3,3,-2,3,-1,3,0,3,1,3,2,4,3,4,4,5,5,5,5,6,6,7,6,7,7,8,7,8,0,0,7,9,7,9,8,10,8,10,8,10,7,12,7,12,6,12,6,12,5,11,5,11,5,11,5,11,4,10,4,10,3,10,3,9,3,9,2,8,2,7,2,7,3,7,3,6,3,6,3,6,3,6,0,0,0,0,0,0,0,0,0,0,0,0,0,0,38,26,33,17,35,17,42,6,39,6,45,9,43,8,44,1,43,4,41,-2,36,2,37,-3,45,-3,33,-1,31,-2,24,-9,25,-9,24,-7,15,-14,9,-19,10,-27,7,-27,2,-34,0,-37,3,-48,0,-46,-4,-52,4,-57,3,-60,0,-64,-1,-67,5,-67,6,-64,4,-72,6,-71,10,-78,7,-79,12,-79,22,-80,15,-73,18,-71,19,-69,24,-64,19,-67,19,-66,17,-58,21,-55,18,-56,22,-54,20,-48,14,-44,14,-41,15,-44,8,-42,8,-42,6,-41,12,-46,0,0,0,0,0,0,0,0,0,0,0,0,0,0,0,0,0,0,0,0,0,0,-36,-37,-35,-41,-33,-43,-29,-45,-33,-49,-31,-41,-30,-39,-36,-43,-36,-44,-34,-47,-34,-53,-32,-50,-38,-56,-31,-51,-32,-53,-31,-51,-40,-52,-38,-50,-39,-53,-38,-56,-31,-56,-29,-56,-30,-54,-27,-53,-23,-43,-25,-42,-29,-39,-28,-40,-32,-32,-31,-32,-28,-24,-35,-25,-34,-22,-37,-21,-35,-16,-37,-12,-33,-6,-34,-5,-37,-6,-32,1,-32,4,-37,7,-38,15,-42,18,-38,14,-50,19,-40,19,-45,21,-44,18,-45,19,-35,26,-37,25,-36,27,-35,30,-29,35,-30,33,-28,32,0,0]",1
CSI_DATA,62660,1a:00:00:00:00:00,-38,11,1,0,1,1,1,0,0,0,1,-97,0,11,2,841346046,0,44,0,384,0,"[0,0,0,0,0,0,0,0,0,0,0,0,-8,-1,-7,-1,-7,-1,-8,0,-8,0,-8,0,-8,0,-7,0,-7,0,-7,1,-6,1,-6,1,-5,2,-4,2,-3,2,-2,3,-2,4,-1,5,-1,6,-1,7,0,8,-1,9,-1,10,0,10,0,11,0,11,0,0,-1,12,-1,12,-1,13,-1,13,-1,13,-2,14,-3,13,-3,13,-4,13,-4,12,-3,12,-4,12,-4,11,-4,11,-4,11,-4,10,-4,10,-4,9,-4,8,-4,8,-4,8,-3,7,-2,7,-2,7,-3,8,-3,8,0,0,0,0,0,0,0,0,0,0,0,0,0,0,3,43,7,36,12,39,8,39,16,38,20,30,23,31,16,38,27,29,22,31,22,26,22,25,30,23,26,23,19,18,22,19,23,14,23,7,20,1,23,-5,29,-9,25,-16,34,-20,34,-20,38,-31,44,-30,42,-34,47,-32,53,-33,55,-36,57,-34,61,-44,57,-39,57,-44,53,-45,70,-42,65,-41,69,-37,74,-34,72,-32,67,-26,69,-29,68,-21,68,-25,67,-26,57,-25,59,-16,54,-22,56,-17,49,-17,47,-12,41,-12,40,-18,40,-15,40,-15,37,-17,46,-17,0,0,0,0,0,0,0,0,0,0,0,0,0,0,0,0,0,0,0,0,0,0,1,-48,4,-50,5,-46,10,-51,7,-47,7,-47,7,-45,1,-48,7,-55,10,-53,10,-54,8,-55,10,-57,10,-59,10,-56,6,-54,8,-57,7,-56,3,-58,9,-60,9,-60,10,-55,12,-57,9,-53,8,-52,6,-47,6,-48,1,-46,-3,-47,-3,-45,-5,-39,-7,-39,-10,-34,-13,-35,-16,-33,-16,-37,-16,-28,-19,-26,-26,-26,-32,-26,-36,-25,-39,-17,-43,-21,-47,-18,-50,-17,-48,-16,-49,-17,-54,-14,-53,-19,-49,-22,-49,-16,-55,-11,-45,-9,-46,-10,-44,-2,-48,-1,-48,-1,0,0]",1
CSI_DATA,62661,1a:00:00:00:00:00,-38,11,1,0,1,1,1,0,0,0,1,-97,0,11,2,841356028,0,44,0,384,0,"[0,0,0,0,0,0,0,0,0,0,0,0,3,6,4,6,4,5,5,6,5,5,5,5,5,5,5,4,5,4,4,4,5,3,4,2,4,2,4,1,4,-1,4,-2,5,-3,5,-4,6,-5,7,-5,8,-6,8,-6,9,-6,9,-7,10,-7,10,-7,0,0,11,-7,11,-8,11,-8,12,-8,13,-8,13,-7,14,-7,13,-6,13,-6,13,-5,12,-5,12,-5,12,-4,11,-4,11,-4,11,-4,11,-3,10,-3,9,-3,9,-3,9,-2,8,-3,8,-3,8,-3,8,-3,8,-3,0,0,0,0,0,0,0,0,0,0,0,0,0,0,17,-40,17,-39,18,-45,10,-41,5,-43,5,-41,2,-43,2,-43,2,-42,-1,-44,-2,-41,-7,-39,-6,-35,-5,-37,-7,-32,-15,-31,-12,-26,-15,-20,-22,-18,-23,-16,-31,-11,-37,-9,-37,-12,-44,-7,-47,-6,-55,-12,-53,-14,-61,-14,-64,-16,-63,-12,-66,-11,-71,-18,-66,-16,-73,-10,-74,-18,-80,-12,-74,-19,-71,-27,-75,-28,-75,-30,-73,-27,-70,-26,-66,-30,-67,-28,-59,-33,-63,-28,-58,-30,-52,-32,-51,-29,-48,-26,-45,-31,-45,-21,-38,-23,-47,-24,-44,-21,-42,-22,-40,-19,0,0,0,0,0,0,0,0,0,0,0,0,0,0,0,0,0,0,0,0,0,0,-23,43,-28,42,-27,40,-33,41,-31,36,-27,39,-26,37,-26,39,-26,41,-28,44,-32,46,-31,39,-34,43,-29,37,-31,39,-34,41,-30,45,-26,48,-32,47,-35,52,-39,45,-36,41,-32,46,-32,40,-28,42,-26,41,-26,43,-27,42,-21,37,-19,38,-17,37,-12,36,-15,36,-7,32,-5,36,1,34,1,29,9,34,12,36,20,34,18,32,23,35,24,39,31,37,34,38,24,39,31,45,30,42,29,42,32,42,33,38,34,32,35,34,33,28,42,38,40,26,34,19,0,0]",1
CSI_DATA,62662,1a:00:00:00:00:00,-38,11,1,0,1,1,1,0,0,0,1,-97,0,11,2,841366047,0,44,0,384,0,"[0,0,0,0,0,0,0,0,0,0,0,0,3,-8,2,-8,2,-8,2,-8,1,-8,1,-8,1,-8,1,-8,1,-8,0,-8,0,-7,0,-6,-1,-6,-2,-6,-2,-5,-4,-5,-5,-5,-5,-5,-7,-5,-8,-5,-8,-6,-9,-6,-9,-7,-10,-7,-10,-7,-10,-8,0,0,-10,-8,-11,-8,-11,-8,-11,-9,-12,-9,-11,-10,-11,-10,-10,-11,-10,-11,-9,-11,-9,-11,-8,-10,-8,-10,-8,-10,-7,-10,-7,-10,-7,-9,-6,-9,-6,-9,-5,-8,-5,-8,-5,-8,-5,-8,-5,-7,-5,-7,-5,-7,0,0,0,0,0,0,0,0,0,0,0,0,0,0,-56,7,-50,6,-45,8,-48,6,-46,12,-39,9,-38,12,-40,18,-39,20,-41,21,-37,20,-33,24,-33,24,-34,22,-30,24,-22,26,-20,28,-13,27,-12,29,-5,28,-6,33,5,42,6,40,5,45,11,49,15,52,9,56,11,65,9,63,10,63,11,64,17,69,9,66,16,64,15,75,12,78,7,73,1,77,0,81,0,78,-3,71,-2,71,-7,68,-4,66,-7,62,-1,63,-5,59,-8,62,-11,58,-11,52,-10,50,-4,41,-12,49,-6,48,-6,44,-8,40,-7,44,0,0,0,0,0,0,0,0,0,0,0,0,0,0,0,0,0,0,0,0,0,0,47,-10,47,-7,47,-4,50,2,43,0,44,-1,46,0,46,-2,51,-3,49,0,52,6,55,2,52,1,52,-2,50,1,46,5,52,-3,58,-7,58,-2,60,1,57,-1,59,-1,51,0,52,5,43,-4,44,-1,44,0,47,-6,43,-3,40,-8,41,-8,35,-11,32,-15,34,-19,29,-20,28,-24,25,-23,26,-23,26,-31,19,-28,19,-35,15,-39,16,-42,20,-49,15,-50,18,-50,21,-52,15,-56,23,-54,15,-51,24,-54,14,-49,11,-47,7,-49,5,-41,2,-48,4,-47,0,0]",1
CSI_DATA,62663,1a:00:00:00:00:00,-37,11,1,0,1,1,1,0,0,0,1,-97,0,11,2,841376025,0,44,0,384,0,"[0,0,0,0,0,0,0,0,0,0,0,0,-8,3,-8,3,-8,4,-8,4,-8,4,-8,4,-8,4,-7,4,-7,4,-6,4,-6,4,-5,4,-5,4,-4,4,-3,4,-2,5,-1,5,0,6,1,7,1,8,1,8,1,9,1,10,1,11,1,11,1,11,0,0,0,12,1,12,1,12,1,13,0,13,0,13,-1,13,-1,13,-2,13,-2,12,-2,12,-2,11,-2,11,-2,11,-3,10,-3,10,-3,9,-3,9,-3,9,-3,8,-3,8,-3,7,-2,7,-2,7,-3,7,-3,7,0,0,0,0,0,0,0,0,0,0,0,0,0,0,41,29,46,29,39,21,43,33,42,21,39,22,41,15,48,15,46,11,45,8,40,6,43,8,42,7,37,5,34,7,35,-4,37,2,32,-5,32,-11,25,-16,26,-21,16,-26,27,-32,31,-34,29,-40,36,-46,33,-42,37,-47,41,-49,38,-48,40,-48,41,-49,44,-50,45,-54,43,-53,44,-58,51,-54,54,-48,56,-44,54,-46,57,-42,47,-42,51,-40,46,-43,54,-35,49,-32,47,-32,46,-35,47,-29,41,-22,43,-23,38,-18,40,-23,34,-20,41,-21,40,-21,41,-20,0,0,0,0,0,0,0,0,0,0,0,0,0,0,0,0,0,0,0,0,0,0,-41,-14,-46,-16,-46,-18,-48,-21,-42,-20,-43,-19,-39,-22,-46,-19,-48,-19,-46,-20,-46,-24,-46,-26,-49,-27,-46,-27,-46,-25,-44,-25,-51,-24,-54,-22,-54,-26,-54,-30,-47,-33,-46,-32,-46,-33,-42,-28,-43,-24,-47,-23,-42,-19,-45,-22,-43,-23,-37,-12,-40,-13,-40,-11,-34,-9,-38,-9,-38,-1,-35,-3,-37,-3,-36,6,-42,9,-38,15,-38,18,-37,21,-41,28,-46,26,-44,28,-43,22,-48,29,-56,29,-50,34,-50,26,-47,28,-38,29,-45,35,-45,29,-35,39,-41,39,-34,41,0,0]",1
CSI_DATA,62664,1a:00:00:00:00:00,-37,11,1,0,1,1,1,0,0,0,1,-97,0,11,2,841387154,0,44,0,384,0,"[0,0,0,0,0,0,0,0,0,0,0,0,-6,6,-6,6,-6,7,-5,7,-5,7,-5,7,-5,7,-5,7,-5,7,-4,7,-4,6,-3,6,-3,5,-2,5,-1,5,0,5,1,5,2,5,3,5,4,6,4,6,5,7,5,8,5,8,6,9,5,9,0,0,6,9,6,9,6,9,6,10,6,10,6,11,5,11,5,11,4,11,4,11,4,10,3,10,3,10,3,9,3,10,2,9,2,9,2,8,2,8,1,7,1,7,1,7,2,7,1,7,1,7,1,7,0,0,0,0,0,0,0,0,0,0,0,0,0,0,55,3,54,5,57,8,48,-4,48,-5,47,-2,50,-4,47,-11,49,-12,44,-10,44,-10,43,-11,44,-13,42,-8,35,-12,34,-9,32,-13,27,-16,23,-20,21,-25,18,-28,11,-35,10,-36,10,-41,10,-49,9,-53,12,-55,15,-57,16,-56,16,-58,20,-63,16,-62,14,-62,15,-67,18,-68,21,-68,20,-66,24,-62,27,-67,26,-66,32,-61,29,-64,30,-55,29,-56,27,-55,25,-51,25,-50,32,-42,29,-42,26,-39,25,-41,24,-35,25,-37,23,-36,22,-32,24,-32,24,-35,0,0,0,0,0,0,0,0,0,0,0,0,0,0,0,0,0,0,0,0,0,0,-45,14,-45,10,-47,14,-49,10,-46,10,-47,11,-47,7,-48,11,-50,8,-50,8,-54,4,-57,3,-57,1,-53,5,-59,-3,-55,3,-58,4,-59,6,-58,5,-58,2,-57,-2,-65,-1,-52,1,-55,0,-52,1,-53,3,-48,5,-50,8,-48,8,-42,6,-41,11,-44,12,-35,13,-38,14,-38,20,-36,18,-29,22,-30,29,-32,22,-23,38,-23,39,-24,38,-28,45,-28,49,-28,45,-26,51,-28,55,-27,56,-26,54,-27,50,-29,43,-25,51,-20,53,-17,50,-12,51,-10,50,-11,59,0,0]",1
CSI_DATA,62665,1a:00:00:00:00:00,-37,11,1,0,1,1,1,0,0,0,1,-97,0,11,2,841396015,0,44,0,384,0,"[0,0,0,0,0,0,0,0,0,0,0,0,-2,-10,-3,-10,-3,-9,-3,-9,-4,-10,-4,-9,-3,-9,-4,-9,-3,-9,-3,-8,-3,-8,-3,-7,-3,-6,-4,-5,-4,-5,-5,-3,-5,-3,-6,-2,-7,-2,-8,-2,-9,-2,-10,-2,-10,-2,-11,-2,-11,-2,-11,-2,0,0,-12,-3,-12,-3,-12,-2,-13,-3,-13,-3,-13,-4,-13,-5,-12,-5,-12,-5,-11,-5,-11,-5,-11,-6,-10,-6,-10,-6,-9,-6,-9,-5,-9,-6,-8,-5,-8,-5,-7,-5,-7,-5,-7,-5,-7,-5,-7,-4,-7,-5,-6,-5,0,0,0,0,0,0,0,0,0,0,0,0,0,0,-37,40,-38,40,-38,39,-35,43,-30,41,-28,43,-30,39,-29,44,-31,43,-24,48,-24,45,-24,44,-18,41,-16,40,-14,35,-16,34,-11,33,-5,28,-5,30,4,29,5,31,15,27,15,29,20,33,21,38,30,40,28,47,25,44,30,48,29,50,29,51,32,57,31,52,38,54,38,58,36,59,29,58,30,64,26,65,27,65,23,64,20,61,18,57,19,53,19,55,18,56,9,55,10,48,8,47,13,44,4,45,4,44,8,42,8,39,5,39,3,41,2,41,0,0,0,0,0,0,0,0,0,0,0,0,0,0,0,0,0,0,0,0,0,0,4,-49,4,-51,11,-48,9,-46,8,-50,12,-46,12,-50,10,-46,12,-51,14,-52,15,-55,18,-53,24,-52,20,-53,19,-54,24,-51,19,-55,24,-58,24,-54,28,-56,25,-51,25,-52,25,-47,23,-44,24,-47,23,-48,23,-45,18,-46,15,-44,14,-47,11,-42,12,-45,6,-43,7,-38,3,-43,-2,-44,-6,-40,-5,-44,-5,-39,-11,-39,-17,-42,-19,-42,-26,-43,-26,-48,-19,-47,-27,-44,-32,-44,-27,-54,-30,-50,-26,-52,-30,-48,-34,-43,-34,-46,-36,-43,-35,-40,-38,-45,-38,-39,0,0]",1
CSI_DATA,62666,1a:00:00:00:00:00,-37,11,1,0,1,1,1,0,0,0,1,-97,0,11,2,841406013,0,44,0,384,0,"[0,0,0,0,0,0,0,0,0,0,0,0,-7,7,-7,7,-6,7,-6,8,-6,8,-6,8,-5,7,-5,7,-5,7,-5,7,-5,6,-4,6,-3,5,-3,5,-2,5,0,5,0,5,2,5,2,5,3,6,4,6,4,7,5,8,5,8,5,9,5,8,0,0,5,9,5,9,6,9,6,10,5,10,5,11,5,11,4,11,4,11,3,11,3,10,3,10,2,10,2,9,2,9,1,9,1,9,1,8,1,8,1,7,0,7,1,7,1,7,1,7,0,7,0,7,0,0,0,0,0,0,0,0,0,0,0,0,0,0,63,8,59,4,59,-4,58,-1,56,-1,50,-5,53,0,55,-5,53,-4,54,-6,45,-9,46,-9,48,-15,44,-9,43,-8,41,-11,31,-12,29,-15,28,-15,18,-20,19,-24,12,-27,13,-34,12,-39,9,-39,14,-48,14,-51,20,-49,18,-55,18,-56,13,-56,18,-61,18,-55,20,-60,17,-64,20,-68,22,-63,34,-63,29,-61,32,-58,32,-54,33,-53,38,-53,36,-50,36,-49,30,-41,33,-43,32,-44,29,-37,27,-35,28,-36,22,-32,25,-33,29,-31,27,-34,29,-33,30,-31,0,0,0,0,0,0,0,0,0,0,0,0,0,0,0,0,0,0,0,0,0,0,-34,30,-36,28,-43,28,-45,25,-40,26,-45,26,-45,20,-46,26,-45,24,-48,22,-50,25,-52,24,-54,20,-54,24,-55,21,-56,19,-60,17,-53,19,-58,20,-61,17,-58,15,-56,12,-53,9,-53,11,-50,13,-47,16,-50,16,-44,16,-44,21,-45,22,-49,21,-41,19,-35,22,-37,23,-37,22,-31,28,-32,27,-28,31,-30,34,-25,36,-26,44,-19,44,-21,44,-19,47,-20,50,-20,44,-20,51,-17,55,-15,53,-16,54,-13,55,-9,58,-12,55,-8,53,-11,58,-7,57,-1,62,0,0]",1
CSI_DATA,62667,1a:00:00:00:00:00,-37,11,1,0,1,1,1,0,0,0,1,-97,0,11,2,841418426,0,44,0,384,0,"[0,0,0,0,0,0,0,0,0,0,0,0,-7,-9,-7,-9,-7,-8,-7,-8,-7,-8,-7,-8,-7,-8,-7,-7,-6,-7,-6,-6,-6,-7,-6,-6,-5,-5,-5,-4,-5,-3,-5,-2,-6,-1,-6,0,-6,1,-7,1,-8,2,-9,2,-9,2,-10,2,-10,2,-11,2,0,0,-11,2,-11,2,-11,2,-12,3,-12,2,-13,1,-13,1,-13,0,-13,0,-12,-1,-12,0,-11,-1,-11,-1,-11,-1,-10,-1,-10,-2,-9,-2,-9,-1,-9,-2,-8,-2,-8,-2,-8,-2,-8,-2,-8,-2,-8,-2,-8,-2,0,0,0,0,0,0,0,0,0,0,0,0,0,0,-16,59,-14,59,-15,61,-14,55,-14,56,-10,55,-8,51,-7,51,-4,51,-9,51,-6,50,-5,46,-1,49,-2,44,-4,43,2,34,-3,36,5,29,8,29,14,26,17,25,18,20,26,23,28,17,35,18,39,19,42,25,45,26,46,29,45,30,46,32,49,29,44,29,50,27,48,32,54,30,54,33,48,41,46,43,47,42,42,47,43,44,41,48,38,41,37,39,36,41,31,39,28,38,24,38,32,34,21,36,20,32,21,35,23,39,23,32,22,33,20,36,0,0,0,0,0,0,0,0,0,0,0,0,0,0,0,0,0,0,0,0,0,0,-33,-33,-35,-41,-31,-40,-24,-44,-26,-46,-26,-44,-28,-44,-26,-46,-28,-51,-26,-49,-26,-53,-26,-59,-19,-54,-18,-53,-20,-56,-18,-53,-21,-54,-20,-56,-20,-58,-13,-59,-11,-57,-15,-55,-15,-52,-13,-52,-14,-49,-17,-47,-14,-51,-18,-49,-15,-44,-22,-42,-21,-43,-24,-43,-24,-42,-21,-36,-30,-38,-25,-35,-28,-35,-33,-31,-34,-31,-35,-29,-43,-27,-47,-26,-46,-28,-48,-23,-51,-25,-52,-27,-54,-26,-50,-27,-51,-23,-53,-25,-50,-25,-55,-19,-54,-17,-53,-21,-57,-12,-56,-18,-56,-14,0,0]",1
CSI_DATA,62668,1a:00:00:00:00:00,-38,11,1,0,1,1,1,0,0,0,1,-97,0,11,2,841446040,0,44,0,384,0,"[0,0,0,0,0,0,0,0,0,0,0,0,10,0,10,-1,10,-1,9,-1,9,-1,9,-1,9,-1,8,-2,8,-1,7,-1,7,-1,6,-1,6,-1,5,-2,4,-2,3,-3,3,-3,2,-4,1,-5,1,-6,1,-7,1,-8,1,-8,2,-9,2,-9,2,-10,0,0,2,-10,2,-10,2,-10,2,-11,3,-11,3,-11,4,-11,4,-11,4,-10,4,-10,4,-10,4,-9,4,-9,4,-9,5,-8,4,-8,4,-7,4,-7,4,-7,4,-6,4,-7,3,-6,3,-7,4,-6,4,-6,4,-6,0,0,0,0,0,0,0,0,0,0,0,0,0,0,-29,-59,-35,-58,-29,-53,-32,-53,-30,-51,-31,-50,-30,-39,-29,-46,-34,-40,-34,-40,-31,-39,-29,-38,-31,-36,-29,-31,-25,-31,-26,-28,-23,-25,-24,-22,-22,-13,-22,-15,-23,-4,-28,-1,-27,2,-33,7,-34,9,-37,15,-43,14,-44,18,-49,15,-53,14,-49,19,-48,15,-48,14,-52,16,-56,15,-58,18,-54,13,-61,12,-60,10,-57,6,-55,6,-57,6,-55,4,-54,7,-53,0,-51,0,-51,-1,-47,0,-45,-2,-41,0,-43,-2,-43,-4,-38,-2,-41,-4,-40,-1,-41,-2,-43,-5,0,0,0,0,0,0,0,0,0,0,0,0,0,0,0,0,0,0,0,0,0,0,54,0,53,4,56,0,54,10,55,10,51,10,49,12,60,10,58,15,64,13,63,19,61,21,59,22,63,27,62,27,56,29,62,27,61,27,62,27,60,32,57,36,57,37,50,34,53,32,46,26,48,26,50,24,52,20,46,20,49,17,49,15,52,16,48,19,49,15,49,12,46,9,49,6,47,4,45,4,50,-6,53,-8,47,-6,50,-14,55,-17,55,-17,51,-14,47,-16,54,-12,54,-20,52,-21,56,-22,49,-29,56,-27,47,-27,52,-35,50,-33,49,-29,0,0]",1
CSI_DATA,62669,1a:00:00:00:00:00,-39,11,1,0,1,1,1,0,0,0,1,-97,0,11,2,841466653,0,44,0,384,0,"[0,0,0,0,0,0,0,0,0,0,0,0,-11,0,-11,1,-10,1,-10,1,-9,1,-9,1,-9,1,-8,1,-8,1,-7,1,-7,2,-6,2,-6,1,-5,2,-4,2,-3,2,-2,3,-1,3,0,4,0,5,0,6,1,7,0,7,1,8,0,9,0,9,0,0,0,9,0,9,0,10,1,10,0,10,0,11,-1,11,-1,11,-1,11,-2,10,-2,10,-2,10,-2,9,-2,9,-3,9,-3,8,-3,8,-3,8,-3,7,-3,7,-3,7,-2,7,-2,7,-2,7,-3,7,-3,7,0,0,0,0,0,0,0,0,0,0,0,0,0,0,52,39,47,38,48,33,49,31,47,31,46,32,41,28,42,26,36,21,37,26,37,22,38,21,37,15,32,15,29,12,25,9,32,3,25,6,24,1,21,-5,19,-10,15,-13,12,-18,13,-22,18,-28,20,-37,23,-35,27,-38,28,-41,24,-37,33,-43,30,-42,32,-42,31,-48,29,-46,36,-44,32,-45,42,-42,38,-46,43,-44,45,-40,39,-41,34,-41,39,-40,42,-36,39,-34,39,-33,36,-29,40,-27,36,-27,32,-22,34,-20,31,-25,32,-28,28,-26,33,-24,37,-22,0,0,0,0,0,0,0,0,0,0,0,0,0,0,0,0,0,0,0,0,0,0,-57,11,-58,9,-59,6,-58,0,-57,-2,-59,-1,-58,-6,-57,-4,-65,-5,-65,-9,-70,-10,-71,-14,-72,-8,-70,-13,-70,-20,-67,-16,-69,-15,-72,-17,-71,-21,-67,-26,-69,-27,-65,-28,-57,-29,-58,-26,-51,-21,-53,-22,-53,-16,-56,-14,-55,-11,-54,-8,-49,-6,-51,-7,-49,-7,-50,-9,-48,2,-47,0,-45,-1,-46,6,-42,7,-42,10,-43,9,-39,19,-45,19,-42,23,-41,25,-50,28,-38,27,-42,26,-44,29,-38,30,-30,36,-34,34,-38,39,-33,39,-39,46,-39,52,-34,51,0,0]",1
CSI_DATA,62670,1a:00:00:00:00:00,-40,11,1,0,1,1,1,0,0,0,1,-97,0,11,2,841476025,0,44,0,384,0,"[0,0,0,0,0,0,0,0,0,0,0,0,9,-3,8,-3,8,-3,7,-3,7,-3,7,-3,7,-3,6,-3,6,-3,5,-3,5,-3,4,-3,3,-3,2,-3,1,-3,0,-3,0,-4,-1,-4,-2,-4,-3,-5,-4,-6,-4,-7,-4,-8,-5,-8,-4,-9,-4,-9,0,0,-4,-10,-5,-10,-5,-10,-5,-10,-5,-10,-5,-11,-4,-11,-4,-11,-3,-12,-3,-11,-3,-11,-3,-11,-3,-11,-3,-11,-2,-10,-2,-10,-2,-10,-2,-9,-1,-9,-1,-8,-1,-8,-2,-8,-2,-8,-2,-8,-1,-8,-1,-8,0,0,0,0,0,0,0,0,0,0,0,0,0,0,-47,-46,-45,-36,-44,-34,-46,-32,-36,-32,-44,-28,-41,-26,-40,-29,-41,-22,-38,-19,-33,-22,-32,-19,-29,-16,-27,-13,-30,-12,-26,-10,-22,-10,-25,-4,-18,2,-16,10,-10,9,-14,18,-12,22,-11,26,-19,26,-20,36,-21,40,-18,44,-22,51,-21,42,-30,43,-24,42,-26,44,-22,50,-24,48,-34,50,-31,48,-37,53,-34,50,-38,47,-37,44,-38,43,-39,41,-36,48,-34,44,-34,38,-37,38,-38,36,-35,26,-37,28,-31,29,-32,32,-30,29,-29,27,-32,27,-33,30,-34,26,0,0,0,0,0,0,0,0,0,0,0,0,0,0,0,0,0,0,0,0,0,0,57,2,59,8,54,7,56,13,59,16,57,13,55,13,59,16,61,16,60,19,65,22,58,22,66,25,66,25,65,32,60,31,67,35,66,31,66,35,66,37,62,38,57,44,51,37,47,35,43,34,43,26,49,23,44,23,44,20,52,17,49,8,50,12,44,13,44,15,44,9,48,7,42,3,44,1,41,-1,38,-8,38,-12,36,-12,38,-16,44,-21,43,-26,42,-21,43,-28,47,-26,41,-27,38,-30,36,-27,38,-37,31,-38,32,-34,39,-44,34,-54,37,-46,0,0]",1
CSI_DATA,62671,1a:00:00:00:00:00,-40,11,1,0,1,1,1,0,0,0,1,-97,0,11,2,841486039,0,44,0,384,0,"[0,0,0,0,0,0,0,0,0,0,0,0,-7,-6,-7,-6,-6,-5,-6,-5,-6,-5,-6,-4,-6,-4,-6,-4,-5,-3,-5,-2,-5,-2,-4,-1,-4,-1,-3,0,-3,0,-2,1,-2,2,-2,3,-2,4,-2,5,-2,6,-2,7,-3,8,-3,9,-4,9,-4,9,0,0,-4,9,-4,9,-5,10,-5,10,-5,10,-6,10,-6,10,-6,10,-6,9,-6,9,-6,9,-6,9,-6,9,-6,8,-6,8,-6,8,-6,7,-6,7,-6,7,-5,6,-5,6,-5,6,-5,6,-5,6,-5,6,-5,6,0,0,0,0,0,0,0,0,0,0,0,0,0,0,-8,50,-6,48,-3,47,-6,51,2,48,3,41,0,45,-1,36,5,36,7,36,6,33,11,30,3,31,7,22,8,16,8,16,8,17,11,5,13,5,12,-4,14,-6,23,-7,24,-13,30,-14,33,-14,39,-17,43,-22,44,-22,49,-18,47,-21,49,-18,50,-18,57,-19,53,-23,51,-24,57,-21,59,-21,56,-12,64,-16,59,-16,56,-16,59,-18,60,-13,57,-14,54,-14,54,-15,56,-7,55,-9,50,-4,47,-4,44,-6,46,-5,40,-6,44,-8,44,-12,43,-7,44,-2,0,0,0,0,0,0,0,0,0,0,0,0,0,0,0,0,0,0,0,0,0,0,-13,-57,-10,-58,-7,-62,-1,-59,-3,-63,0,-56,-2,-57,-1,-58,-4,-62,-4,-66,-3,-67,4,-69,1,-66,9,-72,7,-67,6,-72,7,-69,6,-74,11,-72,16,-71,24,-68,20,-68,22,-62,11,-58,15,-54,7,-52,6,-48,4,-50,-2,-49,-3,-51,-2,-47,-9,-50,-12,-46,-6,-46,-7,-44,-17,-44,-13,-36,-20,-36,-19,-31,-23,-29,-19,-27,-31,-32,-29,-26,-40,-30,-38,-27,-30,-24,-31,-29,-40,-23,-39,-24,-43,-18,-39,-18,-41,-12,-40,-12,-49,-5,-50,0,-52,-3,-52,-5,0,0]",1
CSI_DATA,62672,1a:00:00:00:00:00,-40,11,1,0,1,1,1,0,0,0,1,-97,0,11,2,841506573,0,44,0,384,0,"[0,0,0,0,0,0,0,0,0,0,0,0,6,0,6,0,6,0,5,-1,4,-1,4,-2,4,-2,3,-2,3,-2,2,-3,2,-3,1,-3,0,-3,-1,-4,-1,-4,-2,-5,-3,-5,-4,-6,-4,-7,-5,-8,-5,-9,-5,-10,-5,-11,-6,-11,-5,-11,-5,-12,0,0,-5,-12,-5,-12,-5,-12,-6,-13,-5,-13,-5,-13,-4,-13,-4,-13,-4,-13,-4,-13,-5,-12,-4,-12,-4,-12,-4,-12,-3,-12,-3,-11,-3,-11,-3,-10,-2,-10,-3,-9,-2,-9,-3,-9,-3,-9,-3,-9,-3,-9,-3,-9,0,0,0,0,0,0,0,0,0,0,0,0,0,0,-22,-43,-17,-41,-17,-41,-18,-31,-20,-33,-17,-25,-22,-23,-20,-26,-27,-18,-24,-19,-16,-16,-21,-11,-20,-10,-18,-7,-18,5,-15,4,-19,10,-20,15,-14,14,-15,22,-17,31,-14,31,-13,41,-22,40,-24,47,-27,51,-25,55,-24,53,-33,58,-36,55,-35,57,-43,61,-37,54,-42,61,-41,59,-43,64,-40,56,-39,58,-44,55,-43,57,-41,57,-44,54,-38,55,-40,52,-40,53,-43,48,-42,47,-38,48,-37,39,-35,42,-36,38,-35,39,-30,41,-33,39,-24,36,-35,34,-33,32,0,0,0,0,0,0,0,0,0,0,0,0,0,0,0,0,0,0,0,0,0,0,11,57,5,58,0,63,-1,57,-2,53,-3,56,-1,52,0,56,1,58,-2,58,-4,61,-2,60,-5,63,-4,64,-10,67,-5,57,-3,58,-4,64,-10,68,-8,70,-7,68,-15,65,-13,56,-11,50,-12,45,-7,45,0,43,0,41,7,40,6,41,13,38,10,36,6,33,15,37,19,36,14,29,13,29,20,27,22,20,27,19,21,14,28,13,30,7,34,9,35,4,39,17,39,4,32,7,36,1,32,-2,34,-11,33,-9,38,-9,36,-15,41,-20,49,-23,38,-22,0,0]",1
CSI_DATA,62673,1a:00:00:00:00:00,-39,11,1,0,1,1,1,0,0,0,1,-97,0,11,2,841516019,0,44,0,384,0,"[0,0,0,0,0,0,0,0,0,0,0,0,-7,0,-7,1,-6,1,-6,1,-5,2,-5,2,-5,2,-4,2,-3,2,-2,3,-2,3,-1,3,-1,3,0,4,1,4,2,5,3,5,3,6,4,7,5,8,5,9,5,10,5,11,5,11,5,12,5,12,0,0,5,13,5,12,5,13,5,13,5,13,4,14,4,13,3,13,3,13,4,12,4,12,3,12,3,12,3,12,2,12,2,12,2,11,2,10,1,10,1,9,1,9,1,9,2,9,2,8,2,9,1,9,0,0,0,0,0,0,0,0,0,0,0,0,0,0,15,40,20,39,18,32,20,26,18,25,16,25,18,28,20,22,26,12,25,13,17,12,21,8,21,2,20,1,20,-4,24,-13,21,-12,21,-19,21,-20,16,-26,21,-30,21,-34,19,-45,26,-46,27,-51,36,-57,35,-52,39,-62,37,-62,40,-57,40,-57,48,-62,43,-60,47,-60,45,-61,46,-62,53,-60,55,-63,53,-58,51,-60,45,-52,49,-56,49,-53,51,-57,47,-52,48,-47,49,-46,47,-43,43,-39,43,-33,45,-36,40,-30,34,-31,39,-32,36,-36,41,-37,43,-36,0,0,0,0,0,0,0,0,0,0,0,0,0,0,0,0,0,0,0,0,0,0,-12,-53,-7,-57,-8,-51,-3,-56,2,-49,-3,-52,-4,-47,-2,-57,-6,-53,-8,-59,0,-58,-5,-58,-5,-65,-4,-62,0,-64,1,-56,2,-62,-5,-62,-7,-59,7,-64,7,-62,9,-63,12,-51,10,-49,7,-43,3,-43,-2,-40,-1,-37,-12,-30,-15,-33,-14,-28,-18,-37,-18,-31,-15,-33,-18,-27,-19,-25,-20,-25,-20,-28,-20,-16,-26,-12,-25,-9,-30,0,-38,-10,-34,-2,-34,-8,-28,-3,-33,-3,-37,-9,-35,3,-29,6,-28,6,-29,11,-34,13,-34,23,-36,29,-35,29,-36,24,0,0]",1
CSI_DATA,62674,1a:00:00:00:00:00,-38,11,1,0,1,1,1,0,0,0,1,-97,0,11,2,841526039,0,44,0,384,0,"[0,0,0,0,0,0,0,0,0,0,0,0,5,3,5,3,5,2,5,2,5,1,5,1,5,0,5,0,4,-1,4,-2,4,-2,4,-3,4,-3,3,-4,3,-5,3,-6,3,-7,3,-8,3,-9,4,-10,4,-11,5,-12,6,-12,6,-13,7,-13,7,-13,0,0,7,-12,7,-12,7,-13,7,-13,8,-13,8,-13,9,-12,8,-12,8,-12,8,-11,8,-12,8,-11,8,-11,8,-10,8,-10,8,-10,7,-9,7,-9,7,-8,6,-8,6,-8,6,-7,6,-7,5,-7,6,-7,6,-7,0,0,0,0,0,0,0,0,0,0,0,0,0,0,-2,-54,-4,-43,-6,-45,-9,-41,-7,-30,-10,-35,-13,-34,-20,-32,-18,-25,-18,-33,-19,-20,-17,-22,-21,-19,-26,-12,-27,-6,-25,-7,-23,-4,-34,4,-34,3,-33,9,-43,18,-46,17,-50,25,-54,20,-49,25,-61,28,-65,24,-67,28,-74,27,-74,22,-68,25,-73,26,-70,22,-76,27,-70,28,-79,27,-72,21,-77,14,-75,21,-76,17,-73,16,-72,21,-68,16,-68,23,-72,19,-65,14,-72,14,-62,12,-63,6,-60,1,-59,9,-53,2,-54,8,-46,10,-47,12,-52,9,-50,2,0,0,0,0,0,0,0,0,0,0,0,0,0,0,0,0,0,0,0,0,0,0,-17,43,-21,44,-24,39,-25,42,-25,39,-23,39,-22,36,-22,41,-27,43,-23,44,-27,53,-26,45,-26,45,-29,46,-31,47,-30,43,-30,51,-28,47,-33,48,-32,43,-41,37,-37,36,-34,37,-34,31,-24,29,-23,26,-13,30,-17,35,-9,28,-9,33,-10,25,2,31,-2,32,-4,38,4,26,-1,26,5,26,8,22,7,23,13,17,17,23,22,20,27,22,25,18,29,16,26,10,23,14,25,14,31,8,31,7,37,2,35,2,40,-3,38,-1,43,-1,50,-2,49,-10,0,0]",1
CSI_DATA,62675,1a:00:00:00:00:00,-37,11,1,0,1,1,1,0,0,0,1,-97,0,11,2,841546036,0,44,0,384,0,"[0,0,0,0,0,0,0,0,0,0,0,0,-6,5,-5,5,-5,5,-4,5,-4,5,-3,5,-3,5,-3,5,-2,5,-1,5,0,5,0,5,1,5,2,5,3,5,4,4,5,5,5,5,7,5,8,6,8,7,9,8,9,8,9,9,9,9,9,9,0,0,9,10,9,9,9,10,9,10,9,10,9,10,8,11,8,10,8,11,8,10,8,10,7,10,7,10,7,10,6,10,6,10,6,9,5,9,5,9,4,8,4,8,4,8,4,7,4,7,4,7,4,7,0,0,0,0,0,0,0,0,0,0,0,0,0,0,50,9,47,15,45,1,44,2,40,-5,35,-4,40,-1,35,-6,35,-5,37,-12,31,-14,24,-14,23,-17,24,-18,17,-26,26,-23,19,-23,8,-29,7,-32,1,-36,3,-41,-3,-45,-7,-54,-5,-54,-5,-59,-2,-64,2,-67,1,-74,0,-74,3,-76,3,-77,7,-77,7,-74,4,-77,5,-78,9,-78,3,-76,10,-79,13,-78,12,-75,9,-72,11,-71,14,-72,11,-73,17,-72,10,-68,17,-63,19,-66,22,-57,19,-54,15,-55,14,-54,12,-51,10,-45,11,-49,15,-45,15,-47,0,0,0,0,0,0,0,0,0,0,0,0,0,0,0,0,0,0,0,0,0,0,-43,-11,-47,-7,-43,-12,-42,-15,-41,-18,-40,-11,-40,-13,-42,-13,-47,-14,-51,-13,-46,-15,-49,-18,-52,-19,-50,-22,-48,-21,-53,-22,-48,-20,-51,-22,-50,-24,-50,-29,-50,-28,-48,-24,-42,-23,-39,-22,-34,-18,-38,-18,-36,-12,-31,-7,-36,-6,-37,-4,-41,0,-41,1,-38,1,-33,4,-37,8,-37,8,-34,9,-31,10,-31,17,-26,12,-22,18,-21,20,-22,27,-27,29,-26,26,-20,25,-22,32,-18,32,-22,34,-12,38,-10,37,-5,46,-10,48,-9,48,-13,50,-10,53,-6,52,0,0]",1
CSI_DATA,62676,1a:00:00:00:00:00,-37,11,1,0,1,1,1,0,0,0,1,-97,0,11,2,841556041,0,44,0,384,0,"[0,0,0,0,0,0,0,0,0,0,0,0,7,1,7,1,7,0,7,0,7,0,7,-1,6,-1,6,-1,5,-2,5,-2,5,-3,4,-3,4,-4,3,-5,3,-5,2,-6,2,-7,2,-8,1,-9,2,-10,2,-11,3,-12,3,-12,4,-13,4,-13,4,-13,0,0,4,-13,4,-13,5,-13,4,-13,5,-13,5,-14,6,-13,5,-13,6,-13,6,-12,5,-12,6,-12,6,-11,6,-11,6,-11,6,-11,6,-10,6,-10,6,-9,6,-8,5,-8,5,-8,5,-8,4,-8,5,-7,5,-7,0,0,0,0,0,0,0,0,0,0,0,0,0,0,-15,-49,-11,-44,-11,-44,-14,-43,-14,-40,-16,-34,-17,-37,-22,-32,-24,-29,-23,-31,-23,-28,-21,-26,-20,-20,-30,-18,-26,-14,-27,-12,-29,-10,-34,-1,-33,0,-35,5,-34,7,-47,16,-46,16,-53,24,-57,20,-63,21,-62,19,-68,22,-67,15,-70,22,-71,18,-73,20,-69,18,-74,22,-72,19,-70,16,-76,16,-76,11,-75,12,-75,12,-71,7,-69,10,-72,12,-68,8,-66,7,-66,0,-68,-1,-67,0,-60,-4,-54,-4,-55,-9,-51,-5,-50,-5,-45,0,-47,-3,-47,-2,-47,-4,0,0,0,0,0,0,0,0,0,0,0,0,0,0,0,0,0,0,0,0,0,0,17,41,15,42,14,46,11,47,13,44,13,39,13,42,8,43,18,46,17,45,14,50,12,53,15,54,14,51,10,56,11,56,10,58,13,61,10,61,0,60,-2,59,2,59,-2,49,4,45,0,44,2,37,10,40,10,40,15,35,15,36,15,34,18,34,17,34,23,33,28,30,21,29,24,24,26,29,22,23,27,17,32,19,32,8,36,9,38,8,40,14,33,4,41,5,37,5,44,2,45,-3,45,-4,47,-13,46,-11,46,-14,49,-18,56,-11,56,-19,0,0]",1
CSI_DATA,62677,1a:00:00:00:00:00,-36,11,1,0,1,1,1,0,0,0,1,-97,0,11,2,841576039,0,44,0,384,0,"[0,0,0,0,0,0,0,0,0,0,0,0,-5,6,-5,6,-4,6,-4,6,-4,6,-3,6,-3,6,-3,6,-2,6,-1,5,-1,6,0,5,0,5,1,5,2,5,3,4,4,4,4,5,6,5,6,5,7,6,7,7,7,8,8,8,8,8,7,9,0,0,7,9,7,9,8,9,8,9,8,9,7,10,7,10,7,10,6,10,6,10,6,10,6,9,6,9,5,10,5,9,4,9,4,9,3,9,3,8,3,8,2,8,2,7,2,7,3,7,2,7,2,7,0,0,0,0,0,0,0,0,0,0,0,0,0,0,51,2,45,1,48,-9,49,-2,46,-12,43,-10,42,-10,39,-18,36,-12,34,-15,36,-15,33,-22,29,-23,27,-21,21,-22,19,-25,21,-26,9,-31,9,-30,9,-30,3,-39,0,-40,-1,-48,-3,-51,-3,-57,-1,-59,-1,-61,0,-67,0,-63,1,-68,2,-67,4,-71,8,-65,1,-69,0,-63,7,-71,9,-69,14,-68,13,-69,16,-66,11,-65,9,-65,15,-69,11,-67,14,-65,18,-54,20,-58,17,-59,20,-49,17,-44,23,-46,20,-43,18,-43,15,-42,16,-43,16,-39,20,-36,0,0,0,0,0,0,0,0,0,0,0,0,0,0,0,0,0,0,0,0,0,0,-39,29,-37,27,-41,22,-46,20,-40,21,-41,20,-40,17,-44,19,-48,21,-50,22,-51,23,-52,22,-59,23,-55,21,-60,16,-56,17,-60,13,-59,18,-61,14,-61,9,-58,7,-58,8,-52,7,-52,7,-49,7,-44,10,-42,15,-43,14,-39,19,-42,21,-40,20,-41,20,-37,18,-38,26,-32,28,-33,26,-32,27,-28,28,-27,27,-23,31,-21,31,-18,34,-19,36,-18,41,-13,42,-12,38,-11,41,-14,40,-7,37,-9,43,-5,46,-1,53,3,50,3,45,5,52,2,52,1,55,0,0]",1
CSI_DATA,62678,1a:00:00:00:00:00,-36,11,1,0,1,1,1,0,0,0,1,-97,0,11,2,841596038,0,44,0,384,0,"[0,0,0,0,0,0,0,0,0,0,0,0,-4,-10,-4,-9,-3,-8,-4,-8,-4,-8,-4,-8,-4,-7,-4,-7,-4,-6,-4,-5,-4,-5,-5,-5,-5,-4,-5,-3,-5,-2,-6,-2,-6,-1,-7,-1,-8,0,-9,0,-9,0,-10,0,-11,0,-11,0,-12,-1,-12,-1,0,0,-12,-1,-11,-1,-12,-1,-12,-1,-12,-1,-13,-1,-12,-2,-12,-2,-12,-2,-12,-2,-12,-2,-12,-2,-12,-3,-12,-3,-11,-4,-11,-4,-10,-4,-10,-4,-9,-4,-8,-4,-8,-4,-8,-4,-8,-4,-7,-4,-8,-4,-7,-4,0,0,0,0,0,0,0,0,0,0,0,0,0,0,-36,44,-33,44,-29,50,-28,43,-24,39,-29,42,-25,38,-22,46,-16,37,-16,39,-14,36,-9,38,-10,35,-8,33,-8,32,2,31,0,32,5,26,9,28,11,26,17,28,23,27,28,29,34,27,35,33,36,38,40,42,39,43,36,49,42,44,43,48,43,48,39,45,43,50,38,43,38,48,39,47,40,52,39,55,42,55,32,44,39,54,32,59,33,53,29,55,29,52,23,53,23,53,23,50,18,43,18,50,12,39,12,44,16,41,11,40,12,42,9,37,0,0,0,0,0,0,0,0,0,0,0,0,0,0,0,0,0,0,0,0,0,0,1,-48,-1,-52,1,-45,5,-46,5,-48,4,-48,5,-49,3,-53,-1,-53,10,-54,12,-57,14,-61,14,-60,17,-60,21,-60,15,-61,17,-60,21,-64,19,-62,26,-60,28,-57,24,-60,27,-51,26,-49,20,-50,19,-48,18,-48,12,-47,12,-41,6,-47,5,-47,7,-49,2,-45,5,-47,0,-40,0,-45,0,-41,-6,-43,-2,-44,-9,-41,-9,-39,-16,-35,-17,-41,-23,-38,-20,-43,-20,-35,-21,-37,-29,-38,-32,-39,-27,-37,-29,-36,-31,-32,-38,-34,-33,-37,-36,-31,-48,-39,-48,-31,0,0]",1
CSI_DATA,62679,1a:00:00:00:00:00,-36,11,1,0,1,1,1,0,0,0,1,-97,0,11,2,841616037,0,44,0,384,0,"[0,0,0,0,0,0,0,0,0,0,0,0,9,2,9,3,8,2,9,2,8,2,8,2,7,1,7,1,7,1,6,0,6,-1,6,-1,5,-1,5,-2,4,-2,4,-3,4,-4,4,-5,4,-6,4,-7,5,-7,5,-8,5,-8,6,-8,6,-8,6,-9,0,0,7,-8,6,-8,6,-9,6,-9,7,-9,7,-9,7,-9,7,-9,8,-9,8,-8,8,-8,8,-8,8,-8,8,-7,8,-7,8,-6,8,-6,8,-5,8,-5,7,-4,7,-4,7,-4,6,-4,6,-4,6,-4,6,-3,0,0,0,0,0,0,0,0,0,0,0,0,0,0,-16,-58,-17,-59,-26,-55,-23,-56,-21,-48,-17,-50,-17,-48,-26,-47,-21,-47,-23,-39,-21,-35,-21,-36,-19,-31,-19,-30,-25,-29,-24,-23,-25,-17,-27,-15,-30,-17,-31,-8,-28,-4,-37,-4,-38,1,-43,2,-48,6,-49,5,-52,3,-52,3,-60,3,-54,2,-52,3,-58,4,-56,3,-59,6,-59,3,-60,4,-59,4,-61,-3,-66,-2,-64,-3,-59,-3,-60,0,-62,-4,-63,-7,-59,-8,-62,-8,-53,-13,-56,-14,-49,-15,-46,-14,-47,-13,-40,-15,-41,-13,-38,-17,-39,-18,-40,-14,-42,-17,0,0,0,0,0,0,0,0,0,0,0,0,0,0,0,0,0,0,0,0,0,0,45,20,47,28,42,29,38,29,38,25,38,29,38,30,41,31,44,34,40,36,44,42,44,41,42,41,45,42,39,47,40,43,41,48,39,47,39,49,36,51,35,50,34,47,32,48,33,45,30,42,34,44,29,37,36,34,35,31,40,32,39,31,39,29,38,32,38,29,36,29,39,27,43,24,41,16,36,19,42,15,40,15,40,6,47,8,47,5,45,5,45,3,45,1,46,1,46,0,45,-5,45,-8,49,-14,52,-9,48,-18,51,-20,53,-21,58,-20,0,0]",1
CSI_DATA,62680,1a:00:00:00:00:00,-37,11,1,0,1,1,1,0,0,0,1,-98,0,11,2,841626033,0,44,0,384,0,"[0,0,0,0,0,0,0,0,0,0,0,0,-1,-11,-1,-11,-1,-10,-1,-10,-1,-10,-1,-9,-1,-9,-1,-8,-1,-8,-2,-7,-2,-7,-2,-6,-3,-6,-3,-5,-4,-4,-4,-4,-5,-3,-6,-3,-7,-3,-7,-3,-8,-3,-9,-3,-9,-4,-10,-4,-10,-4,-10,-4,0,0,-10,-4,-10,-4,-10,-4,-10,-4,-10,-4,-11,-5,-11,-5,-11,-5,-10,-6,-10,-6,-10,-6,-10,-6,-10,-6,-9,-6,-9,-7,-9,-6,-8,-7,-8,-7,-7,-7,-7,-6,-6,-7,-6,-6,-6,-6,-6,-6,-6,-6,-5,-6,0,0,0,0,0,0,0,0,0,0,0,0,0,0,-48,45,-44,42,-41,48,-36,46,-37,42,-41,41,-32,38,-37,35,-34,34,-29,38,-28,36,-25,29,-26,33,-19,32,-13,29,-13,31,-7,33,-7,25,-4,27,1,23,12,28,10,30,18,33,16,36,19,38,24,44,19,48,24,48,23,51,26,51,21,49,20,51,19,47,25,48,23,48,27,51,22,54,23,59,20,55,17,55,15,55,17,54,16,58,12,58,16,54,9,53,5,53,8,50,1,51,3,46,0,47,2,39,0,42,-2,44,-3,39,2,37,-1,38,0,0,0,0,0,0,0,0,0,0,0,0,0,0,0,0,0,0,0,0,0,0,-14,-47,-11,-53,-11,-52,-4,-54,-5,-52,-3,-48,-5,-47,-1,-56,-3,-56,0,-57,3,-60,3,-59,4,-65,7,-63,11,-65,12,-55,12,-61,10,-62,10,-60,18,-59,18,-59,20,-60,18,-57,17,-59,15,-55,14,-57,7,-50,9,-52,6,-48,5,-53,4,-51,1,-52,3,-48,0,-50,-3,-54,-1,-48,-3,-46,-4,-48,-6,-47,-9,-43,-15,-44,-15,-39,-18,-47,-22,-44,-21,-49,-19,-40,-21,-42,-31,-42,-26,-41,-29,-41,-30,-40,-36,-39,-39,-40,-38,-37,-45,-41,-50,-39,-44,-38,0,0]",1
CSI_DATA,62681,1a:00:00:00:00:00,-37,11,1,0,1,1,1,0,0,0,1,-98,0,11,2,841636041,0,44,0,384,0,"[0,0,0,0,0,0,0,0,0,0,0,0,-9,5,-9,5,-9,5,-8,5,-8,4,-8,4,-7,4,-7,4,-6,4,-6,4,-5,4,-5,4,-4,4,-3,4,-3,4,-2,4,-1,5,0,5,0,6,1,6,1,7,1,8,1,8,1,9,1,9,1,9,0,0,1,9,1,9,2,9,2,10,2,10,1,10,1,10,1,10,0,10,0,11,0,10,0,10,0,10,-1,9,-1,10,-1,9,-2,9,-2,9,-2,8,-2,8,-2,8,-2,7,-2,7,-2,7,-2,7,-3,6,0,0,0,0,0,0,0,0,0,0,0,0,0,0,62,-4,57,-6,60,-4,58,-7,61,-7,59,-5,53,-5,54,-7,53,-6,45,-5,42,-9,46,-6,38,-10,35,-11,30,-16,29,-13,28,-11,27,-20,18,-15,17,-24,11,-26,10,-33,10,-32,10,-39,8,-42,6,-47,9,-49,11,-53,13,-55,10,-50,12,-49,13,-53,10,-50,7,-55,10,-57,11,-57,12,-61,13,-58,16,-57,19,-57,15,-60,18,-58,22,-53,15,-56,23,-49,19,-48,26,-52,28,-47,26,-40,29,-40,28,-40,25,-40,22,-36,25,-32,20,-31,25,-32,26,-31,0,0,0,0,0,0,0,0,0,0,0,0,0,0,0,0,0,0,0,0,0,0,-31,42,-34,38,-37,34,-40,37,-41,33,-42,32,-39,36,-43,35,-47,35,-48,38,-51,33,-54,34,-54,35,-55,34,-52,29,-55,28,-56,30,-58,28,-56,28,-57,27,-57,25,-59,27,-57,22,-55,22,-51,20,-48,23,-53,23,-52,23,-46,30,-42,32,-43,34,-42,33,-42,32,-41,32,-37,38,-36,35,-37,36,-34,30,-33,36,-31,36,-27,36,-21,42,-22,45,-22,47,-18,48,-20,44,-15,43,-14,47,-18,45,-15,46,-5,52,-4,47,0,49,-1,54,8,57,1,61,0,59,0,0]",1
CSI_DATA,62682,1a:00:00:00:00:00,-38,11,1,0,1,1,1,0,0,0,1,-98,0,11,2,841656015,0,44,0,384,0,"[0,0,0,0,0,0,0,0,0,0,0,0,-2,-12,-2,-12,-2,-11,-2,-11,-2,-10,-2,-10,-2,-9,-2,-9,-2,-9,-2,-8,-3,-8,-3,-7,-3,-7,-3,-6,-3,-5,-4,-4,-4,-4,-5,-3,-6,-3,-7,-2,-7,-2,-8,-3,-9,-3,-9,-3,-9,-3,-9,-3,0,0,-9,-4,-9,-3,-10,-3,-10,-3,-11,-3,-11,-4,-11,-4,-11,-4,-10,-5,-10,-5,-10,-4,-10,-5,-9,-5,-9,-5,-9,-5,-9,-5,-8,-6,-8,-5,-7,-5,-7,-6,-6,-5,-6,-5,-6,-5,-6,-5,-6,-5,-6,-5,0,0,0,0,0,0,0,0,0,0,0,0,0,0,-46,46,-43,46,-42,45,-40,42,-43,47,-37,42,-41,37,-38,37,-35,39,-33,32,-30,29,-30,34,-27,35,-23,30,-21,28,-19,33,-16,30,-13,26,-6,25,-4,25,0,24,6,28,11,27,11,28,15,31,19,37,17,42,20,42,18,44,22,46,19,44,16,50,16,42,20,41,23,47,22,43,22,48,19,54,16,49,18,51,17,50,17,53,14,52,16,52,13,52,11,52,8,49,7,45,5,47,4,44,1,44,4,39,1,37,0,37,-1,38,-3,39,-3,36,0,0,0,0,0,0,0,0,0,0,0,0,0,0,0,0,0,0,0,0,0,0,-19,-51,-14,-55,-8,-55,-6,-52,-6,-54,-5,-58,-2,-51,-3,-51,-2,-57,-3,-55,3,-60,4,-61,7,-64,5,-62,11,-62,10,-59,9,-62,7,-63,9,-62,13,-61,18,-63,16,-63,16,-58,17,-55,12,-51,9,-60,9,-55,9,-54,9,-53,4,-51,3,-47,2,-56,2,-54,-1,-50,1,-48,-5,-52,-3,-50,-9,-49,-10,-49,-14,-50,-13,-46,-19,-44,-15,-45,-21,-47,-19,-49,-18,-41,-24,-38,-23,-42,-23,-46,-26,-41,-28,-40,-32,-40,-36,-37,-39,-35,-41,-41,-44,-37,-42,-41,0,0]",1
CSI_DATA,62683,1a:00:00:00:00:00,-39,11,1,0,1,1,1,0,0,0,1,-98,0,11,2,841666021,0,44,0,384,0,"[0,0,0,0,0,0,0,0,0,0,0,0,-11,4,-11,4,-11,3,-10,3,-10,3,-10,3,-9,3,-9,3,-8,3,-8,3,-7,3,-7,3,-6,2,-5,3,-5,3,-4,3,-3,3,-2,4,-1,4,-1,5,0,6,0,7,-1,8,0,8,-1,8,-1,9,0,0,-1,9,-1,8,-1,9,-1,9,0,9,-1,10,-1,10,-2,10,-2,9,-2,9,-2,9,-2,9,-2,9,-2,9,-3,9,-3,8,-4,8,-4,7,-4,7,-4,6,-4,6,-4,6,-4,6,-3,6,-4,6,-4,6,0,0,0,0,0,0,0,0,0,0,0,0,0,0,57,17,59,24,60,14,49,20,53,17,53,20,51,21,50,20,47,14,46,12,41,9,36,13,36,10,37,9,35,8,36,6,36,1,27,0,26,-2,22,-3,20,-11,18,-11,21,-19,17,-25,21,-26,22,-31,25,-32,28,-35,32,-36,27,-39,28,-33,28,-36,29,-36,30,-40,26,-38,32,-45,32,-37,36,-39,38,-38,36,-39,35,-32,34,-35,38,-33,35,-38,40,-31,37,-32,41,-25,40,-27,41,-25,38,-22,36,-20,34,-16,30,-18,33,-19,34,-16,28,-12,35,-15,0,0,0,0,0,0,0,0,0,0,0,0,0,0,0,0,0,0,0,0,0,0,-39,40,-43,39,-44,30,-50,25,-51,25,-49,25,-49,28,-52,30,-52,31,-55,26,-59,28,-58,19,-66,24,-61,18,-62,17,-57,14,-68,20,-61,18,-65,18,-64,17,-71,10,-63,12,-62,8,-58,7,-56,7,-56,12,-54,15,-54,17,-50,15,-49,21,-48,18,-56,21,-47,23,-47,21,-53,25,-46,26,-45,26,-45,29,-40,25,-41,32,-38,30,-38,33,-37,34,-41,32,-33,35,-36,33,-33,38,-31,37,-29,37,-24,44,-24,45,-20,44,-25,41,-16,42,-17,54,-14,59,-22,51,0,0]",1
CSI_DATA,62684,1a:00:00:00:00:00,-39,11,1,0,1,1,1,0,0,0,1,-98,0,11,2,841676026,0,44,0,384,0,"[0,0,0,0,0,0,0,0,0,0,0,0,7,8,7,7,7,7,6,7,6,7,6,6,6,6,5,5,5,5,5,4,5,4,5,4,4,3,4,2,4,2,3,1,3,0,3,-1,4,-2,4,-3,5,-4,5,-4,6,-5,7,-5,7,-5,7,-5,0,0,7,-5,7,-5,7,-5,7,-6,8,-6,8,-5,8,-5,9,-5,9,-5,8,-5,8,-5,8,-4,8,-4,8,-4,8,-4,8,-3,8,-3,8,-3,8,-2,7,-2,7,-2,6,-1,6,-2,6,-2,6,-2,6,-2,0,0,0,0,0,0,0,0,0,0,0,0,0,0,14,-60,8,-61,7,-60,9,-60,10,-55,11,-55,11,-53,9,-58,8,-46,5,-45,3,-44,3,-38,5,-42,-1,-35,-1,-39,-2,-39,-1,-31,-3,-28,-5,-20,-11,-22,-12,-14,-16,-16,-18,-12,-29,-11,-29,-8,-36,-10,-37,-13,-40,-19,-40,-16,-39,-22,-38,-21,-44,-20,-40,-16,-42,-15,-43,-16,-54,-19,-47,-13,-48,-21,-49,-24,-49,-21,-45,-30,-47,-21,-46,-27,-47,-25,-45,-28,-44,-27,-40,-29,-42,-28,-37,-32,-35,-28,-35,-27,-31,-25,-27,-24,-23,-21,-24,-21,-27,-26,-26,-28,0,0,0,0,0,0,0,0,0,0,0,0,0,0,0,0,0,0,0,0,0,0,34,41,30,48,26,49,24,49,23,48,19,48,21,47,25,50,26,55,21,53,20,57,20,61,20,62,18,57,15,66,14,61,17,60,18,61,17,62,15,63,12,68,9,64,6,61,5,55,10,53,13,56,8,54,12,54,12,49,17,48,16,49,22,51,21,46,24,46,24,48,24,41,25,41,26,41,29,42,33,43,33,37,35,33,35,36,38,33,38,30,31,36,40,31,38,26,38,25,39,26,35,20,42,14,49,18,48,13,45,13,56,10,62,4,0,0]",1
CSI_DATA,62685,1a:00:00:00:00:00,-40,11,1,0,1,1,1,0,0,0,1,-98,0,11,2,841696044,0,44,0,384,0,"[0,0,0,0,0,0,0,0,0,0,0,0,-11,2,-11,2,-10,2,-10,2,-10,2,-9,2,-9,2,-8,1,-8,2,-7,2,-7,2,-6,2,-6,2,-5,1,-4,2,-3,2,-2,2,-1,3,0,3,1,4,1,5,2,6,1,7,1,8,1,8,1,8,0,0,1,8,1,8,2,8,2,9,2,9,2,10,1,10,1,10,1,10,1,10,1,10,1,10,1,9,0,9,0,10,0,9,0,9,-1,8,-1,8,-1,8,-1,8,-1,7,-1,7,0,7,-1,7,-1,7,0,0,0,0,0,0,0,0,0,0,0,0,0,0,42,33,49,32,51,27,46,34,50,31,45,31,46,30,47,27,39,27,36,24,35,24,42,16,34,14,34,10,30,13,26,8,28,7,25,7,22,1,18,-5,16,-7,14,-15,11,-17,14,-22,15,-29,19,-32,21,-38,26,-39,28,-36,25,-39,24,-40,27,-42,22,-41,18,-44,23,-43,27,-48,29,-47,30,-49,32,-52,30,-51,30,-42,36,-48,32,-45,34,-50,33,-42,30,-44,36,-38,40,-38,35,-32,32,-31,33,-31,30,-29,28,-31,28,-26,30,-30,27,-23,32,-27,0,0,0,0,0,0,0,0,0,0,0,0,0,0,0,0,0,0,0,0,0,0,-56,-6,-62,-11,-54,-13,-57,-25,-56,-21,-54,-20,-55,-19,-51,-19,-58,-15,-62,-20,-61,-26,-60,-30,-65,-32,-63,-30,-63,-32,-60,-34,-58,-24,-65,-31,-64,-32,-65,-33,-64,-36,-58,-41,-53,-36,-53,-33,-45,-28,-49,-25,-50,-26,-50,-24,-54,-22,-53,-20,-50,-19,-52,-17,-54,-12,-48,-11,-50,-9,-49,-9,-46,-3,-49,-4,-47,-3,-48,2,-51,7,-43,6,-48,6,-45,9,-48,14,-45,8,-46,18,-40,14,-41,19,-35,23,-37,23,-35,24,-36,23,-28,32,-27,33,-29,43,-32,39,0,0]",1
CSI_DATA,62686,1a:00:00:00:00:00,-40,11,1,0,1,1,1,0,0,0,1,-98,0,11,2,841706027,0,44,0,384,0,"[0,0,0,0,0,0,0,0,0,0,0,0,7,6,7,6,7,6,6,6,6,5,6,5,6,5,6,4,5,4,5,3,5,3,5,2,4,2,3,2,3,1,2,0,2,-1,2,-3,2,-4,2,-5,3,-6,4,-6,4,-7,5,-7,5,-7,5,-7,0,0,5,-8,5,-7,5,-8,5,-9,5,-9,6,-9,6,-9,6,-8,6,-9,6,-8,6,-9,6,-8,6,-9,6,-8,7,-8,7,-8,6,-7,6,-7,7,-6,6,-6,6,-6,5,-5,5,-5,4,-6,5,-6,5,-6,0,0,0,0,0,0,0,0,0,0,0,0,0,0,21,-53,16,-54,16,-60,14,-57,18,-53,9,-54,7,-52,16,-51,9,-48,7,-46,9,-45,4,-42,3,-41,3,-37,-2,-31,1,-33,-2,-27,-12,-24,-8,-20,-9,-12,-11,-13,-21,-7,-27,-5,-29,-4,-38,-7,-41,-3,-45,-9,-44,-6,-49,-13,-46,-10,-50,-7,-50,-7,-46,-5,-54,-2,-53,-3,-56,-3,-56,0,-61,-13,-60,-4,-60,-5,-56,-10,-56,-14,-59,-16,-60,-15,-58,-21,-56,-14,-51,-20,-52,-16,-52,-23,-44,-17,-46,-21,-41,-19,-38,-19,-38,-14,-43,-14,-42,-15,-43,-20,0,0,0,0,0,0,0,0,0,0,0,0,0,0,0,0,0,0,0,0,0,0,1,59,-9,60,-9,55,-11,55,-14,50,-9,55,-8,56,-6,56,-11,62,-8,59,-17,67,-14,59,-15,66,-18,61,-17,62,-18,63,-23,64,-19,72,-26,65,-28,66,-23,66,-28,59,-23,60,-21,55,-18,59,-17,53,-18,58,-18,61,-8,54,-5,52,-12,50,-7,49,-2,45,0,52,7,52,4,49,9,48,12,48,12,45,16,43,22,43,23,39,22,40,27,44,28,41,18,43,22,42,29,23,25,33,26,26,30,20,28,18,43,14,39,14,43,13,46,8,49,9,0,0]",1
CSI_DATA,62687,1a:00:00:00:00:00,-40,11,1,0,1,1,1,0,0,0,1,-98,0,11,2,841716029,0,44,0,384,0,"[0,0,0,0,0,0,0,0,0,0,0,0,3,-11,2,-11,2,-10,2,-10,2,-10,1,-9,1,-9,1,-9,1,-8,0,-8,1,-7,0,-7,0,-6,-1,-5,-1,-4,-2,-3,-3,-2,-4,-2,-5,-1,-7,-1,-8,-1,-9,-1,-10,-2,-11,-1,-11,-2,-10,-2,0,0,-10,-2,-11,-1,-11,-1,-12,-1,-12,-1,-13,-2,-13,-2,-13,-2,-12,-2,-12,-2,-12,-2,-12,-2,-12,-2,-12,-3,-12,-3,-12,-3,-11,-3,-10,-3,-10,-3,-9,-3,-9,-3,-9,-3,-9,-3,-9,-2,-9,-3,-9,-3,0,0,0,0,0,0,0,0,0,0,0,0,0,0,-45,32,-48,34,-54,33,-42,28,-48,28,-49,29,-45,29,-45,29,-39,31,-36,28,-36,27,-24,30,-29,22,-26,25,-26,23,-22,23,-18,23,-13,17,-10,14,-1,16,8,19,13,16,17,18,24,24,27,31,28,30,31,32,36,40,31,43,29,40,32,37,33,44,37,37,37,37,40,42,44,44,37,44,43,46,38,50,45,48,39,45,39,45,39,52,39,55,37,50,30,48,28,53,31,47,23,49,21,47,23,38,20,36,19,39,21,39,21,37,20,35,22,41,0,0,0,0,0,0,0,0,0,0,0,0,0,0,0,0,0,0,0,0,0,0,51,-33,52,-31,51,-27,53,-25,47,-22,47,-22,50,-24,49,-26,50,-32,53,-26,58,-27,60,-25,63,-22,66,-25,60,-23,55,-22,61,-25,61,-23,60,-30,65,-19,64,-24,60,-18,57,-17,54,-13,53,-17,52,-21,46,-19,45,-24,45,-23,45,-24,38,-32,40,-29,38,-30,31,-27,34,-33,28,-34,23,-35,28,-36,22,-39,21,-41,15,-43,14,-39,11,-42,18,-45,11,-44,13,-48,10,-43,3,-36,1,-35,-3,-38,-9,-33,-10,-39,-16,-39,-23,-43,-25,-48,-36,-48,-27,-47,0,0]",1
CSI_DATA,62688,1a:00:00:00:00:00,-40,11,1,0,1,1,1,0,0,0,1,-98,0,11,2,841726045,0,44,0,384,0,"[0,0,0,0,0,0,0,0,0,0,0,0,-11,2,-10,2,-10,2,-10,2,-10,2,-9,3,-9,3,-8,2,-8,2,-8,3,-7,2,-6,2,-5,2,-4,2,-3,2,-1,3,0,3,1,4,2,4,2,5,3,7,3,8,3,9,3,9,3,9,3,9,0,0,3,9,4,9,4,9,5,10,5,10,5,11,4,11,4,11,4,11,4,11,4,11,4,11,4,11,3,11,3,11,3,11,3,11,2,10,1,10,1,9,1,9,1,8,2,8,2,8,1,8,1,8,0,0,0,0,0,0,0,0,0,0,0,0,0,0,50,33,54,30,54,26,48,24,47,30,45,29,45,24,50,18,47,12,47,20,40,14,38,12,40,11,35,14,29,6,28,5,28,2,19,0,20,-5,15,-7,15,-18,7,-23,7,-23,5,-32,6,-43,13,-46,22,-46,19,-50,24,-53,18,-50,19,-52,22,-61,20,-48,12,-54,22,-56,17,-60,16,-59,20,-64,23,-66,24,-60,24,-61,24,-59,24,-55,22,-58,27,-57,28,-56,25,-55,28,-51,28,-50,30,-45,28,-39,27,-38,25,-38,25,-41,25,-36,23,-37,25,-39,0,0,0,0,0,0,0,0,0,0,0,0,0,0,0,0,0,0,0,0,0,0,-46,-27,-49,-32,-41,-36,-41,-32,-35,-27,-34,-33,-39,-32,-42,-37,-47,-29,-48,-40,-53,-44,-44,-40,-48,-44,-47,-45,-46,-51,-45,-46,-45,-47,-49,-47,-52,-45,-47,-48,-46,-48,-42,-49,-43,-45,-37,-44,-32,-39,-39,-37,-35,-32,-41,-31,-42,-25,-39,-19,-36,-24,-39,-20,-38,-21,-43,-18,-46,-12,-39,-12,-39,-10,-43,-12,-39,-10,-34,2,-50,4,-43,6,-43,8,-38,12,-45,8,-50,10,-36,9,-34,14,-37,16,-27,21,-22,22,-20,30,-27,37,-21,40,-26,40,-26,54,-30,49,0,0]",1
CSI_DATA,62689,1a:00:00:00:00:00,-39,11,1,0,1,1,1,0,0,0,1,-98,0,11,2,841736012,0,44,0,384,0,"[0,0,0,0,0,0,0,0,0,0,0,0,7,7,8,7,7,7,7,6,7,6,7,6,6,5,6,5,6,5,6,4,5,4,5,3,4,2,4,1,3,0,3,-1,3,-3,3,-4,3,-5,4,-6,5,-7,6,-8,6,-8,7,-9,7,-9,7,-9,0,0,7,-9,7,-9,7,-10,7,-10,8,-10,8,-10,9,-10,9,-10,9,-10,9,-10,9,-10,9,-10,9,-9,9,-9,9,-9,9,-8,9,-7,9,-7,8,-6,8,-6,8,-6,8,-6,7,-6,7,-6,7,-6,7,-6,0,0,0,0,0,0,0,0,0,0,0,0,0,0,11,-55,17,-55,9,-59,8,-51,9,-54,7,-52,11,-59,6,-50,-1,-46,4,-45,3,-50,3,-48,-1,-41,-2,-35,-5,-36,-7,-32,-7,-30,-9,-26,-16,-21,-20,-16,-20,-13,-31,-5,-33,-8,-38,1,-45,2,-51,-3,-51,-6,-53,-6,-55,-3,-53,-9,-54,-11,-58,-1,-55,-5,-59,2,-64,-2,-64,-7,-68,-3,-71,-8,-67,-10,-68,-6,-70,-7,-67,-8,-67,-11,-69,-5,-67,-15,-66,-14,-59,-16,-65,-21,-51,-18,-52,-14,-50,-18,-44,-15,-44,-11,-43,-14,-45,-15,-44,-14,-47,-20,0,0,0,0,0,0,0,0,0,0,0,0,0,0,0,0,0,0,0,0,0,0,-21,52,-21,47,-23,46,-24,42,-23,46,-25,44,-22,41,-19,47,-25,53,-24,52,-29,50,-27,50,-31,55,-36,51,-33,49,-32,52,-28,53,-33,51,-28,55,-37,55,-39,50,-38,49,-34,45,-34,46,-27,45,-27,46,-24,44,-19,41,-18,41,-13,38,-10,41,-8,43,-6,36,-5,35,0,43,-1,44,5,39,7,40,9,43,9,40,17,35,19,42,15,40,21,36,23,32,19,38,21,33,20,31,27,26,26,20,33,12,41,16,45,14,46,9,49,11,53,13,52,16,0,0]",1
CSI_DATA,62690,1a:00:00:00:00:00,-38,11,1,0,1,1,1,0,0,0,1,-98,0,11,2,841746133,0,44,0,384,0,"[0,0,0,0,0,0,0,0,0,0,0,0,5,-10,4,-9,4,-9,4,-9,4,-9,4,-9,4,-8,3,-8,3,-8,2,-7,2,-7,1,-6,1,-6,0,-5,-1,-5,-2,-4,-3,-4,-4,-4,-6,-4,-7,-4,-7,-5,-8,-5,-9,-6,-9,-6,-9,-7,-9,-7,0,0,-9,-7,-10,-7,-10,-6,-10,-7,-11,-7,-11,-7,-11,-8,-10,-8,-10,-8,-10,-8,-10,-8,-10,-8,-10,-8,-9,-9,-9,-9,-8,-9,-8,-9,-8,-8,-7,-9,-6,-8,-6,-8,-6,-7,-6,-7,-6,-7,-6,-7,-6,-7,0,0,0,0,0,0,0,0,0,0,0,0,0,0,-62,11,-57,11,-56,14,-57,9,-51,12,-51,11,-46,12,-53,15,-45,16,-46,15,-41,15,-41,16,-38,19,-35,21,-36,18,-28,15,-23,15,-19,19,-15,17,-10,23,-3,23,5,33,4,28,9,35,9,41,10,47,11,51,7,50,4,55,6,57,4,54,7,57,7,51,15,54,8,60,6,60,14,63,9,62,6,67,7,61,5,64,6,64,-1,70,3,65,1,64,-1,59,-6,62,-4,62,-10,57,-6,53,-4,54,-3,49,-6,44,-6,42,-8,44,-6,43,-8,46,0,0,0,0,0,0,0,0,0,0,0,0,0,0,0,0,0,0,0,0,0,0,47,-14,49,-17,43,-11,46,-6,47,-7,45,-10,42,-8,49,-15,50,-11,57,-13,56,-7,61,-2,57,-3,61,-5,63,-2,52,-5,59,-10,58,-4,59,-1,62,0,58,-3,56,-4,53,1,48,4,43,1,41,1,44,-5,45,-9,40,-9,40,-17,33,-15,37,-10,37,-20,36,-15,31,-21,34,-25,30,-23,29,-25,30,-26,22,-32,26,-31,24,-39,17,-37,22,-35,21,-42,18,-38,19,-36,11,-35,10,-40,4,-34,6,-42,-7,-45,-11,-55,-9,-49,-3,-58,-13,-55,-9,-54,0,0]",1
CSI_DATA,62691,1a:00:00:00:00:00,-38,11,1,0,1,1,1,0,0,0,1,-98,0,11,2,841756032,0,44,0,384,0,"[0,0,0,0,0,0,0,0,0,0,0,0,-11,0,-11,1,-10,1,-10,0,-10,1,-10,1,-9,1,-9,1,-9,1,-8,1,-7,1,-7,1,-6,1,-5,2,-4,2,-3,3,-2,4,-2,5,-1,6,-1,7,-1,8,-1,9,-2,9,-2,10,-2,10,-2,10,0,0,-2,10,-2,10,-2,11,-1,11,-2,11,-2,11,-2,11,-3,11,-3,12,-3,12,-3,12,-3,11,-3,11,-4,11,-4,11,-4,11,-4,10,-4,9,-4,9,-5,8,-5,8,-5,8,-4,7,-4,7,-4,7,-5,7,0,0,0,0,0,0,0,0,0,0,0,0,0,0,37,47,37,50,39,42,37,45,39,44,37,42,38,37,37,37,38,30,35,29,35,31,32,30,34,28,31,22,26,20,30,12,33,13,29,5,22,8,29,-1,27,-5,27,-13,31,-18,32,-21,35,-26,42,-29,42,-31,49,-33,49,-30,51,-29,49,-27,52,-33,47,-33,50,-38,47,-38,54,-35,54,-40,58,-38,60,-33,52,-34,56,-37,55,-36,58,-31,57,-33,59,-26,58,-25,58,-23,58,-18,55,-14,58,-10,49,-13,48,-6,48,-14,45,-10,46,-10,44,-12,46,-11,0,0,0,0,0,0,0,0,0,0,0,0,0,0,0,0,0,0,0,0,0,0,-45,-30,-39,-30,-38,-35,-39,-36,-35,-34,-36,-35,-35,-33,-41,-37,-43,-37,-43,-40,-44,-47,-42,-44,-38,-48,-37,-48,-36,-50,-40,-44,-39,-48,-35,-48,-41,-48,-38,-50,-34,-53,-35,-50,-32,-52,-28,-41,-31,-42,-27,-38,-32,-36,-26,-34,-28,-29,-36,-27,-33,-27,-35,-24,-38,-21,-38,-15,-41,-17,-38,-16,-42,-14,-38,-14,-40,-10,-39,-8,-49,-5,-41,-2,-47,-1,-46,-1,-39,4,-49,-3,-43,7,-39,6,-41,11,-38,16,-34,18,-36,27,-37,24,-43,31,-41,36,-49,35,-41,34,0,0]",1
CSI_DATA,62692,1a:00:00:00:00:00,-37,11,1,0,1,1,1,0,0,0,1,-98,0,11,2,841776021,0,44,0,384,0,"[0,0,0,0,0,0,0,0,0,0,0,0,5,-9,5,-9,5,-9,5,-9,5,-9,4,-9,4,-9,4,-8,4,-8,3,-8,3,-7,2,-7,1,-6,1,-6,0,-6,-1,-6,-2,-5,-3,-5,-4,-6,-5,-6,-6,-7,-7,-8,-7,-8,-7,-9,-7,-9,-7,-9,0,0,-7,-9,-8,-9,-8,-9,-8,-10,-8,-9,-9,-10,-8,-10,-8,-10,-8,-10,-8,-11,-8,-10,-8,-11,-7,-11,-7,-11,-6,-11,-6,-11,-5,-11,-5,-10,-4,-10,-4,-10,-3,-10,-3,-9,-4,-9,-4,-8,-3,-8,-3,-8,0,0,0,0,0,0,0,0,0,0,0,0,0,0,-57,11,-56,9,-58,12,-52,15,-53,14,-53,21,-49,14,-54,18,-45,19,-50,17,-47,15,-42,14,-37,18,-41,19,-37,21,-31,16,-28,20,-22,21,-22,28,-15,22,-11,31,-4,29,1,37,3,36,-3,45,3,49,-2,54,1,57,0,55,0,54,2,56,2,58,6,58,9,64,7,57,6,66,5,68,-1,67,1,64,1,66,1,65,6,67,-3,67,1,66,-4,68,-6,66,-9,67,-10,57,-15,56,-16,47,-13,46,-14,51,-14,45,-10,43,-9,44,-14,39,-17,41,0,0,0,0,0,0,0,0,0,0,0,0,0,0,0,0,0,0,0,0,0,0,44,-20,46,-22,42,-20,48,-19,47,-16,49,-18,45,-15,47,-15,48,-19,52,-18,57,-19,53,-14,60,-16,54,-12,58,-10,53,-14,57,-17,58,-16,62,-13,58,-9,61,-7,56,-4,50,-8,47,-10,52,-9,42,-11,46,-14,42,-13,43,-16,44,-20,34,-18,39,-21,39,-26,36,-29,38,-29,34,-28,31,-27,31,-32,27,-31,27,-38,23,-36,22,-39,19,-40,24,-42,19,-41,15,-43,15,-41,18,-37,7,-47,5,-40,-1,-43,-5,-47,-10,-48,-10,-51,-9,-52,-12,-55,-6,-57,0,0]",1
CSI_DATA,62693,1a:00:00:00:00:00,-37,11,1,0,1,1,1,0,0,0,1,-98,0,11,2,841786023,0,44,0,384,0,"[0,0,0,0,0,0,0,0,0,0,0,0,-11,-2,-11,-2,-11,-2,-11,-2,-10,-2,-10,-2,-10,-1,-9,-1,-9,-1,-9,-1,-8,-1,-8,0,-7,0,-6,0,-6,1,-5,2,-5,3,-4,4,-4,5,-4,6,-5,7,-5,8,-6,8,-6,8,-6,9,-6,9,0,0,-6,9,-6,9,-6,9,-7,10,-6,10,-7,10,-8,10,-8,10,-8,10,-8,9,-8,10,-8,9,-8,9,-8,9,-9,8,-9,8,-9,7,-9,7,-8,6,-8,5,-8,5,-8,5,-7,5,-7,4,-7,4,-7,4,0,0,0,0,0,0,0,0,0,0,0,0,0,0,24,54,26,55,26,47,26,47,27,49,29,48,31,46,19,44,29,41,30,39,27,39,29,39,27,34,27,34,26,31,27,30,26,19,24,19,28,14,28,9,30,4,32,-6,36,-4,36,-9,41,-7,49,-12,49,-9,56,-14,55,-11,59,-13,56,-13,60,-10,57,-14,55,-15,60,-18,56,-13,60,-12,65,-18,67,-11,68,-8,67,-4,63,-10,68,-7,69,-11,67,0,66,-3,60,3,64,4,55,5,55,8,51,8,52,9,49,5,44,8,45,7,41,7,43,12,0,0,0,0,0,0,0,0,0,0,0,0,0,0,0,0,0,0,0,0,0,0,-41,-32,-36,-33,-32,-38,-30,-39,-33,-38,-33,-37,-33,-38,-35,-40,-38,-41,-37,-44,-34,-46,-31,-51,-34,-49,-30,-52,-27,-49,-30,-49,-34,-49,-32,-51,-29,-51,-26,-50,-25,-52,-24,-51,-27,-51,-26,-46,-26,-44,-27,-42,-26,-40,-27,-36,-30,-39,-34,-32,-34,-30,-37,-32,-35,-29,-37,-28,-36,-26,-35,-27,-43,-24,-43,-19,-40,-18,-42,-19,-38,-13,-45,-14,-48,-13,-45,-7,-47,-9,-50,-8,-49,-7,-42,-7,-40,2,-43,3,-40,7,-42,13,-46,16,-51,15,-52,27,-53,23,-55,22,0,0]",1
CSI_DATA,62694,1a:00:00:00:00:00,-36,11,1,0,1,1,1,0,0,0,1,-98,0,11,2,841796025,0,44,0,384,0,"[0,0,0,0,0,0,0,0,0,0,0,0,0,10,1,10,1,9,1,9,1,9,1,9,1,9,1,9,1,8,1,7,1,7,1,7,1,6,2,5,2,4,3,3,4,3,5,2,6,2,7,2,8,2,8,2,8,3,9,3,9,3,9,3,0,0,10,4,10,3,10,3,10,3,11,4,11,4,11,4,11,5,11,5,10,5,10,5,10,6,10,6,10,6,9,6,9,6,8,6,8,6,7,6,6,6,6,6,6,6,5,6,5,5,5,6,5,6,0,0,0,0,0,0,0,0,0,0,0,0,0,0,36,-42,43,-41,33,-40,36,-44,41,-42,35,-43,38,-40,33,-44,33,-43,28,-40,29,-42,27,-37,27,-41,24,-38,18,-35,15,-33,14,-32,12,-35,7,-27,1,-31,-5,-29,-10,-34,-14,-33,-22,-35,-22,-39,-23,-45,-21,-44,-24,-47,-25,-49,-27,-53,-24,-49,-28,-53,-23,-57,-29,-51,-32,-57,-28,-56,-28,-59,-28,-58,-24,-64,-27,-59,-27,-68,-25,-63,-23,-62,-20,-61,-22,-62,-21,-59,-12,-60,-13,-62,-7,-58,-8,-53,-2,-52,-2,-47,-6,-46,-1,-46,0,-44,0,-43,-2,-43,0,0,0,0,0,0,0,0,0,0,0,0,0,0,0,0,0,0,0,0,0,0,-9,47,-14,44,-15,47,-18,46,-20,42,-19,40,-24,43,-20,44,-20,46,-22,49,-28,49,-30,51,-31,48,-30,48,-31,46,-29,47,-30,45,-32,48,-31,44,-35,45,-33,41,-35,44,-32,40,-32,42,-26,32,-22,42,-19,40,-17,37,-18,41,-16,42,-10,43,-14,43,-10,42,-16,39,-10,43,-10,41,-8,46,-1,45,-3,43,1,43,3,43,11,45,6,45,6,44,9,43,18,45,13,40,16,41,19,40,22,40,27,38,29,37,29,38,33,38,37,35,39,41,42,45,0,0]",1
CSI_DATA,62695,1a:00:00:00:00:00,-37,11,1,0,1,1,1,0,0,0,1,-98,0,11,2,841816025,0,44,0,384,0,"[0,0,0,0,0,0,0,0,0,0,0,0,-7,-9,-7,-9,-7,-8,-7,-8,-7,-8,-7,-8,-7,-8,-7,-7,-7,-7,-6,-6,-7,-6,-6,-5,-6,-5,-6,-4,-6,-3,-6,-2,-6,-1,-6,0,-7,1,-8,1,-8,2,-9,3,-10,3,-11,3,-11,2,-11,3,0,0,-12,3,-12,3,-11,3,-12,3,-12,3,-13,3,-13,2,-13,2,-13,2,-12,2,-12,2,-13,1,-13,1,-13,1,-12,1,-12,0,-12,-1,-11,-1,-11,-1,-10,-1,-10,-2,-9,-2,-9,-1,-8,-1,-9,-2,-9,-2,0,0,0,0,0,0,0,0,0,0,0,0,0,0,-27,57,-25,46,-24,56,-26,52,-21,56,-23,52,-17,47,-16,49,-14,46,-13,45,-13,47,-16,45,-12,45,-7,45,-4,40,-6,36,1,37,2,32,2,31,10,31,15,27,18,26,23,23,25,25,29,28,38,31,38,35,38,34,41,37,45,36,43,33,45,41,43,38,47,38,44,39,47,42,47,41,42,46,41,51,44,46,41,46,47,45,44,46,44,50,43,48,35,48,32,49,33,52,21,48,25,44,23,45,18,42,18,42,17,42,17,35,16,34,16,38,0,0,0,0,0,0,0,0,0,0,0,0,0,0,0,0,0,0,0,0,0,0,-10,-48,-4,-48,-6,-48,-2,-46,1,-47,0,-47,4,-48,1,-50,-2,-56,2,-53,4,-55,5,-59,7,-58,7,-58,12,-54,9,-50,9,-57,10,-56,13,-58,13,-51,12,-54,11,-51,10,-52,7,-47,9,-47,2,-48,2,-50,0,-47,0,-49,-5,-47,-5,-47,-8,-46,-4,-47,-7,-46,-12,-49,-12,-45,-12,-47,-15,-48,-21,-46,-21,-43,-19,-44,-25,-38,-26,-43,-27,-37,-27,-39,-37,-36,-29,-38,-27,-36,-35,-38,-38,-31,-38,-28,-45,-26,-43,-28,-50,-27,-53,-26,-52,-26,-55,-24,0,0]",1
CSI_DATA,62696,1a:00:00:00:00:00,-37,11,1,0,1,1,1,0,0,0,1,-98,0,11,2,841826025,0,44,0,384,0,"[0,0,0,0,0,0,0,0,0,0,0,0,-7,8,-7,8,-6,8,-6,8,-6,8,-5,8,-5,7,-5,7,-5,7,-4,7,-4,7,-4,6,-3,6,-2,5,-1,5,0,5,1,5,2,5,3,5,4,5,4,6,5,7,5,8,5,8,5,9,5,9,0,0,5,9,6,9,6,9,6,10,6,10,6,10,5,10,5,10,5,10,5,11,4,10,4,11,4,11,4,10,3,11,3,10,2,10,2,10,1,9,1,9,0,9,0,8,0,8,0,7,0,7,0,7,0,0,0,0,0,0,0,0,0,0,0,0,0,0,60,-10,57,-6,58,-11,50,-11,50,-15,48,-14,49,-11,54,-12,44,-13,48,-17,43,-18,45,-16,43,-19,35,-18,37,-18,33,-20,30,-16,26,-19,24,-20,16,-21,12,-27,13,-29,4,-35,1,-37,4,-42,1,-46,6,-49,3,-53,7,-54,6,-60,4,-53,6,-61,4,-56,4,-62,5,-59,5,-61,4,-64,12,-60,9,-64,12,-60,12,-65,12,-61,10,-64,13,-65,19,-65,16,-54,20,-56,26,-54,22,-48,23,-48,22,-44,23,-39,25,-39,25,-41,18,-36,19,-38,22,-38,0,0,0,0,0,0,0,0,0,0,0,0,0,0,0,0,0,0,0,0,0,0,-27,40,-32,34,-35,31,-36,30,-35,28,-37,29,-36,29,-39,30,-39,34,-42,31,-48,29,-46,29,-47,27,-50,25,-51,26,-45,26,-54,24,-52,26,-53,27,-50,24,-53,24,-48,20,-46,20,-46,22,-39,23,-43,23,-34,25,-38,27,-34,24,-36,28,-36,32,-36,34,-33,32,-34,31,-32,36,-32,39,-32,38,-25,37,-28,39,-20,37,-21,39,-15,40,-16,44,-16,40,-13,48,-8,48,-11,42,-7,46,-7,45,-4,44,-3,53,0,51,-3,51,5,49,11,55,12,59,9,58,0,0]",1
